  -90  0  2500  0  0  0  1  0
  0  0  0  0  1  0  1  0
  90  0  0  0  0  1  0  1
  45  0  2000  0  1  1  0
  -45  0  1500  45  1  0  1  0
  10  0  2500  0  0  0  1  0
  30  0  0  45  1  0  1  0
  -50  0  2500  0  0  1  0  0
  180  0  0  0  0  1  1  0  
  270  0  2500  0  1  0  0  1
  60  0  500  -45  0  1  1  0 
  -60  0  2500  0  0  1  0  0
  0  0  0  2500  1  0  0  0
  90  0  0  0  0  1  0  1
  45  0  2000  0  1  1  0
  -45  0  1500  45  1  0  1  0
  10  0  2500  0  0  0  1  0
  30  0  0  45  1  0  1  0
  -50  0  2500  0  0  1  0  0
  180  0  0  0  0  1  1  0  
  270  0  2500  0  1  0  0  1
  60  0  500  -45  0  1  1  0 
  -90  0  2500  0  0  0  1  0
  0  0  0  0  1  0  1  0
  90  0  0  0  0  1  0  1
  45  0  2000  0  1  1  0
  -45  0  1500  45  1  0  1  0
  10  0  2500  0  0  0  1  0
  30  0  0  45  1  0  1  0
  -50  0  2500  0  0  1  0  0
  180  0  0  0  0  1  1  0  
  270  0  2500  0  1  0  0  1
  60  0  500  -45  0  1  1  0 
  -90  0  2500  0  0  0  1  0
  0  0  0  0  1  0  1  0
  90  0  0  0  0  1  0  1
  45  0  2000  0  1  1  0
  -45  0  1500  45  1  0  1  0
  10  0  2500  0  0  0  1  0
  30  0  0  45  1  0  1  0
  -50  0  2500  0  0  1  0  0
  180  0  0  0  0  1  1  0  
  270  0  2500  0  1  0  0  1
  60  0  500  -45  0  1  1  0 
  -90  0  2500  0  0  0  1  0
  0  0  0  0  1  0  1  0
  90  0  0  0  0  1  0  1
  45  0  2000  0  1  1  0
  -45  0  1500  45  1  0  1  0
  10  0  2500  0  0  0  1  0
  30  0  0  45  1  0  1  0
  -50  0  2500  0  0  1  0  0
  180  0  0  0  0  1  1  0  
  270  0  2500  0  1  0  0  1
  60  0  500  -45  0  1  1  0 