---##E#E#######G#######H######III-------
--E------------------------------I------
-#-------------------------------I------
D------e#######g#######h######i--I------
#-----d------LLL######K#######j--J------
C----c------L--------------------J------
#----#------L--------------------J------
#----#------L--l######k#######JJJ-------
#----#------M--m#########N#N#######-----
B----b------M----------------N----------
#----#------M-----------------N---------
#----#-------MMM#########n-----N--------
#----#-------------------#-----#--------
#----#-------------------#-----#--------
A----a-------------------#-----#--------
#----#-------------------#-----#--------
#----#-------------------#-----#--------
#----#-------------------#-----#--------
F----f-------------------o-----O##------
#----#-------------------#--------p##---
#----#-------------------P----------Q---
#----#-------------------##P---------#--
X----x----------------------#P#q------#-
#----#-------------#############r-----R-
#----#------U####U#####T#######s------#-
#----#-----U--------------------------R-
#----#----7--------------------------R--
W----w#-#8-------u#####t#######S####R---
#------v--------7-----------------------
V--------------8------------------------
#-------------V-------------------------
-V##V##V##V###--------------------------
----------------------------------------
----------------------------------------
----------------------------------------
----------------------------------------
----------------------------------------
----------------------------------------
----------------------------------------
----------------------------------------
  1  15
  1  10
  1  6
  1  4
  3  2
  6  1
  8  1
  16  1
  24  1
  31  1
  32  1
  33  1
  34  2
  34  3
  34  4
  34  5
  34  6
  34  7
  33  8
  32  8
  31  8
  23  5
  16  5
  15  5
  14  5
  13  6
  13  7
  13  8
  13  9
  13  10
  13  11
  14  12
  15  12
  16  12
  26  9
  28  9
  30  10
  31  11
  32  12
  32  19
  26  21
  28  22
  30  23
  37  22
  39  24
  39  26
  38  27
  37  28
  32  28
  24  25
  18  25
  13  25
  12  26
  17  29
  16  30
  15  31
  11  32
  8  32
  5  32
  2  32
  1  30
  1  28
  1  23
  1  19
  