---##E#E#######G#######H######I#I#I-----
--E--------------------------------I----
-#----------------------------------I---
D------e#######g#######h######i------I##
#-----d----L#L#L######K#######j------J##
C----c----L-------------------------J---
#----#---L-------------------------J----
#----#--L------l######k#######J#J#J-----
#----#--M------m#########N#N#######-----
B----b---M-------------------N----------
#----#----M-------------------N---------
#----#-----M#M#M#########n-----N--------
#----#------------------1-----N---------
#----#-----------------2-----1----------
A----a----------------3-----2-----------
#----#---------------4-----3------------
#----#--------------5-----4-------------
#----#-------------6-----5--------------
F----f------------O-----6#Q#Q#Q#Q#Q-----
#----#-----------#-----o##---------#----
#----#-----------O------p-----------Q---
#----#-----------#-------------------#--
X----x------------P---------P##q------#-
#----#-------------#P###P##P####r-----R-
#----#------U###U######T#######s------#-
#----#-----U--------------------------R-
#----#----7--------------------------R--
W----w#-#8-------u#####t#######S####R---
#------v--------7-----------------------
V--------------8------------------------
#-------------V-------------------------
-V##V##V##V###--------------------------
----------------------------------------
----------------------------------------
----------------------------------------
----------------------------------------
----------------------------------------
----------------------------------------
----------------------------------------
----------------------------------------
  1  15
  1  10
  1  6 
  1  4 
  3  2 
  6  1
  8  1
  16  1
  24  1
  31  1
  33  1
  35  1
  36  2
  37  3
  38  4
  38  5
  37  6
  36  7 
  35  8 
  33  8
  31  8
  23  5 
  16  5
  14  5
  12  5
  11  6 
  10  7 
  9  8 
  9  9 
  10  10 
  11  11
  12  12
  14  12
  16  12
  26  9 
  28  9
  30  10
  31  11 
  32  12 
  31  13
  30  14
  29  15
  28  16 
  27  17
  26  18
  29  19
  19  19
  18  21
  19  23 
  25  24 
  28  24 
  29  23 
  27  19 
  29  19
  31  19
  33  19
  35  19 
  37  21 
  39  24 
  39  26 
  38  27 
  37  28 
  32  28 
  24  25 
  17  25 
  13  25 
  12  26 
  17  29 
  16  30
  15  31
  11  32
  8  32
  5  32 
  2  32
  1  30
  1  28
  1  23
  1  19 
  