---###EE#######G#######H######III-------
--#------------------------------I------
-E-------------------------------I------
D------e#######g#######h######i--I------
#-----d------LLL######K#######j--J------
C----c------L--------------------J------
#----#------L--------------------J------
#----#------L--l######k#######JJJ-------
#----#------M--m#########N#N#######-----
B----b------M----------------N----------
#----#------M-----------------N---------
#----#-------MMM#########n----N---------
#----#-------------------#----#---------
#----#-------------------#----#---------
A----a-------------------#----#---------
#----#-------------------#----#---------
#----#-------------------#----#---------
#----#-------------------#----#---------
F----f-------------------o----O---------
#----#-------------------#----#---------
#----#-------------------#----#---------
#----#-------------------#----#---------
X----x-------------------q----Q---------
#----#-------------#######----#---------
#----#-----U#U###########p----#---------
#----#----U-------------------P---------
#----#---U-------------------P----------
W----w#-#U---u###########P#P#-----------
W-----#v#----#--------------------------
#------------V--------------------------
V------------#--------------------------
#------------#--------------------------
-V##V##V##V##---------------------------
----------------------------------------
----------------------------------------
----------------------------------------
----------------------------------------
----------------------------------------
----------------------------------------
----------------------------------------
----------------------------------------
  1  15
  1  10
  1  6
  1  4
  2  3
  7  1
  8  1
  16  1
  24  1
  31  1
  32  1
  33  1
  34  2
  34  3
  34  4
  34  5
  34  6
  34  7
  33  8
  32  8
  31  8
  23  5
  16  5
  15  5
  14  5
  13  6
  13  7
  13  8
  13  9
  13  10
  13  11
  14  12
  15  12
  16  12
  26  9
  28  9
  30  10
  31  11
  31  12
  31  19
  31  23
  31  26
  30  27
  28  28
  26  28
  14  25
  12  25
  11  26
  10  27
  10  28
  14  30
  11  33
  8  33
  5  33
  2  33
  1  31
  1  29
  1  28
  1  23
  1  19
  