0.869035   0.245539   0.458419   0.461269   0.945083   0.077791   0.092426   0.999723
0.878296   0.617800   0.370982   0.475568   0.942449   0.056062   0.059798   0.903884
0.857941   0.453434   0.483331   0.847318   0.935832   0.000445   0.089949   0.933152
0.916639   0.159762   0.504989   0.241253   0.918081   0.081489   0.032517   0.945928
0.872953   0.531964   0.245160   0.479011   0.993371   0.046983   0.024582   0.969771
0.205584   0.645236   0.154032   0.780721   0.984009   0.178192   0.990568   0.145566
0.814039   0.311478   0.616882   0.292519   0.931570   0.072684   0.069207   0.936284
0.537755   0.732073   0.392447   0.257809   0.150419   0.962232   0.984348   0.160732
0.896217   0.946188   0.390142   0.872860   0.959286   0.037218   0.059987   0.978388
0.706264   0.485874   0.780900   0.397209   0.101166   0.903482   0.967431   0.105727
0.584796   0.322340   0.095328   0.890147   0.125317   0.927521   0.983852   0.101037
0.812738   0.291519   0.272206   0.822930   0.983798   0.075296   0.007267   0.927354
0.428789   0.408469   0.571247   0.942146   0.971731   0.165881   0.941484   0.111490
0.641109   0.634624   0.528298   0.519650   0.166786   0.987691   0.922361   0.186441
0.457869   0.960243   0.055808   0.107770   0.195544   0.946993   0.993463   0.133707
0.360723   0.595315   0.858245   0.865303   0.952364   0.145886   0.039080   0.103285
0.066556   0.648029   0.827715   0.594717   0.107317   0.983744   0.121227   0.968578
0.404252   0.801151   0.773326   0.083889   0.105107   0.026764   0.969741   0.161668
0.217174   0.771253   0.691837   0.412446   0.957081   0.152384   0.996157   0.103600
0.740833   0.209554   0.698005   0.643411   0.160789   0.952147   0.949935   0.112369
0.853056   0.128282   0.158536   0.738321   0.959162   0.075989   0.059106   0.969171
0.548751   0.948411   0.551570   0.487113   0.123994   0.917343   0.903022   0.146317
0.295419   0.910232   0.546650   0.481706   0.913632   0.172168   0.961914   0.152570
0.121901   0.460154   0.927116   0.075128   0.119401   0.986224   0.179963   0.990787
0.663324   0.441080   0.854769   0.822181   0.182614   0.915129   0.075134   0.182935
0.396183   0.870714   0.212087   0.263540   0.126386   0.074782   0.915452   0.175229
0.884528   0.706502   0.862733   0.571966   0.988675   0.040572   0.018870   0.947589
0.073813   0.708946   0.489114   0.956424   0.122962   0.935385   0.159236   0.996890
0.192255   0.111450   0.318323   0.464249   0.188672   0.907441   0.137226   0.921251
0.254362   0.310259   0.369835   0.246879   0.197969   0.953394   0.179932   0.921456
0.300065   0.104232   0.774020   0.504154   0.948823   0.012310   0.199151   0.915577
0.517544   0.335127   0.518354   0.085801   0.015884   0.067364   0.956242   0.131366
0.482873   0.821571   0.694728   0.275522   0.157489   0.902962   0.955852   0.176345
0.671794   0.840571   0.411698   0.299251   0.000469   0.983337   0.039696   0.978700
0.349037   0.580091   0.380456   0.544745   0.967621   0.170517   0.991471   0.154729
0.859638   0.755418   0.454480   0.421546   0.912973   0.094978   0.003680   0.952665
0.688574   0.416292   0.428881   0.406497   0.164354   0.952278   0.913315   0.147917
0.328921   0.741382   0.810741   0.090982   0.167562   0.010740   0.089603   0.162055
0.390431   0.403103   0.208710   0.819959   0.947944   0.136459   0.984901   0.183760
0.592661   0.590118   0.869489   0.531946   0.138224   0.937328   0.002339   0.175922
0.360762   0.865667   0.370590   0.878016   0.138704   0.032551   0.960523   0.125591
0.555358   0.878687   0.909942   0.593612   0.956641   0.195441   0.053204   0.125241
0.757876   0.187429   0.311101   0.492588   0.152630   0.923574   0.936121   0.132434
0.227314   0.523693   0.146994   0.407607   0.976762   0.138492   0.984176   0.100625
0.401260   0.178866   0.359791   0.537702   0.953753   0.050348   0.188206   0.933451
0.098544   0.150068   0.169123   0.991835   0.119448   0.901708   0.192691   0.966064
0.592253   0.653202   0.648305   0.517717   0.195652   0.911590   0.966381   0.134151
0.548582   0.556485   0.292203   0.271962   0.073105   0.023888   0.997920   0.148262
0.869419   0.282484   0.324577   0.288596   0.957174   0.008248   0.068852   0.998407
0.288527   0.587142   0.569745   0.485652   0.991700   0.139030   0.998759   0.171118
0.826179   0.551795   0.548154   0.099982   0.918057   0.041639   0.004266   0.915277
0.453839   0.789769   0.729636   0.568821   0.163798   0.986345   0.931428   0.184173
0.509392   0.103909   0.445469   0.937658   0.091170   0.119937   0.948776   0.142315
0.646376   0.575293   0.164962   0.431850   0.123365   0.961446   0.963808   0.141172
0.522466   0.355575   0.071250   0.090531   0.021114   0.058805   0.934133   0.193477
0.947768   0.649662   0.417589   0.481874   0.974569   0.042600   0.097519   0.968404
0.912235   0.523925   0.385704   0.913029   0.947559   0.087597   0.073033   0.957796
0.433510   0.697813   0.606622   0.104768   0.908665   0.136409   0.945015   0.123720
0.014767   0.593828   0.870671   0.620129   0.173040   0.948719   0.194734   0.990138
0.436439   0.146379   0.088855   0.925510   0.979092   0.011741   0.177991   0.907339
0.057072   0.474393   0.798382   0.635169   0.139192   0.916302   0.137101   0.950369
0.328000   0.400471   0.594581   0.568670   0.934020   0.185148   0.932677   0.143663
0.695767   0.254390   0.227015   0.500791   0.147276   0.095907   0.917241   0.166613
0.143303   0.173513   0.013202   0.705135   0.106193   0.962351   0.144621   0.922761
0.140782   0.447859   0.609054   0.797134   0.110439   0.922574   0.103085   0.993511
0.266426   0.285873   0.470359   0.698585   0.116467   0.955957   0.162618   0.966874
0.339850   0.366725   0.422812   0.445283   0.991559   0.145154   0.996987   0.186558
0.498592   0.026953   0.136286   0.285188   0.976226   0.110462   0.950273   0.122968
0.978026   0.470492   0.545032   0.040676   0.966163   0.052565   0.002237   0.919507
0.137168   0.491855   0.317055   0.326416   0.131565   0.988758   0.175960   0.954340
0.388762   0.196259   0.189040   0.815245   0.955342   0.019316   0.182850   0.962490
0.164330   0.410354   0.438397   0.559077   0.196930   0.930452   0.182184   0.949356
0.649286   0.706547   0.192939   0.794668   0.064793   0.934670   0.082113   0.961303
0.289001   0.272221   0.956574   0.484638   0.142902   0.928115   0.196751   0.989112
0.409885   0.181496   0.403309   0.344582   0.900686   0.010590   0.132867   0.904009
0.079960   0.168602   0.493541   0.279182   0.106314   0.998666   0.119418   0.960147
0.108737   0.427779   0.926383   0.762988   0.184795   0.947717   0.149604   0.936048
0.827019   0.227646   0.777225   0.321036   0.958637   0.083323   0.091104   0.921508
0.343109   0.976676   0.414638   0.800858   0.117381   0.020493   0.973469   0.188028
0.738191   0.476713   0.484165   0.737250   0.173100   0.961763   0.919131   0.178144
0.643791   0.721632   0.183355   0.570019   0.029907   0.911512   0.007355   0.910137
0.168675   0.335758   0.504242   0.271470   0.188752   0.961576   0.190573   0.953568
0.779484   0.383130   0.257182   0.330082   0.174212   0.959765   0.962182   0.106802
0.460213   0.106983   0.960872   0.217689   0.958995   0.170105   0.028972   0.105037
0.072755   0.812327   0.443414   0.266225   0.182967   0.933395   0.188723   0.958308
0.762466   0.168402   0.866106   0.159118   0.149014   0.901182   0.968139   0.125818
0.692033   0.570094   0.703987   0.799777   0.199739   0.953107   0.945396   0.168294
0.310838   0.364062   0.510495   0.779850   0.978708   0.109686   0.965774   0.190256
0.630681   0.521962   0.630165   0.435576   0.181148   0.947717   0.957078   0.198546
0.884860   0.442811   0.875605   0.406617   0.902078   0.032032   0.088777   0.985297
0.215680   0.648150   0.087894   0.238273   0.915207   0.196172   0.957737   0.106229
0.152734   0.577506   0.693110   0.517064   0.194727   0.902962   0.171286   0.902254
0.174289   0.546252   0.652327   0.797974   0.187310   0.984436   0.102157   0.979026
0.871610   0.188479   0.468553   0.250531   0.994628   0.002407   0.065930   0.951288
0.925041   0.687363   0.792459   0.236841   0.964851   0.000407   0.035789   0.991980
0.339390   0.331015   0.548845   0.874471   0.988403   0.146380   0.924576   0.146524
0.909235   0.490702   0.670055   0.205176   0.941138   0.030084   0.067303   0.994602
0.181489   0.396060   0.909651   0.721138   0.170568   0.913758   0.125038   0.997164
0.163874   0.034727   0.824204   0.600312   0.112425   0.945888   0.180528   0.998072
0.679227   0.781642   0.656103   0.276168   0.051551   0.914444   0.085995   0.916702
0.214571   0.632370   0.502930   0.657662   0.911105   0.187603   0.960861   0.123035
0.472800   0.117722   0.294867   0.971432   0.027533   0.147973   0.960514   0.157937
0.717465   0.475263   0.217463   0.436066   0.189280   0.968170   0.961346   0.101895
0.642585   0.946242   0.689780   0.861095   0.035643   0.982262   0.187142   0.915684
0.787774   0.122602   0.331227   0.299762   0.108593   0.901357   0.952166   0.107701
0.017966   0.423092   0.777849   0.058970   0.173666   0.954905   0.168724   0.915312
0.476894   0.066430   0.394943   0.496150   0.934636   0.137011   0.957018   0.151036
0.897577   0.494820   0.087967   0.691198   0.929861   0.062658   0.026895   0.986362
0.359051   0.214702   0.869049   0.402591   0.062321   0.170045   0.070409   0.165368
0.599063   0.967352   0.185070   0.397384   0.088616   0.956452   0.104986   0.969241
0.092716   0.874671   0.872199   0.713709   0.168894   0.998474   0.195216   0.919946
0.622185   0.199098   0.843088   0.242528   0.177290   0.076371   0.080064   0.109839
0.691423   0.184162   0.720294   0.226884   0.165103   0.088614   0.921122   0.172223
0.628664   0.251716   0.063210   0.684377   0.176330   0.032355   0.969420   0.159390
0.930897   0.906049   0.053175   0.361150   0.998681   0.001992   0.036112   0.987546
0.732364   0.124044   0.103494   0.261704   0.194434   0.916245   0.972946   0.155426
0.771117   0.763390   0.335656   0.443640   0.971813   0.119417   0.137090   0.999788
0.146389   0.186515   0.406754   0.721527   0.167865   0.984940   0.163693   0.904695
0.452319   0.548314   0.038961   0.089949   0.036256   0.033781   0.932957   0.107461
0.823678   0.146817   0.127514   0.126159   0.999986   0.035530   0.058431   0.912322
0.233971   0.179059   0.042129   0.705964   0.107017   0.901756   0.153149   0.965095
0.755727   0.198111   0.173956   0.211087   0.112975   0.907851   0.968640   0.161131
0.728902   0.827990   0.068933   0.705684   0.966932   0.115711   0.180608   0.914933
0.231228   0.837607   0.668992   0.848949   0.931253   0.104828   0.960709   0.168452
0.189410   0.676077   0.122844   0.927125   0.143857   0.969238   0.107677   0.988832
0.880844   0.019083   0.689253   0.460863   0.992923   0.099587   0.086992   0.923885
0.516042   0.858072   0.273093   0.442223   0.102560   0.972873   0.980180   0.158860
0.768204   0.159589   0.176870   0.662396   0.130523   0.976138   0.981989   0.117181
0.714305   0.493756   0.917478   0.330899   0.158897   0.961358   0.957272   0.116445
0.253966   0.310370   0.414455   0.776610   0.189844   0.944277   0.184002   0.906420
0.146209   0.048528   0.296505   0.386888   0.146562   0.924258   0.118979   0.971022
0.506069   0.921491   0.946674   0.273305   0.189220   0.950291   0.964724   0.146901
0.856850   0.198129   0.657898   0.904560   0.968003   0.037129   0.080838   0.967824
0.171504   0.726152   0.647472   0.884000   0.163739   0.916177   0.187205   0.944378
0.314699   0.624166   0.333357   0.610702   0.998837   0.101932   0.939645   0.187258
0.841933   0.256765   0.361932   0.291790   0.919696   0.024449   0.000069   0.977017
0.663276   0.553931   0.632780   0.923317   0.197875   0.971268   0.940708   0.128601
0.576947   0.926171   0.348479   0.088023   0.013877   0.904755   0.191625   0.935508
0.343649   0.868670   0.217094   0.161705   0.132308   0.069411   0.912148   0.108975
0.745926   0.875280   0.625978   0.692722   0.998944   0.186387   0.157661   0.985642
0.685645   0.569421   0.884433   0.739965   0.100039   0.973490   0.014636   0.178795
0.564127   0.523538   0.794120   0.595214   0.141535   0.937208   0.956889   0.106504
0.584446   0.819696   0.444496   0.222228   0.059118   0.953077   0.013433   0.919810
0.163058   0.121152   0.129424   0.819562   0.196638   0.983344   0.191811   0.924546
0.279315   0.384574   0.857486   0.871800   0.198305   0.938576   0.188060   0.920343
0.703055   0.235281   0.393169   0.566089   0.145458   0.991046   0.901657   0.177994
0.370734   0.583460   0.890277   0.722753   0.927414   0.165951   0.054526   0.109192
0.450331   0.135475   0.395764   0.393529   0.973398   0.193721   0.917304   0.111303
0.628840   0.831003   0.356515   0.446121   0.007810   0.960075   0.040761   0.938941
0.396168   0.109263   0.912869   0.547814   0.070657   0.137643   0.081880   0.193571
0.778340   0.373679   0.097547   0.814406   0.121772   0.969370   0.982970   0.104677
0.866790   0.770637   0.310409   0.691238   0.902681   0.076270   0.030330   0.982366
0.959901   0.352612   0.349201   0.113480   0.918685   0.052871   0.000344   0.993150
0.310528   0.585936   0.415720   0.424668   0.930015   0.161566   0.955726   0.124589
0.743780   0.715733   0.402510   0.982769   0.985004   0.146043   0.170032   0.916012
0.170376   0.318483   0.455140   0.892536   0.195219   0.969199   0.151779   0.920016
0.123988   0.880271   0.563278   0.176495   0.160040   0.961523   0.124516   0.993616
0.665902   0.275729   0.202559   0.221722   0.192773   0.043264   0.966506   0.139266
0.505626   0.693981   0.263015   0.896579   0.073494   0.015593   0.994160   0.135787
0.680607   0.957007   0.645973   0.487065   0.063443   0.937309   0.160010   0.958944
0.718601   0.667502   0.579700   0.567292   0.941696   0.153631   0.156868   0.987672
0.684799   0.379613   0.589146   0.103440   0.199046   0.965091   0.906117   0.196492
0.111740   0.859135   0.879275   0.227733   0.153232   0.949996   0.157279   0.963153
0.177566   0.357357   0.126897   0.243567   0.101383   0.926374   0.171386   0.942653
0.341168   0.391820   0.505016   0.948613   0.924515   0.136841   0.986057   0.143058
0.846396   0.367846   0.920785   0.545464   0.984099   0.025209   0.002218   0.993819
0.230536   0.983217   0.094346   0.642870   0.991283   0.156687   0.985759   0.105863
0.286366   0.404104   0.208481   0.318718   0.192434   0.983359   0.147473   0.982879
0.044806   0.775475   0.564351   0.537940   0.128415   0.946612   0.177180   0.914457
0.145382   0.168997   0.555252   0.158703   0.193749   0.902724   0.120928   0.914575
0.171411   0.134933   0.215206   0.938153   0.126574   0.940246   0.141169   0.919445
0.330928   0.552557   0.219324   0.151356   0.957126   0.144544   0.958486   0.120138
0.526810   0.557827   0.300695   0.431851   0.017201   0.033043   0.990337   0.145886
0.566639   0.825127   0.410137   0.637774   0.055419   0.921540   0.095512   0.920490
0.355805   0.603595   0.939545   0.294096   0.968410   0.183401   0.087623   0.185381
0.881816   0.750428   0.397048   0.460646   0.981406   0.022638   0.009604   0.992722
0.046842   0.672126   0.785906   0.110729   0.199860   0.921227   0.150650   0.945796
0.695429   0.746298   0.153646   0.434705   0.018122   0.980271   0.015535   0.931259
0.164604   0.315431   0.424103   0.508941   0.144177   0.917575   0.156267   0.981409
0.913398   0.458714   0.569600   0.070468   0.924601   0.041104   0.056506   0.952791
0.360324   0.643076   0.312903   0.259260   0.919521   0.164603   0.947372   0.193294
0.646560   0.799333   0.702843   0.250558   0.090488   0.956418   0.001542   0.944462
0.164798   0.328202   0.713882   0.192515   0.121557   0.981615   0.163241   0.950439
0.644266   0.560408   0.928396   0.448072   0.104476   0.986005   0.057939   0.143500
0.872414   0.790497   0.796927   0.317649   0.934422   0.069632   0.057423   0.962002
0.787104   0.039512   0.421926   0.318634   0.188019   0.965644   0.960707   0.198407
0.614914   0.438323   0.646408   0.453572   0.166695   0.959357   0.972929   0.138956
0.860945   0.870095   0.853114   0.074921   0.944062   0.041521   0.076160   0.948308
0.169844   0.737089   0.586592   0.275054   0.135810   0.917727   0.161159   0.940000
0.840836   0.405849   0.662743   0.697114   0.947169   0.093099   0.011886   0.963438
0.819001   0.117038   0.765402   0.207756   0.931963   0.091058   0.065966   0.973316
0.905414   0.699729   0.696623   0.228387   0.908427   0.013721   0.058740   0.993113
0.816772   0.826063   0.608134   0.573047   0.967860   0.003567   0.022858   0.924259
0.883107   0.387187   0.046600   0.933526   0.920556   0.095526   0.018581   0.957754
0.570240   0.498371   0.502718   0.611022   0.138563   0.908444   0.971409   0.125651
0.282958   0.255360   0.498936   0.303479   0.190946   0.921079   0.198981   0.969175
0.247406   0.565575   0.360423   0.494853   0.925117   0.162126   0.933952   0.106193
0.332920   0.684522   0.016410   0.233445   0.974599   0.137067   0.987655   0.179907
0.328585   0.299986   0.760508   0.605181   0.926854   0.004524   0.183418   0.901060
0.912902   0.104448   0.243239   0.251363   0.949088   0.035172   0.016110   0.907069
0.092184   0.545364   0.802160   0.431203   0.136889   0.969549   0.118994   0.911143
0.549550   0.148810   0.738601   0.823139   0.004008   0.141350   0.995139   0.189971
0.428570   0.693905   0.570737   0.540594   0.923885   0.136657   0.952610   0.151478
0.516792   0.300384   0.808193   0.503835   0.049852   0.034700   0.934626   0.155453
0.092662   0.785076   0.648625   0.573009   0.140682   0.985024   0.131159   0.988197
0.746700   0.660869   0.352891   0.208505   0.984080   0.192551   0.131661   0.963801
0.496628   0.922736   0.388442   0.853676   0.111079   0.958360   0.922272   0.124625
0.862767   0.251698   0.742580   0.473561   0.976104   0.004585   0.040048   0.969990
0.212988   0.633537   0.858890   0.781052   0.956490   0.135058   0.914161   0.159370
0.138157   0.772143   0.679736   0.366431   0.155673   0.902656   0.157256   0.980818
0.217610   0.862034   0.147015   0.134079   0.917928   0.185480   0.958306   0.145431
0.252677   0.491068   0.691092   0.500941   0.126719   0.995551   0.126832   0.949312
0.124896   0.405570   0.866724   0.282509   0.144589   0.917070   0.173360   0.994610
0.112327   0.519911   0.110849   0.726599   0.125431   0.900729   0.144571   0.991038
0.672259   0.139287   0.146200   0.094195   0.139342   0.054077   0.934833   0.183604
0.517829   0.628144   0.638346   0.665004   0.083748   0.087314   0.963728   0.124278
0.360245   0.513124   0.672752   0.777066   0.956153   0.136876   0.949101   0.117391
0.787294   0.196659   0.880200   0.824175   0.124798   0.919830   0.985275   0.140809
0.326752   0.629185   0.578438   0.441269   0.963746   0.131284   0.922803   0.193617
0.754714   0.130260   0.212311   0.870559   0.190507   0.975311   0.940495   0.183687
0.287467   0.486341   0.234629   0.418697   0.176679   0.995071   0.175287   0.967956
0.510338   0.093460   0.697337   0.503654   0.925680   0.120157   0.992421   0.179975
0.766070   0.287531   0.725235   0.353278   0.133856   0.925459   0.995966   0.127880
0.140893   0.089616   0.187828   0.140594   0.116152   0.982337   0.114971   0.994313
0.841547   0.718372   0.875739   0.834952   0.902525   0.098910   0.078952   0.933960
0.318555   0.316544   0.078774   0.387155   0.955690   0.181860   0.931493   0.130987
0.749952   0.431445   0.534381   0.038287   0.146391   0.927340   0.952119   0.122204
0.094717   0.388183   0.399063   0.571696   0.166431   0.930309   0.102143   0.988780
0.531435   0.425716   0.453984   0.395425   0.089321   0.013469   0.985324   0.185745
0.536493   0.365425   0.372958   0.069061   0.005481   0.072470   0.997187   0.118811
0.180784   0.844592   0.366901   0.967374   0.194660   0.961151   0.125375   0.960939
0.032319   0.544275   0.325742   0.643960   0.106341   0.925241   0.189672   0.901828
0.278956   0.688410   0.235322   0.329645   0.972947   0.183430   0.999634   0.150818
0.729102   0.678733   0.665647   0.246195   0.962507   0.178681   0.131263   0.964238
0.380917   0.072209   0.720309   0.613363   0.922846   0.063179   0.106747   0.986139
0.796973   0.267688   0.533191   0.263270   0.179826   0.946963   0.933618   0.173046
0.104208   0.746471   0.771501   0.303646   0.106784   0.938653   0.152774   0.939470
0.522998   0.041478   0.759438   0.279458   0.994118   0.153554   0.914265   0.167945
0.343763   0.431136   0.159860   0.377214   0.970291   0.197997   0.921777   0.148467
0.210407   0.818232   0.752370   0.705679   0.965327   0.120395   0.995085   0.100835
0.302351   0.863902   0.248768   0.297597   0.151357   0.078303   0.974002   0.186212
0.520189   0.406722   0.401674   0.658600   0.056153   0.095326   0.927433   0.145013
0.026844   0.638056   0.458496   0.960041   0.106107   0.955796   0.157402   0.945377
0.983764   0.682027   0.370464   0.121956   0.900859   0.039894   0.004034   0.968453
0.915972   0.279508   0.293110   0.587712   0.960540   0.075391   0.027447   0.922550
0.154315   0.934454   0.650829   0.271742   0.172845   0.918722   0.188326   0.968272
0.846362   0.465114   0.415640   0.348337   0.978636   0.003927   0.082689   0.922969
0.214427   0.046553   0.668268   0.134406   0.196429   0.962719   0.125481   0.952220
0.205851   0.460558   0.188431   0.076865   0.102667   0.991390   0.147263   0.965791
0.413844   0.589033   0.677889   0.603187   0.910211   0.142393   0.952242   0.122624
0.493825   0.519699   0.401840   0.768996   0.002190   0.084600   0.941706   0.175257
0.553961   0.326930   0.890594   0.906672   0.146236   0.968382   0.050497   0.169496
0.663800   0.393405   0.128794   0.316602   0.198685   0.908783   0.909911   0.149475
0.444512   0.752881   0.658581   0.449560   0.197690   0.032234   0.924059   0.194101
0.301542   0.170455   0.431186   0.615773   0.919246   0.048162   0.124503   0.941051
0.227167   0.389590   0.662291   0.141125   0.101658   0.966096   0.109988   0.993652
0.331489   0.748969   0.777020   0.869154   0.168378   0.075261   0.921830   0.163791
0.431667   0.698832   0.117909   0.456099   0.989193   0.178037   0.940820   0.196041
0.174163   0.150946   0.341905   0.905258   0.145178   0.976091   0.158095   0.950627
0.860093   0.659494   0.747519   0.115901   0.984292   0.078247   0.081101   0.960071
0.391728   0.282987   0.203525   0.701623   0.919791   0.066575   0.177922   0.966304
0.375599   0.484329   0.020285   0.841491   0.961108   0.174380   0.987279   0.111369
0.260005   0.902004   0.461515   0.904897   0.948869   0.107061   0.944188   0.152518
0.623744   0.746410   0.162203   0.564367   0.092419   0.958595   0.082537   0.995288
0.716659   0.384766   0.856550   0.111828   0.189792   0.909610   0.914884   0.144276
0.146910   0.941544   0.539014   0.934130   0.127544   0.906331   0.152810   0.973784
0.814837   0.174977   0.622790   0.872855   0.995559   0.097296   0.052935   0.947372
0.792371   0.240651   0.207241   0.075956   0.153595   0.928794   0.964183   0.182558
0.968513   0.933765   0.517652   0.139581   0.939246   0.097514   0.090389   0.967672
0.660391   0.942220   0.879242   0.386723   0.022844   0.928937   0.188798   0.941335
0.567391   0.512640   0.859898   0.381870   0.136188   0.913150   0.008137   0.168891
0.462621   0.166107   0.469375   0.195331   0.949704   0.171445   0.986480   0.106624
0.280768   0.445742   0.525256   0.188741   0.179183   0.963694   0.113138   0.935325
0.419524   0.393921   0.605399   0.151247   0.907288   0.159402   0.967219   0.190258
0.795394   0.017355   0.347574   0.932202   0.168939   0.999491   0.966487   0.101335
0.479784   0.512710   0.563535   0.103003   0.051832   0.034972   0.953791   0.173784
0.538840   0.492234   0.536766   0.237385   0.054987   0.024556   0.982736   0.158060
0.124377   0.368220   0.142775   0.593230   0.119929   0.909002   0.137671   0.960586
0.770236   0.241479   0.294966   0.318799   0.143246   0.968670   0.968290   0.169295
0.577026   0.803034   0.334185   0.502281   0.009449   0.971867   0.053505   0.959210
0.386875   0.474870   0.568389   0.299942   0.952589   0.151925   0.935147   0.195428
0.718263   0.428478   0.721193   0.958953   0.134138   0.912625   0.949595   0.160672
0.330894   0.853580   0.412363   0.485319   0.187111   0.090949   0.952479   0.192401
0.629881   0.309928   0.561313   0.570097   0.100910   0.994596   0.961523   0.188090
0.930367   0.297403   0.223872   0.713991   0.941805   0.045878   0.091613   0.962441
0.719753   0.542489   0.544967   0.699436   0.940758   0.120722   0.171328   0.921590
0.231360   0.496219   0.222717   0.303790   0.125764   0.908163   0.174113   0.948348
0.600321   0.275859   0.749851   0.431425   0.157269   0.064440   0.910815   0.133119
0.511945   0.903144   0.161504   0.720289   0.165307   0.988515   0.918968   0.116831
0.542416   0.573235   0.180371   0.636787   0.078498   0.015729   0.988986   0.127273
0.602390   0.934681   0.460824   0.922477   0.049858   0.976756   0.109098   0.909586
0.545742   0.142750   0.733978   0.648158   0.081543   0.156890   0.912084   0.136874
0.900213   0.034154   0.386542   0.647583   0.940764   0.008660   0.068093   0.928948
0.424952   0.934111   0.885887   0.286285   0.111189   0.093183   0.073307   0.112856
0.879962   0.455485   0.821949   0.383664   0.949016   0.025498   0.019174   0.932338
0.713134   0.253826   0.677133   0.848744   0.178146   0.922455   0.942664   0.105986
0.232621   0.862500   0.645863   0.629875   0.983399   0.171572   0.962551   0.163108
0.913733   0.490288   0.896585   0.481887   0.984638   0.037375   0.002010   0.965709
0.881180   0.297610   0.755407   0.670250   0.965467   0.074052   0.080146   0.915103
0.738530   0.573130   0.730295   0.562117   0.967078   0.132916   0.109483   0.912359
0.461571   0.655412   0.283409   0.476013   0.000433   0.025856   0.952600   0.129087
0.870155   0.262185   0.085373   0.640761   0.959642   0.059282   0.090442   0.958307
0.079747   0.287890   0.110175   0.811758   0.114519   0.928037   0.121956   0.921221
0.971671   0.113287   0.608136   0.894161   0.957952   0.022863   0.064493   0.966023
0.796528   0.871023   0.557629   0.247604   0.908248   0.160490   0.198781   0.995399
0.061946   0.549059   0.677179   0.469995   0.124303   0.987247   0.139129   0.975599
0.119779   0.713215   0.575210   0.287337   0.157959   0.945365   0.175496   0.968935
0.361879   0.219732   0.859974   0.832310   0.042302   0.189754   0.092578   0.115957
0.417077   0.277150   0.224901   0.910045   0.946891   0.053548   0.142807   0.903369
0.447127   0.371335   0.512566   0.839666   0.918119   0.140237   0.938142   0.120472
0.451066   0.334011   0.380240   0.682421   0.066179   0.011287   0.925164   0.161906
0.154634   0.113436   0.686012   0.493976   0.115755   0.932251   0.146854   0.976998
0.386591   0.602039   0.238223   0.801616   0.910381   0.162823   0.970868   0.196481
0.211739   0.627706   0.792389   0.415614   0.972129   0.161992   0.938006   0.166242
0.325290   0.346728   0.395993   0.197476   0.966982   0.142866   0.907434   0.129220
0.764439   0.375561   0.479964   0.644037   0.163140   0.931954   0.942463   0.139349
0.938952   0.340717   0.173458   0.409258   0.979626   0.067861   0.069331   0.957765
0.307185   0.191002   0.379860   0.204251   0.973603   0.061090   0.105701   0.939419
0.353272   0.739595   0.835992   0.467520   0.123846   0.092047   0.040475   0.127269
0.637968   0.350623   0.392163   0.863276   0.155640   0.983112   0.915094   0.189574
0.320587   0.958538   0.073899   0.788852   0.107417   0.058295   0.967623   0.162509
0.277100   0.474703   0.826249   0.428231   0.131920   0.947534   0.102879   0.991968
0.870840   0.182514   0.067302   0.465047   0.915121   0.050536   0.059349   0.986734
0.850835   0.442464   0.852180   0.782339   0.938512   0.042802   0.050820   0.976029
0.622134   0.716641   0.283373   0.270925   0.059232   0.928430   0.018230   0.965371
0.736886   0.926851   0.501496   0.794478   0.979831   0.171308   0.155606   0.959353
0.805415   0.838526   0.418895   0.175724   0.917820   0.039135   0.076342   0.955607
0.087945   0.210571   0.719442   0.455111   0.175411   0.982160   0.112891   0.913973
0.131550   0.805775   0.572365   0.042817   0.198700   0.917008   0.110731   0.920971
0.564777   0.421684   0.274471   0.787635   0.141490   0.991382   0.902343   0.138504
0.480443   0.608194   0.516613   0.096817   0.041976   0.031522   0.976089   0.131003
0.241543   0.437102   0.181850   0.291208   0.163030   0.924299   0.127934   0.951785
0.873371   0.335293   0.319649   0.570319   0.937184   0.015429   0.072379   0.912218
0.596067   0.470190   0.513722   0.017637   0.108357   0.905885   0.918929   0.149142
0.135358   0.779781   0.487392   0.483581   0.158579   0.992734   0.156264   0.981101
0.223055   0.619961   0.175030   0.197831   0.980505   0.128937   0.966084   0.106735
0.653285   0.854856   0.277974   0.921125   0.065137   0.978240   0.029160   0.971394
0.878139   0.415954   0.624011   0.516160   0.927266   0.057103   0.019143   0.945625
0.474815   0.891842   0.866332   0.782677   0.109482   0.934622   0.098143   0.114947
0.694988   0.392338   0.060470   0.282496   0.162658   0.998980   0.991343   0.195608
0.659362   0.077608   0.163724   0.810956   0.170633   0.079118   0.979702   0.179038
0.539334   0.256598   0.257883   0.542097   0.052512   0.106610   0.906730   0.195314
0.146378   0.799316   0.967582   0.399818   0.133831   0.971761   0.148749   0.915566
0.021613   0.675529   0.205334   0.213629   0.159536   0.930611   0.101660   0.903858
0.802958   0.231646   0.657228   0.678333   0.944347   0.048635   0.041626   0.930634
0.551888   0.599681   0.425279   0.816263   0.138456   0.919233   0.917141   0.169311
0.297757   0.518680   0.484331   0.566622   0.965407   0.187592   0.913077   0.169441
0.893685   0.812024   0.846029   0.503091   0.949220   0.015151   0.082787   0.968640
0.325656   0.244599   0.112209   0.760392   0.945034   0.038117   0.182571   0.947740
0.544611   0.307041   0.915032   0.757860   0.023643   0.010528   0.978397   0.172912
0.292132   0.818988   0.557976   0.562425   0.947562   0.193063   0.946331   0.157173
0.056647   0.697700   0.126962   0.411265   0.114160   0.984571   0.128848   0.926479
0.169016   0.316909   0.084737   0.558090   0.187091   0.984462   0.183333   0.943813
0.932116   0.485802   0.833777   0.251500   0.966959   0.041603   0.066899   0.911645
0.483903   0.650773   0.456175   0.100792   0.098840   0.054478   0.950145   0.196513
0.187653   0.791000   0.516707   0.246439   0.129489   0.945661   0.109451   0.980779
0.740190   0.399561   0.370002   0.415596   0.127651   0.947176   0.992408   0.137053
0.725871   0.440644   0.032991   0.131566   0.158454   0.948933   0.901604   0.116399
0.566442   0.944927   0.350533   0.721221   0.014156   0.973326   0.148570   0.988300
0.520699   0.807654   0.860457   0.556058   0.123521   0.952930   0.008187   0.143524
0.692553   0.515238   0.090723   0.533723   0.107199   0.902004   0.931444   0.185263
0.828422   0.697669   0.710940   0.621595   0.994292   0.046180   0.062428   0.995902
0.308044   0.914617   0.660592   0.665538   0.190998   0.009458   0.943672   0.153871
0.645227   0.404586   0.342439   0.607000   0.109695   0.937453   0.946460   0.194385
0.651991   0.619303   0.671301   0.633896   0.193590   0.940883   0.959739   0.148497
0.443072   0.121458   0.723826   0.735027   0.938517   0.090084   0.197171   0.955057
0.721096   0.564845   0.429550   0.446602   0.954651   0.194824   0.170567   0.943498
0.628615   0.491210   0.023115   0.371589   0.175457   0.952563   0.919660   0.184907
0.361454   0.303344   0.869484   0.594564   0.903131   0.100076   0.037207   0.159747
0.124175   0.436631   0.315796   0.786913   0.177996   0.921938   0.167191   0.906977
0.749529   0.991904   0.553696   0.034389   0.938333   0.147810   0.132492   0.966791
0.902261   0.317824   0.873068   0.555670   0.981678   0.030533   0.015371   0.946357
0.083429   0.839368   0.067714   0.535735   0.137263   0.949875   0.148757   0.973723
0.859906   0.573208   0.749367   0.311053   0.903806   0.076004   0.035208   0.954603
0.640240   0.174813   0.035596   0.430934   0.162292   0.092181   0.938198   0.150862
0.403625   0.323797   0.118362   0.382459   0.974882   0.134615   0.912274   0.123372
0.335836   0.578064   0.181515   0.060440   0.980707   0.168358   0.999643   0.126162
0.925611   0.083501   0.936844   0.885237   0.968560   0.014119   0.064246   0.915321
0.551340   0.963249   0.266929   0.980204   0.068943   0.981974   0.197638   0.938316
0.799431   0.092354   0.212957   0.734849   0.165514   0.999196   0.969712   0.170666
0.819685   0.514997   0.221110   0.422636   0.941897   0.048958   0.029340   0.935021
0.454555   0.951635   0.638658   0.586303   0.174551   0.983857   0.920380   0.109362
0.551240   0.810373   0.782345   0.730267   0.014239   0.904062   0.087253   0.953196
0.924848   0.504974   0.699819   0.089036   0.922280   0.076989   0.087903   0.947052
0.673169   0.288842   0.208273   0.577970   0.170316   0.020074   0.948146   0.123615
0.277263   0.676470   0.695140   0.454378   0.915388   0.143307   0.919823   0.153786
0.531301   0.425077   0.153068   0.230865   0.004776   0.022124   0.933823   0.117518
0.521493   0.153229   0.677324   0.673819   0.076658   0.172214   0.952609   0.189981
0.798262   0.801520   0.750866   0.116495   0.907632   0.103770   0.169333   0.929638
0.485745   0.561182   0.131532   0.363675   0.021273   0.061790   0.925445   0.122870
0.347727   0.778130   0.085373   0.626413   0.136081   0.053844   0.996220   0.138503
0.306918   0.604962   0.287682   0.828729   0.993476   0.175006   0.969677   0.168557
0.290022   0.870060   0.288880   0.101546   0.995733   0.139698   0.953389   0.139273
0.463956   0.730057   0.384539   0.697476   0.123186   0.039872   0.913725   0.189824
0.634718   0.925343   0.617043   0.414473   0.019163   0.991596   0.124843   0.933709
0.252679   0.658344   0.239775   0.940070   0.949627   0.164915   0.934246   0.172780
0.485727   0.381437   0.709481   0.538284   0.014382   0.051923   0.937336   0.188544
0.207452   0.055872   0.597624   0.873307   0.139003   0.979384   0.119935   0.977249
0.172305   0.566289   0.653456   0.691672   0.159730   0.945701   0.194805   0.979446
0.372568   0.701498   0.291189   0.237169   0.146944   0.039699   0.950625   0.175791
0.409213   0.914703   0.831734   0.611937   0.188653   0.082495   0.044528   0.109709
0.126088   0.288063   0.714542   0.917461   0.131205   0.928637   0.125587   0.909498
0.900421   0.805440   0.744643   0.149676   0.990999   0.067134   0.096551   0.954900
0.086939   0.830040   0.136615   0.295042   0.113699   0.943472   0.178421   0.987484
0.094122   0.329397   0.901520   0.568108   0.125574   0.910013   0.183803   0.906096
0.858506   0.718567   0.861240   0.226875   0.940300   0.046738   0.034485   0.967809
0.614744   0.619048   0.669176   0.575157   0.143443   0.958443   0.939321   0.148432
0.510161   0.409576   0.978087   0.259675   0.019237   0.052878   0.900488   0.100602
0.183445   0.485818   0.138815   0.287047   0.187018   0.990301   0.114722   0.936723
0.123599   0.040764   0.786562   0.263345   0.137865   0.943439   0.143115   0.955545
0.878895   0.234015   0.553510   0.917888   0.948174   0.044340   0.019614   0.952645
0.698377   0.713232   0.646074   0.415199   0.058636   0.910409   0.030247   0.954262
0.592512   0.878652   0.597972   0.390372   0.044211   0.929054   0.096090   0.943153
0.564874   0.171496   0.657927   0.311313   0.183869   0.096396   0.962445   0.167984
0.163587   0.312093   0.339779   0.059272   0.199792   0.930562   0.103090   0.938998
0.398709   0.711639   0.704759   0.790833   0.101885   0.013402   0.947766   0.156714
0.296006   0.624969   0.655597   0.824582   0.922307   0.150620   0.991803   0.190445
0.275343   0.189950   0.184614   0.542819   0.113819   0.978898   0.167769   0.945883
0.247374   0.113805   0.488420   0.356749   0.198265   0.962554   0.108647   0.971798
0.638777   0.246370   0.215379   0.341803   0.171231   0.080236   0.928199   0.149303
0.708905   0.563302   0.770981   0.826622   0.914980   0.168630   0.174350   0.940371
0.173305   0.423278   0.703956   0.563103   0.126244   0.935796   0.161033   0.988950
0.139049   0.271993   0.468271   0.298311   0.113692   0.937679   0.112619   0.981847
0.879251   0.308095   0.896021   0.531206   0.924953   0.039528   0.082491   0.957684
0.103524   0.570441   0.873938   0.913351   0.114893   0.938154   0.103090   0.945621
0.101151   0.487972   0.108716   0.310081   0.118185   0.987998   0.178116   0.971345
0.148554   0.657329   0.572407   0.182882   0.172116   0.908397   0.127889   0.923306
0.451437   0.803538   0.448717   0.404328   0.167816   0.977832   0.936123   0.193430
0.217254   0.723612   0.018200   0.550203   0.934076   0.187206   0.901720   0.142184
0.861332   0.646589   0.433012   0.149793   0.922811   0.025802   0.044634   0.944176
0.318283   0.140625   0.390059   0.628361   0.977640   0.093756   0.168427   0.974888
0.606754   0.382717   0.696281   0.907913   0.155226   0.987020   0.965695   0.102526
0.650925   0.397777   0.532565   0.296724   0.125290   0.952611   0.948626   0.117629
0.800556   0.127032   0.095573   0.287550   0.959431   0.061361   0.026251   0.954890
0.319199   0.614927   0.207511   0.248962   0.942632   0.175673   0.978247   0.161476
0.675279   0.596062   0.648990   0.172928   0.160083   0.974111   0.907332   0.160404
0.667508   0.967508   0.414590   0.610088   0.020937   0.905712   0.122442   0.948229
0.867386   0.577140   0.894420   0.923915   0.968316   0.066743   0.090255   0.979813
0.520681   0.958567   0.112272   0.335283   0.105787   0.996369   0.996939   0.102998
0.331319   0.102622   0.561073   0.874705   0.937456   0.083083   0.166113   0.980478
0.341805   0.675386   0.362680   0.202034   0.988610   0.189152   0.993145   0.140962
0.775313   0.339859   0.421044   0.225820   0.100427   0.983487   0.927958   0.162356
0.528913   0.134474   0.716316   0.864392   0.092289   0.174049   0.988275   0.144125
0.609266   0.151855   0.280068   0.941163   0.131240   0.023418   0.923500   0.191848
0.856344   0.518891   0.516145   0.623668   0.985326   0.040094   0.013697   0.900149
0.475458   0.913383   0.493900   0.278208   0.167509   0.951184   0.900100   0.115318
0.373030   0.735778   0.789082   0.636822   0.137605   0.064258   0.988738   0.185192
0.194338   0.667610   0.185597   0.178608   0.195308   0.987125   0.115170   0.952856
0.757063   0.652527   0.699057   0.332892   0.901280   0.152438   0.186945   0.942499
0.081561   0.719395   0.451232   0.724230   0.139141   0.929717   0.187541   0.910420
0.456243   0.303031   0.349354   0.675844   0.024722   0.070129   0.963790   0.106236
0.166792   0.771619   0.486858   0.367743   0.189434   0.930002   0.131735   0.966378
0.138211   0.936660   0.893172   0.835847   0.118602   0.954324   0.181965   0.979221
0.731246   0.049174   0.717270   0.837885   0.182283   0.951142   0.996161   0.196651
0.619530   0.568202   0.361423   0.055258   0.110616   0.998984   0.970558   0.133472
0.089822   0.533954   0.886736   0.718800   0.179289   0.931990   0.101358   0.974740
0.318705   0.112166   0.178100   0.330541   0.982110   0.075058   0.162787   0.932161
0.507413   0.490801   0.779204   0.442099   0.037245   0.065967   0.979713   0.129838
0.124170   0.322667   0.207372   0.551017   0.191005   0.964770   0.154000   0.967941
0.120376   0.837564   0.855585   0.212220   0.143990   0.906333   0.137904   0.926101
0.303163   0.380168   0.115041   0.803643   0.904061   0.184791   0.942234   0.107457
0.208226   0.829153   0.860468   0.291144   0.941490   0.187554   0.919161   0.133632
0.451531   0.394355   0.341755   0.122044   0.002127   0.095130   0.990595   0.198104
0.526660   0.334686   0.273301   0.073462   0.082364   0.025376   0.901009   0.103008
0.066490   0.720269   0.406106   0.303033   0.131666   0.938067   0.129546   0.920743
0.256240   0.782213   0.188278   0.879333   0.912200   0.130470   0.971427   0.148264
0.804967   0.179966   0.790727   0.258093   0.983843   0.027727   0.048771   0.992770
0.255800   0.665437   0.855495   0.500096   0.922655   0.152543   0.948782   0.179983
0.365947   0.484125   0.858801   0.014684   0.963041   0.164398   0.065487   0.172402
0.349420   0.377431   0.179457   0.362649   0.904459   0.159213   0.950296   0.197691
0.598652   0.315319   0.184380   0.936929   0.182446   0.912229   0.978685   0.190943
0.494563   0.305208   0.023059   0.092575   0.059450   0.062515   0.939945   0.159388
0.143946   0.124194   0.531005   0.830555   0.153960   0.911918   0.194098   0.997390
0.288898   0.644100   0.491267   0.146224   0.933175   0.198515   0.957555   0.197190
0.802799   0.206136   0.814628   0.503720   0.906838   0.032006   0.011625   0.932565
0.644389   0.100433   0.305358   0.689104   0.136280   0.008926   0.951227   0.106629
0.741297   0.340650   0.667335   0.034579   0.182889   0.998633   0.909079   0.144647
0.921352   0.455616   0.892932   0.800334   0.914715   0.029083   0.039205   0.961525
0.351656   0.382981   0.794322   0.525596   0.959617   0.179779   0.988755   0.145234
0.354989   0.315996   0.656130   0.286853   0.983667   0.109917   0.920625   0.118069
0.284454   0.210471   0.787163   0.244694   0.197986   0.903106   0.183323   0.907693
0.236734   0.323874   0.623614   0.365023   0.196829   0.932058   0.112404   0.959776
0.105772   0.552538   0.157280   0.781589   0.158204   0.974594   0.182125   0.946121
0.085077   0.405056   0.372856   0.251396   0.187664   0.967892   0.141664   0.986994
0.133976   0.552155   0.140886   0.898918   0.162106   0.984674   0.175692   0.911750
0.324022   0.553611   0.433331   0.517786   0.966768   0.183273   0.943131   0.109017
0.590952   0.700329   0.838322   0.163542   0.907103   0.175343   0.021759   0.139632
0.255361   0.883574   0.129108   0.431519   0.993136   0.152132   0.918995   0.163548
0.881346   0.814159   0.078454   0.166827   0.900345   0.018090   0.056097   0.904139
0.254636   0.523151   0.898518   0.400290   0.905549   0.177107   0.984176   0.157913
0.446546   0.420006   0.970060   0.571877   0.911227   0.165943   0.057613   0.147176
0.263867   0.310938   0.859197   0.580011   0.107907   0.945441   0.142637   0.902140
0.823962   0.979376   0.534270   0.497448   0.952486   0.085374   0.087697   0.966187
0.113730   0.430021   0.675949   0.917770   0.159225   0.947782   0.181014   0.958632
0.488679   0.839681   0.233680   0.062654   0.101434   0.939083   0.913934   0.165616
0.228001   0.344000   0.488576   0.508522   0.108822   0.974679   0.167043   0.928062
0.727191   0.416364   0.236390   0.216125   0.186043   0.925503   0.989064   0.191724
0.917672   0.165013   0.812143   0.344405   0.925536   0.081547   0.008679   0.925383
0.566665   0.600145   0.871983   0.642750   0.186608   0.964620   0.089493   0.197212
0.728730   0.559527   0.461523   0.620077   0.993505   0.152436   0.163380   0.996765
