0.287491   0.272241   0.392557   0.178656   0.126530   0.921794   0.955206   0.115101
0.742347   0.649450   0.493719   0.093369   0.961008   0.155843   0.917812   0.178006
0.813053   0.368657   0.055343   0.272368   0.963838   0.154958   0.973909   0.168814
0.238903   0.849421   0.305314   0.208783   0.976244   0.107137   0.932662   0.160234
0.289568   0.657106   0.861129   0.126212   0.154372   0.989537   0.042904   0.140651
0.282287   0.706562   0.108868   0.172467   0.906066   0.174976   0.931288   0.156761
0.189000   0.163264   0.230341   0.531227   0.101265   0.904023   0.938738   0.161013
0.587668   0.356241   0.522314   0.720630   0.912624   0.154475   0.933187   0.180849
0.730890   0.420773   0.215235   0.842604   0.935693   0.154153   0.900796   0.152463
0.437616   0.812292   0.205076   0.802658   0.928539   0.161979   0.935374   0.160706
0.298537   0.656566   0.746259   0.542386   0.191251   0.993217   0.047481   0.172683
0.681033   0.744689   0.873805   0.202829   0.159968   0.907978   0.076441   0.125462
0.360572   0.238857   0.242115   0.740385   0.123574   0.926549   0.921157   0.191358
0.783298   0.507419   0.679919   0.095886   0.939284   0.105458   0.082857   0.135455
0.638105   0.954883   0.647144   0.105174   0.166414   0.983053   0.058207   0.182083
0.573736   0.725251   0.375900   0.219140   0.199107   0.949953   0.978334   0.182351
0.122181   0.674542   0.178737   0.089216   0.166830   0.915065   0.976748   0.180141
0.894935   0.806950   0.710271   0.599442   0.121685   0.933608   0.000826   0.199419
0.548632   0.548116   0.585588   0.683708   0.199320   0.190000   0.903846   0.186815
0.362762   0.932760   0.948127   0.931188   0.989996   0.185047   0.042885   0.148903
0.892975   0.132101   0.711167   0.206849   0.952684   0.115902   0.026459   0.198925
0.887184   0.690180   0.234644   0.867997   0.990282   0.122042   0.948050   0.183735
0.649962   0.969758   0.158994   0.273460   0.152805   0.917522   0.914430   0.174283
0.306937   0.689438   0.458208   0.573941   0.154531   0.998411   0.964809   0.121211
0.928193   0.622895   0.249780   0.350618   0.902061   0.162081   0.920886   0.114155
0.865529   0.851462   0.610893   0.823956   0.115020   0.989214   0.003721   0.167695
0.470138   0.268535   0.697408   0.158725   0.982300   0.163482   0.034976   0.146120
0.657431   0.731178   0.564596   0.103858   0.175596   0.951916   0.991300   0.148677
0.477559   0.367013   0.338211   0.473243   0.115841   0.196102   0.956317   0.181346
0.387370   0.421286   0.904788   0.824268   0.148764   0.921057   0.066381   0.105065
0.169630   0.347838   0.923209   0.939194   0.140825   0.971212   0.039623   0.193830
0.412003   0.293172   0.065988   0.290888   0.126707   0.977988   0.991025   0.180273
0.939694   0.404350   0.679403   0.437009   0.967053   0.180229   0.028178   0.102918
0.807953   0.636667   0.766249   0.209488   0.935832   0.134978   0.072685   0.151134
0.840368   0.036046   0.890236   0.211385   0.966955   0.105065   0.057013   0.102765
0.294053   0.573606   0.711008   0.802888   0.134769   0.926283   0.021483   0.132765
0.674421   0.460373   0.422936   0.915335   0.956208   0.190193   0.920711   0.178908
0.618633   0.600246   0.891013   0.074429   0.902059   0.166720   0.062714   0.172619
0.796540   0.896240   0.327419   0.365287   0.199932   0.950865   0.971899   0.127731
0.823068   0.526099   0.118754   0.592203   0.983509   0.197516   0.950231   0.131674
0.852355   0.753796   0.635316   0.727969   0.178260   0.909861   0.080527   0.113990
0.924271   0.820507   0.113484   0.771643   0.161674   0.970485   0.929344   0.181858
0.495461   0.059266   0.539291   0.394027   0.909551   0.168183   0.122177   0.162694
0.726386   0.755433   0.625956   0.185895   0.148671   0.957678   0.075693   0.106913
0.846859   0.417988   0.853878   0.121155   0.900112   0.143832   0.087897   0.197841
0.664517   0.396309   0.415637   0.622952   0.911751   0.138776   0.968304   0.170622
0.513392   0.818985   0.935466   0.676037   0.117081   0.929866   0.061911   0.156833
0.772635   0.209045   0.181104   0.071377   0.908427   0.147141   0.913788   0.123955
0.247681   0.422387   0.114443   0.484813   0.191454   0.972841   0.989458   0.139735
0.118251   0.523569   0.206572   0.948255   0.123428   0.913159   0.923896   0.189492
0.881729   0.658574   0.269850   0.593769   0.923377   0.179302   0.966425   0.133363
0.655472   0.757303   0.247498   0.865467   0.125279   0.941581   0.995784   0.192240
0.332744   0.330222   0.917051   0.709573   0.108189   0.953830   0.066853   0.132740
0.943581   0.172761   0.103619   0.312348   0.918206   0.181685   0.968034   0.182063
0.656594   0.880908   0.853934   0.616163   0.152743   0.947952   0.083630   0.122111
0.689671   0.139520   0.711790   0.414364   0.920611   0.114139   0.021081   0.162966
0.776768   0.096994   0.491105   0.381271   0.942163   0.132995   0.950154   0.111560
0.449628   0.245834   0.679514   0.472836   0.138966   0.914375   0.042007   0.112364
0.370372   0.099516   0.777347   0.914070   0.159601   0.909824   0.067504   0.194868
0.577104   0.745505   0.757264   0.534932   0.148965   0.999002   0.010999   0.100924
0.337307   0.549739   0.736366   0.568063   0.130248   0.961045   0.022980   0.113984
0.416512   0.430624   0.102272   0.626554   0.103566   0.931274   0.913069   0.123424
0.041875   0.176560   0.560817   0.256277   0.102164   0.954317   0.951524   0.170084
0.547017   0.421615   0.778637   0.461495   0.153944   0.146734   0.987439   0.178061
0.746894   0.614507   0.332536   0.727192   0.915272   0.124265   0.990556   0.140889
0.764640   0.951517   0.473906   0.299578   0.140208   0.944729   0.980922   0.153907
0.454382   0.865326   0.508452   0.359424   0.132775   0.941438   0.922149   0.150982
0.358426   0.543113   0.751415   0.906482   0.114768   0.971337   0.005633   0.185979
0.958143   0.946369   0.746025   0.716784   0.196096   0.996834   0.028716   0.170162
0.641775   0.869588   0.686228   0.399440   0.105846   0.941759   0.087079   0.104530
0.035664   0.039507   0.629507   0.190412   0.158237   0.985004   0.015477   0.105732
0.048386   0.963329   0.153330   0.593200   0.913328   0.121740   0.941154   0.176384
0.631801   0.688740   0.528016   0.131232   0.931506   0.184494   0.993152   0.128582
0.349229   0.890686   0.335074   0.527384   0.909658   0.186204   0.954716   0.115169
0.160156   0.600622   0.564495   0.694093   0.178117   0.969671   0.954280   0.195580
0.648701   0.145141   0.826557   0.236272   0.962933   0.127417   0.005190   0.125585
0.399698   0.747370   0.524259   0.704256   0.984503   0.175328   0.944062   0.104140
0.761772   0.452567   0.537495   0.194788   0.999288   0.150829   0.975151   0.183183
0.787598   0.830006   0.078582   0.813110   0.179710   0.949182   0.920868   0.162532
0.669078   0.690312   0.592958   0.180112   0.953552   0.157005   0.995974   0.124990
0.259102   0.897937   0.833333   0.507509   0.975244   0.191687   0.040047   0.119022
0.334575   0.659829   0.897629   0.835632   0.133526   0.933593   0.038332   0.188222
0.184469   0.101122   0.486242   0.489383   0.196731   0.931618   0.976192   0.104065
0.254224   0.801758   0.425937   0.851102   0.921658   0.110321   0.977871   0.166730
0.378846   0.567499   0.615044   0.660891   0.118633   0.932844   0.031289   0.109464
0.218788   0.816693   0.265487   0.062744   0.996294   0.106978   0.970560   0.187760
0.128748   0.248000   0.539200   0.268379   0.191065   0.918040   0.955839   0.125469
0.938309   0.185605   0.265017   0.540510   0.944075   0.123531   0.962373   0.118801
0.721081   0.916019   0.878585   0.090666   0.103895   0.966082   0.079334   0.104750
0.576059   0.621693   0.079324   0.421413   0.988463   0.170425   0.933747   0.152399
0.865424   0.642818   0.934366   0.155086   0.943572   0.174703   0.023482   0.177020
0.477690   0.369929   0.103903   0.516748   0.123519   0.139099   0.970251   0.158699
0.298562   0.445405   0.438634   0.604215   0.103309   0.970905   0.987387   0.150790
0.226604   0.929921   0.618181   0.895370   0.937463   0.114982   0.045561   0.195672
0.868419   0.639934   0.725858   0.432522   0.975918   0.117363   0.009152   0.114438
0.776481   0.403615   0.684817   0.218949   0.984148   0.150559   0.087667   0.136850
0.329487   0.523957   0.126976   0.815298   0.158062   0.967292   0.956712   0.169527
0.868202   0.176663   0.410022   0.890994   0.952563   0.108515   0.933112   0.130595
0.160896   0.593582   0.465114   0.434868   0.121079   0.921580   0.948680   0.190604
0.340754   0.213523   0.753973   0.457829   0.168424   0.904322   0.062489   0.180482
0.362733   0.167435   0.677402   0.787324   0.102722   0.922440   0.089852   0.189044
0.072204   0.846547   0.144670   0.170523   0.973257   0.162553   0.963501   0.155247
0.838808   0.388291   0.056946   0.503916   0.925581   0.172608   0.989277   0.189989
0.385687   0.450522   0.880276   0.738465   0.163565   0.948441   0.028134   0.111935
0.879902   0.296815   0.918336   0.265019   0.921643   0.109634   0.056891   0.156270
0.721869   0.587378   0.194203   0.114134   0.982609   0.115535   0.977763   0.101892
0.408808   0.301159   0.331928   0.499298   0.151725   0.918174   0.925373   0.132164
0.905014   0.852344   0.252978   0.709140   0.130110   0.972433   0.996655   0.148803
0.201259   0.579657   0.228458   0.333777   0.187846   0.939185   0.949551   0.149848
0.091332   0.263861   0.846131   0.653358   0.163207   0.985126   0.006320   0.100744
0.232983   0.866225   0.274934   0.420790   0.988486   0.166789   0.937690   0.167359
0.037536   0.461898   0.909664   0.052658   0.125833   0.993152   0.094097   0.164999
0.398449   0.792621   0.813567   0.178338   0.957188   0.102078   0.054450   0.127359
0.547215   0.448646   0.645375   0.007590   0.183885   0.122492   0.906085   0.145255
0.187510   0.412736   0.045902   0.752825   0.197091   0.959061   0.995348   0.100193
0.132399   0.769817   0.153350   0.646163   0.959045   0.110897   0.946427   0.102519
0.182376   0.901800   0.202103   0.290100   0.947285   0.125349   0.993976   0.192235
0.771620   0.406471   0.072590   0.196526   0.921609   0.128876   0.935209   0.187678
0.664385   0.610404   0.487195   0.619486   0.968902   0.199114   0.960962   0.149207
0.819527   0.409454   0.259772   0.250675   0.945168   0.123862   0.962984   0.156289
0.461583   0.777407   0.771916   0.718321   0.112507   0.964567   0.083903   0.146484
0.838868   0.245201   0.612384   0.129881   0.948633   0.103205   0.077910   0.199279
0.392157   0.298902   0.716784   0.844014   0.100118   0.928205   0.029265   0.116152
0.674512   0.314261   0.466825   0.267703   0.942221   0.128789   0.958060   0.124036
0.732544   0.726656   0.886336   0.601600   0.176385   0.998548   0.006687   0.191334
0.226492   0.810140   0.810754   0.592641   0.977583   0.149297   0.049803   0.169826
0.432306   0.131436   0.194088   0.720627   0.133041   0.970061   0.967852   0.114920
0.434633   0.834010   0.731135   0.661698   0.995012   0.117124   0.064946   0.191081
0.235450   0.202236   0.254425   0.265603   0.177961   0.954180   0.935046   0.138025
0.332884   0.202067   0.394817   0.933025   0.131458   0.972601   0.953697   0.123801
0.614059   0.424681   0.501716   0.991638   0.987667   0.161326   0.900967   0.187708
0.232351   0.479468   0.521689   0.306434   0.177780   0.912676   0.953121   0.181304
0.619902   0.750863   0.820693   0.038760   0.143776   0.972856   0.021199   0.182032
0.725019   0.380977   0.655457   0.639314   0.978498   0.104426   0.081710   0.172995
0.062097   0.138889   0.693979   0.891995   0.154339   0.975316   0.060946   0.170268
0.699265   0.717991   0.819288   0.210063   0.180891   0.943400   0.093474   0.101560
0.372113   0.541513   0.672714   0.434263   0.154674   0.979744   0.047268   0.161578
0.578038   0.672999   0.521554   0.774830   0.952151   0.105279   0.912695   0.104105
0.722056   0.271838   0.297852   0.348498   0.914809   0.139749   0.961789   0.136280
0.275450   0.384810   0.365393   0.582581   0.179008   0.964925   0.909697   0.161559
0.565424   0.476898   0.624704   0.320073   0.967227   0.179843   0.053517   0.128182
0.200335   0.430654   0.346548   0.698945   0.135218   0.968498   0.944497   0.196084
0.318797   0.636812   0.552616   0.845281   0.104266   0.971857   0.999906   0.193004
0.765075   0.888305   0.509456   0.136281   0.115856   0.951658   0.951868   0.166385
0.274219   0.312604   0.307506   0.265140   0.127268   0.934789   0.936224   0.199420
0.534721   0.857885   0.701888   0.177685   0.109562   0.959591   0.093589   0.104962
0.462485   0.502963   0.321736   0.271330   0.168720   0.193161   0.972063   0.186160
0.176630   0.234545   0.631297   0.094005   0.142800   0.917699   0.020403   0.168971
0.871579   0.664151   0.814432   0.440494   0.965354   0.189647   0.078508   0.177835
0.677863   0.467121   0.219707   0.769140   0.911800   0.192410   0.940482   0.133633
0.956728   0.558213   0.389361   0.769190   0.939692   0.198002   0.976009   0.133105
0.143588   0.100398   0.176997   0.235579   0.167808   0.992474   0.973078   0.187818
0.149057   0.440632   0.405662   0.300903   0.131269   0.943672   0.900867   0.144823
0.318558   0.619042   0.733164   0.758610   0.128429   0.900958   0.001972   0.151048
0.907768   0.116946   0.508996   0.489153   0.917101   0.169578   0.915387   0.151775
0.376729   0.096529   0.785133   0.528607   0.166260   0.967938   0.029362   0.112793
0.224971   0.947725   0.897246   0.111132   0.924319   0.104259   0.097235   0.122764
0.681577   0.529000   0.750181   0.329823   0.926461   0.132479   0.049875   0.135703
0.238092   0.600960   0.339205   0.290628   0.195254   0.986329   0.935874   0.182821
0.283091   0.869767   0.294347   0.222331   0.951795   0.108202   0.992040   0.196640
0.885473   0.121798   0.778519   0.675471   0.914017   0.101830   0.045463   0.185876
0.399673   0.494578   0.696273   0.076793   0.180161   0.907658   0.087802   0.118005
0.337181   0.594843   0.221026   0.332775   0.127595   0.976232   0.993364   0.127708
0.326491   0.576599   0.749134   0.823905   0.153283   0.936443   0.040255   0.174594
0.786542   0.128135   0.573728   0.073933   0.982079   0.169245   0.967329   0.151555
0.454527   0.719029   0.834376   0.370524   0.159399   0.981834   0.098946   0.166884
0.445600   0.098681   0.230747   0.913252   0.121965   0.962373   0.971041   0.164026
0.610517   0.720610   0.936446   0.713405   0.151599   0.914024   0.042458   0.148763
0.244384   0.270897   0.246900   0.878438   0.151618   0.990849   0.943865   0.187865
0.478063   0.416913   0.889803   0.651874   0.125683   0.181857   0.946409   0.138409
0.779132   0.434677   0.505374   0.299056   0.967749   0.118776   0.973220   0.101492
0.199746   0.600643   0.546299   0.345122   0.103987   0.974924   0.953761   0.163926
0.602341   0.302858   0.438833   0.470595   0.957902   0.194793   0.958879   0.135999
0.201342   0.673302   0.919450   0.830561   0.180245   0.995215   0.038084   0.135779
0.752615   0.046536   0.143399   0.421881   0.905166   0.155033   0.989855   0.183548
0.605102   0.227208   0.493027   0.186231   0.918663   0.116455   0.996839   0.175381
0.046499   0.401399   0.131140   0.636574   0.194345   0.907507   0.931552   0.151597
0.872918   0.542388   0.916480   0.768041   0.952069   0.133428   0.009265   0.188407
0.627935   0.611143   0.674363   0.614916   0.943612   0.134848   0.029006   0.103811
0.617034   0.464961   0.308927   0.625751   0.948210   0.136204   0.967824   0.143310
0.347911   0.323511   0.535377   0.751787   0.136017   0.942793   0.977782   0.153318
0.306968   0.067656   0.255945   0.896629   0.158847   0.992132   0.951749   0.141192
0.770182   0.333603   0.897640   0.088125   0.950613   0.100130   0.084981   0.158584
0.863734   0.520432   0.161782   0.591596   0.957230   0.117451   0.952720   0.134920
0.437629   0.270701   0.537553   0.824068   0.106584   0.936158   0.903505   0.118289
0.409816   0.060742   0.630454   0.521849   0.164386   0.928731   0.037686   0.101480
0.638505   0.112112   0.212822   0.498984   0.997716   0.186460   0.967588   0.147953
0.692358   0.384534   0.856224   0.934760   0.921109   0.157017   0.048036   0.103555
0.982093   0.576771   0.339066   0.182852   0.916381   0.197559   0.922041   0.110746
0.289466   0.582983   0.626524   0.088659   0.122869   0.905761   0.022288   0.111400
0.873611   0.689568   0.903846   0.472925   0.995918   0.143153   0.060984   0.101941
0.207107   0.043769   0.750500   0.218565   0.158986   0.912618   0.093980   0.176572
0.216925   0.800937   0.686983   0.807584   0.979535   0.103010   0.082373   0.152063
0.260694   0.667602   0.075414   0.683653   0.177879   0.976775   0.975774   0.165491
0.542584   0.993674   0.169308   0.661281   0.196252   0.984347   0.181890   0.101198
0.149160   0.783839   0.901246   0.670941   0.955118   0.157320   0.063343   0.198784
0.140208   0.165485   0.177077   0.323872   0.198219   0.985541   0.978499   0.133189
0.814062   0.373774   0.768824   0.417008   0.974377   0.189132   0.037415   0.150966
0.677886   0.305402   0.399992   0.519493   0.902591   0.140163   0.900704   0.135207
0.095579   0.981191   0.106332   0.706862   0.958963   0.134332   0.935506   0.105077
0.607035   0.376382   0.042007   0.914833   0.965181   0.151694   0.911307   0.130623
0.109295   0.063671   0.303516   0.411320   0.144116   0.947663   0.946090   0.133938
0.196829   0.630168   0.869928   0.216064   0.167071   0.915993   0.034669   0.128077
0.586314   0.853050   0.138651   0.544860   0.109906   0.900898   0.914686   0.125182
0.242521   0.199287   0.431262   0.824637   0.138668   0.974551   0.913312   0.114529
0.440362   0.588709   0.177654   0.111811   0.182702   0.978438   0.900467   0.172882
0.647463   0.142389   0.243075   0.476298   0.943494   0.177737   0.933010   0.123169
0.060624   0.229577   0.841838   0.828300   0.190788   0.982324   0.066678   0.138269
0.857972   0.291732   0.674296   0.126673   0.974058   0.191923   0.020433   0.161084
0.676189   0.600420   0.592536   0.514415   0.955900   0.129307   0.976201   0.117276
0.433181   0.404470   0.694201   0.127701   0.106529   0.934862   0.094790   0.147283
0.383455   0.527806   0.787352   0.370971   0.120686   0.921252   0.026702   0.197288
0.341296   0.592625   0.729381   0.338250   0.166383   0.920761   0.015956   0.117154
0.929025   0.533842   0.499604   0.112132   0.927001   0.121324   0.910001   0.128627
0.274968   0.284515   0.272778   0.431829   0.159911   0.920908   0.918329   0.172680
0.476938   0.072167   0.305457   0.062232   0.919519   0.110861   0.187010   0.166483
0.032442   0.142144   0.121953   0.842614   0.148264   0.992399   0.900036   0.120695
0.380295   0.850076   0.360425   0.610337   0.979637   0.115167   0.926423   0.117076
0.933473   0.684225   0.283928   0.026503   0.949278   0.106879   0.948159   0.141845
0.554616   0.429494   0.045280   0.030825   0.980687   0.154892   0.910093   0.172917
0.383489   0.583039   0.516488   0.916959   0.148845   0.974468   0.902140   0.147026
0.370347   0.301813   0.733939   0.937496   0.150315   0.900074   0.070454   0.166851
0.596957   0.344556   0.560431   0.627833   0.904996   0.124332   0.950034   0.115180
0.421729   0.745842   0.734293   0.427963   0.963331   0.119251   0.079576   0.108218
0.449906   0.384484   0.754080   0.718007   0.155418   0.978603   0.087480   0.192521
0.393512   0.594125   0.434018   0.295293   0.173960   0.914097   0.970463   0.184300
0.352610   0.983285   0.365349   0.789387   0.915074   0.198472   0.959257   0.109504
0.229275   0.891366   0.295328   0.375185   0.957905   0.191591   0.995963   0.149217
0.571124   0.732826   0.223540   0.508441   0.173082   0.993494   0.972827   0.190159
0.697778   0.360877   0.904175   0.585971   0.960104   0.197164   0.076049   0.143687
0.622035   0.552741   0.865022   0.209098   0.901380   0.105737   0.032008   0.173351
0.803091   0.234819   0.518775   0.160988   0.958655   0.191693   0.996703   0.122615
0.937209   0.599053   0.703129   0.033522   0.995887   0.151315   0.044422   0.134822
0.300967   0.863568   0.582979   0.812986   0.955496   0.163482   0.911665   0.159271
0.489964   0.150166   0.841008   0.871002   0.916510   0.160382   0.052610   0.145383
0.393478   0.063722   0.481194   0.701681   0.184104   0.995662   0.988995   0.181551
0.258695   0.182442   0.135189   0.757679   0.101237   0.975334   0.925777   0.120711
0.683784   0.167322   0.967348   0.522541   0.938059   0.115102   0.069457   0.184012
0.308419   0.474103   0.137598   0.203624   0.126793   0.981150   0.963043   0.143148
0.291508   0.418451   0.569835   0.409909   0.121133   0.969291   0.927441   0.159418
0.433237   0.078388   0.580985   0.431056   0.104719   0.948164   0.997275   0.112546
0.450442   0.490004   0.535803   0.462624   0.159596   0.117273   0.904319   0.165441
0.955639   0.862896   0.338398   0.485304   0.161153   0.999412   0.909300   0.159499
0.174599   0.796076   0.273213   0.249441   0.935775   0.190730   0.965671   0.156509
0.249702   0.129873   0.585435   0.368528   0.190272   0.986174   0.909693   0.169467
0.235589   0.806069   0.749828   0.908294   0.921168   0.181249   0.000866   0.171349
0.413915   0.240156   0.462542   0.231688   0.102440   0.900160   0.997152   0.170137
0.591672   0.856814   0.091799   0.895209   0.187055   0.966569   0.929606   0.194094
0.331582   0.233592   0.547247   0.637298   0.186931   0.995638   0.978002   0.167752
0.455423   0.071264   0.531470   0.706069   0.981500   0.144514   0.195305   0.136784
0.018001   0.168937   0.798217   0.100524   0.164041   0.995404   0.090829   0.127256
0.414397   0.784669   0.426429   0.613873   0.907059   0.146056   0.983337   0.144969
0.419785   0.574873   0.798619   0.835341   0.181354   0.969384   0.005490   0.136291
0.560877   0.563595   0.564708   0.276978   0.902366   0.137902   0.901231   0.185372
0.424016   0.718707   0.834566   0.686145   0.908648   0.184839   0.090198   0.152576
0.883529   0.419051   0.311773   0.383639   0.920283   0.184877   0.999071   0.159903
0.891510   0.445766   0.780998   0.720934   0.923288   0.173962   0.076131   0.155486
0.375630   0.189661   0.282852   0.691347   0.102174   0.904122   0.983826   0.176080
0.109102   0.551776   0.159284   0.986911   0.121020   0.925364   0.910997   0.123998
0.478544   0.228590   0.349189   0.880021   0.034618   0.142561   0.957681   0.199463
0.067981   0.559085   0.748064   0.355421   0.109127   0.948809   0.037480   0.104029
0.254734   0.373044   0.582827   0.863495   0.155558   0.902538   0.951261   0.179946
0.160845   0.698268   0.890397   0.812234   0.139604   0.950731   0.036051   0.127033
0.587802   0.089500   0.215968   0.370990   0.900900   0.155511   0.988633   0.155979
0.689689   0.704328   0.637038   0.094057   0.192278   0.960383   0.084063   0.163843
0.614073   0.292757   0.334360   0.686749   0.980275   0.164342   0.905113   0.186711
0.770416   0.783927   0.465876   0.765596   0.158085   0.946512   0.962982   0.160583
0.153095   0.838398   0.417453   0.896898   0.919473   0.120819   0.918120   0.123535
0.115446   0.153324   0.474115   0.062556   0.182466   0.975169   0.910427   0.186554
0.640323   0.019823   0.600733   0.634858   0.907343   0.111987   0.019902   0.108793
0.403134   0.721052   0.590521   0.025166   0.981045   0.142335   0.994294   0.160439
0.796931   0.619068   0.215283   0.037040   0.956784   0.142123   0.926913   0.121812
0.472604   0.224915   0.139376   0.639350   0.017430   0.193408   0.924755   0.126057
0.352170   0.868814   0.624636   0.320567   0.955267   0.141223   0.024637   0.128987
0.745987   0.836357   0.377316   0.855212   0.100803   0.924726   0.924974   0.109079
0.667747   0.378912   0.292465   0.490474   0.969964   0.129000   0.995984   0.110521
0.129349   0.803208   0.977071   0.195617   0.908609   0.143894   0.054417   0.154449
0.509762   0.208318   0.845060   0.428209   0.925147   0.151653   0.098939   0.107373
0.705941   0.583339   0.474444   0.546917   0.911583   0.102767   0.934915   0.121876
0.062864   0.518914   0.075106   0.950213   0.134114   0.910381   0.993331   0.186106
0.734662   0.342259   0.836349   0.902774   0.938700   0.163068   0.051621   0.167845
0.228688   0.802989   0.129551   0.460196   0.986271   0.138899   0.964072   0.122431
0.240100   0.224692   0.144739   0.221472   0.111072   0.932230   0.920375   0.126653
0.721216   0.045750   0.406289   0.686033   0.915212   0.178567   0.976428   0.130703
0.842988   0.207076   0.260775   0.201346   0.964891   0.109059   0.964026   0.136286
0.370756   0.858340   0.281846   0.123836   0.938483   0.164659   0.981199   0.145076
0.170112   0.235423   0.095171   0.417651   0.126770   0.950483   0.913298   0.132886
0.457701   0.757062   0.563241   0.358596   0.122983   0.982685   0.967672   0.199689
0.529540   0.744673   0.720119   0.531291   0.113768   0.963194   0.063375   0.151713
0.797097   0.794709   0.417570   0.200878   0.183178   0.938410   0.902309   0.142775
0.244869   0.540805   0.076873   0.663803   0.193313   0.923172   0.924989   0.161542
0.628964   0.252111   0.274830   0.083134   0.930144   0.171071   0.999970   0.172876
0.965936   0.607523   0.957343   0.760162   0.901557   0.197098   0.054407   0.171333
0.824558   0.291955   0.460678   0.821645   0.990550   0.175195   0.946788   0.109742
0.668966   0.619731   0.860149   0.870476   0.941931   0.197204   0.058673   0.186402
0.141870   0.136079   0.265095   0.880751   0.171442   0.983143   0.981718   0.155612
0.908994   0.781255   0.492485   0.695285   0.168159   0.985198   0.984831   0.146488
0.724312   0.467547   0.644430   0.173288   0.982954   0.138267   0.012497   0.132369
0.901009   0.221056   0.132500   0.658478   0.912577   0.196191   0.980546   0.143281
0.230628   0.545067   0.182043   0.404406   0.140563   0.973991   0.918866   0.198571
0.514894   0.569977   0.928225   0.874798   0.121175   0.169900   0.982884   0.178535
0.322442   0.374870   0.830444   0.589442   0.139253   0.945400   0.039104   0.151174
0.323477   0.789184   0.711650   0.436482   0.931781   0.196888   0.092187   0.149959
0.023089   0.910511   0.511349   0.828871   0.923523   0.145640   0.986912   0.179002
0.040023   0.792382   0.494039   0.776791   0.966402   0.194635   0.960132   0.102138
0.400508   0.758738   0.375530   0.245092   0.980655   0.173489   0.964972   0.172419
0.015380   0.900832   0.573574   0.458974   0.985879   0.102092   0.931455   0.105624
0.787664   0.566332   0.579101   0.636645   0.990848   0.122372   0.990712   0.113687
0.177390   0.379395   0.908745   0.584125   0.120136   0.976521   0.015606   0.150918
0.579972   0.823738   0.676356   0.121175   0.120143   0.957164   0.061146   0.185719
0.133073   0.781841   0.539985   0.039718   0.948533   0.161816   0.952163   0.197002
0.324260   0.279989   0.503635   0.912112   0.155127   0.994831   0.944886   0.108718
0.555430   0.634153   0.499818   0.124755   0.933114   0.108268   0.962647   0.183947
0.126281   0.661561   0.386465   0.598063   0.179711   0.949494   0.980955   0.126932
0.902796   0.097676   0.353533   0.872770   0.969358   0.191659   0.958260   0.152505
0.426780   0.964589   0.844285   0.202983   0.983892   0.120399   0.020268   0.106332
0.383398   0.269899   0.099035   0.535960   0.177218   0.903396   0.959744   0.133924
0.281037   0.338261   0.472224   0.390174   0.194639   0.901059   0.943612   0.192497
0.595575   0.522767   0.689205   0.492623   0.983485   0.112449   0.094056   0.153311
0.689000   0.615267   0.561942   0.600646   0.967865   0.140099   0.964363   0.133682
0.956175   0.948952   0.211485   0.097767   0.118197   0.947607   0.999403   0.186858
0.520515   0.570706   0.421795   0.194617   0.155183   0.179349   0.935177   0.192656
0.771454   0.920625   0.928446   0.663272   0.190491   0.940953   0.034666   0.151607
0.149646   0.135025   0.520291   0.049378   0.180714   0.967385   0.956189   0.129893
0.236119   0.781147   0.856995   0.302735   0.921962   0.198393   0.013361   0.133281
0.240800   0.408003   0.686868   0.258559   0.140283   0.924868   0.098350   0.152851
0.898155   0.182916   0.399279   0.101384   0.969616   0.156200   0.947343   0.179047
0.862398   0.336626   0.065815   0.177074   0.996204   0.109265   0.957697   0.146217
0.618457   0.333960   0.200451   0.712905   0.967424   0.166964   0.936941   0.144259
0.698720   0.299974   0.047206   0.564804   0.923582   0.162024   0.904522   0.134663
0.533681   0.520959   0.402969   0.419473   0.113646   0.161728   0.959941   0.130207
0.688416   0.878665   0.135300   0.423673   0.182601   0.991980   0.916541   0.112995
0.717902   0.838426   0.143019   0.441654   0.109984   0.931600   0.993538   0.156099
0.082078   0.076260   0.634647   0.469565   0.188786   0.955114   0.034394   0.109209
0.766709   0.213520   0.491997   0.895305   0.942521   0.152598   0.990690   0.137543
0.575345   0.535904   0.624905   0.175141   0.932440   0.107753   0.051981   0.195610
0.780036   0.669181   0.286732   0.674854   0.948050   0.101495   0.990165   0.125101
0.336977   0.513678   0.807256   0.237877   0.150829   0.982756   0.038812   0.170192
0.275407   0.934627   0.846498   0.062613   0.944219   0.179234   0.077341   0.192121
0.549257   0.251314   0.469091   0.903526   0.011724   0.151467   0.995302   0.171064
0.652174   0.743119   0.339825   0.883787   0.153814   0.942722   0.904918   0.129311
0.811759   0.450334   0.755253   0.546906   0.990447   0.178341   0.001180   0.138721
0.960958   0.407989   0.396356   0.683449   0.983154   0.191550   0.932359   0.191423
0.506871   0.910798   0.080235   0.701061   0.171550   0.968125   0.187301   0.169724
0.896809   0.537934   0.262334   0.860742   0.966581   0.173705   0.955046   0.145917
0.725137   0.925199   0.414913   0.692481   0.130268   0.993395   0.943599   0.129119
0.444971   0.053920   0.717411   0.299528   0.176039   0.967151   0.002820   0.107300
0.483768   0.475124   0.118647   0.316190   0.183157   0.169806   0.979916   0.157460
0.672610   0.384983   0.616764   0.073862   0.965156   0.191723   0.068414   0.124247
0.736187   0.774519   0.263673   0.938663   0.189467   0.949107   0.919098   0.163690
0.333199   0.737548   0.839539   0.861478   0.954662   0.111987   0.068315   0.158467
0.439920   0.540834   0.089443   0.504176   0.180843   0.931890   0.905440   0.172308
0.970445   0.523697   0.305068   0.788291   0.970587   0.138051   0.995209   0.138706
0.702393   0.214051   0.542473   0.488539   0.936761   0.112647   0.964689   0.166154
0.572374   0.715820   0.450488   0.799365   0.174706   0.937760   0.995842   0.115106
0.074377   0.877177   0.583693   0.931417   0.983264   0.119799   0.981362   0.138518
0.164240   0.575435   0.804213   0.490170   0.151926   0.967171   0.031813   0.107881
0.775677   0.009967   0.891476   0.671929   0.941130   0.146026   0.041805   0.165557
0.625976   0.155864   0.616631   0.705731   0.903659   0.169396   0.066405   0.102550
0.176962   0.637472   0.379803   0.222637   0.194410   0.924010   0.936309   0.193846
0.764025   0.777290   0.315029   0.304134   0.122745   0.901455   0.934711   0.107880
0.549528   0.416326   0.146536   0.313090   0.142749   0.167058   0.917683   0.146520
0.030284   0.453330   0.673088   0.697997   0.142101   0.957698   0.019295   0.170089
0.287189   0.944671   0.430363   0.616916   0.915689   0.169954   0.930709   0.111434
0.524663   0.282127   0.682160   0.700698   0.975403   0.121356   0.025326   0.100516
0.761468   0.408697   0.594894   0.735985   0.960304   0.170419   0.910031   0.137586
0.269289   0.603877   0.800854   0.403278   0.132629   0.919264   0.012939   0.103848
0.040892   0.343960   0.579532   0.498830   0.128886   0.919297   0.943647   0.178529
0.158412   0.548337   0.182314   0.057006   0.185956   0.931814   0.904440   0.173594
0.856302   0.542926   0.321508   0.324830   0.981518   0.137454   0.989693   0.110720
0.602284   0.141441   0.994802   0.745846   0.978756   0.137139   0.010200   0.112470
0.267440   0.509627   0.812423   0.905260   0.104856   0.928924   0.034363   0.110513
0.121729   0.531742   0.908545   0.924746   0.163540   0.937547   0.091636   0.187808
0.951763   0.976454   0.604710   0.258503   0.170961   0.917771   0.034437   0.164129
0.317919   0.452602   0.923620   0.729482   0.142705   0.931856   0.045748   0.128141
0.861930   0.964347   0.916722   0.189431   0.174404   0.942328   0.083506   0.106806
0.959870   0.251715   0.498371   0.423452   0.952510   0.102557   0.978181   0.119231
0.813114   0.154888   0.674543   0.385335   0.988297   0.151265   0.070431   0.118257
0.159005   0.376145   0.153979   0.792517   0.149115   0.947499   0.916863   0.124316
0.304050   0.054644   0.440365   0.388069   0.145013   0.923550   0.976248   0.116248
0.637132   0.265340   0.104039   0.378889   0.916941   0.137350   0.927836   0.112039
0.477839   0.060470   0.173937   0.761010   0.933485   0.123881   0.127513   0.168492
0.191537   0.185329   0.757726   0.520601   0.169129   0.910602   0.068075   0.137876
0.375386   0.094539   0.298767   0.669955   0.119497   0.950273   0.936425   0.158545
0.930150   0.158819   0.589023   0.470323   0.961820   0.158577   0.997808   0.196396
0.732590   0.570517   0.361653   0.276508   0.937851   0.184393   0.956804   0.177719
0.723125   0.558375   0.338263   0.855731   0.903316   0.111219   0.961610   0.106059
0.660433   0.101103   0.753886   0.735406   0.934129   0.132241   0.076050   0.168827
0.391881   0.931250   0.847349   0.614551   0.978720   0.175780   0.034095   0.142558
0.237804   0.826736   0.386254   0.329372   0.949173   0.146126   0.929439   0.105395
0.791510   0.220232   0.187091   0.435463   0.954704   0.130001   0.908859   0.144070
0.255633   0.507204   0.653414   0.784056   0.102762   0.922593   0.043662   0.131656
0.872629   0.396747   0.520460   0.720460   0.938736   0.181708   0.922008   0.121693
0.531319   0.324324   0.274437   0.681170   0.149212   0.144711   0.960718   0.124776
0.883236   0.230788   0.571858   0.861363   0.986578   0.188464   0.992493   0.142635
0.307749   0.223778   0.436072   0.190717   0.143348   0.983876   0.931893   0.171178
0.287604   0.871347   0.916033   0.760396   0.999803   0.114531   0.032749   0.130815
0.422394   0.667144   0.333837   0.422457   0.187036   0.909391   0.954303   0.185966
0.945707   0.375841   0.600053   0.547935   0.929251   0.117111   0.093680   0.196455
0.573387   0.844765   0.566608   0.546643   0.145888   0.988713   0.978646   0.187086
0.791455   0.855098   0.447073   0.065332   0.186550   0.982843   0.950422   0.123714
0.861762   0.386540   0.476352   0.227740   0.939340   0.155187   0.946067   0.147506
0.868537   0.545420   0.783364   0.372147   0.909113   0.142158   0.031483   0.191680
0.225418   0.928441   0.730695   0.523249   0.922046   0.176534   0.030228   0.105193
0.214248   0.136934   0.794780   0.485178   0.128692   0.985838   0.000152   0.156277
0.416481   0.850282   0.075526   0.761211   0.968123   0.157430   0.964316   0.194017
0.840930   0.566525   0.651957   0.080610   0.933308   0.131801   0.000456   0.165182
0.223573   0.611423   0.223909   0.270898   0.153354   0.937589   0.991074   0.141418
0.090058   0.318955   0.646787   0.864473   0.137784   0.981566   0.054017   0.187800
0.499846   0.860013   0.178794   0.364037   0.124883   0.933670   0.914766   0.156823
0.143701   0.857432   0.883365   0.572631   0.970005   0.153605   0.000705   0.163779
0.763291   0.076706   0.445075   0.436972   0.966354   0.197767   0.963609   0.147104
0.914907   0.133929   0.688603   0.072171   0.938588   0.196715   0.083864   0.135865
0.467579   0.780206   0.352976   0.907529   0.189797   0.017447   0.934057   0.188184
0.580512   0.694745   0.353593   0.194252   0.997556   0.179006   0.921740   0.178384
0.244488   0.129165   0.258739   0.389197   0.111955   0.933211   0.993618   0.172597
0.892796   0.322292   0.012411   0.378936   0.949355   0.103101   0.984410   0.114730
0.492221   0.948009   0.869059   0.792557   0.153366   0.937626   0.154995   0.116768
0.081394   0.561751   0.705128   0.495693   0.165615   0.961493   0.050394   0.128781
0.241833   0.930947   0.925807   0.958782   0.951202   0.175919   0.038986   0.103502
0.428063   0.387135   0.234331   0.445433   0.159601   0.930832   0.940428   0.151095
0.571474   0.574064   0.589736   0.273131   0.913896   0.187160   0.908317   0.189947
0.633910   0.568621   0.504869   0.334699   0.927122   0.123201   0.987134   0.118197
0.378800   0.539643   0.230669   0.158428   0.141040   0.993901   0.950830   0.182629
0.639469   0.864483   0.565883   0.288452   0.130604   0.966137   0.955129   0.140291
0.527802   0.667439   0.624460   0.582559   0.123766   0.147978   0.959242   0.171534
0.615125   0.768153   0.154845   0.126799   0.177687   0.976276   0.964058   0.177276
0.740377   0.348479   0.888536   0.497656   0.934510   0.156006   0.063933   0.191225
0.465965   0.040435   0.294907   0.889762   0.963225   0.199925   0.181131   0.171994
0.750297   0.800012   0.196085   0.797076   0.123973   0.987268   0.982120   0.128400
0.887560   0.081750   0.508341   0.808241   0.903958   0.156107   0.980429   0.192180
0.259195   0.172096   0.585321   0.428958   0.191263   0.966433   0.908920   0.189312
0.708981   0.907642   0.186326   0.568032   0.199973   0.946283   0.969304   0.100889
0.576548   0.613414   0.846510   0.859594   0.986566   0.145969   0.015995   0.127602
0.609430   0.927888   0.165965   0.571189   0.161498   0.907926   0.993419   0.108506
0.336345   0.350847   0.845572   0.287450   0.124781   0.926354   0.093134   0.128597
0.424516   0.466390   0.785328   0.153286   0.143934   0.937627   0.025702   0.127698
0.395183   0.616384   0.326062   0.312383   0.154658   0.935801   0.951349   0.143815
0.609549   0.771931   0.637054   0.577343   0.116662   0.947134   0.062842   0.166922
0.191280   0.088766   0.860016   0.378914   0.180341   0.922713   0.038029   0.144527
0.932947   0.175799   0.407381   0.477721   0.950372   0.134715   0.903181   0.155569
0.832239   0.250728   0.677436   0.792069   0.967869   0.159133   0.053982   0.181078
0.258117   0.786438   0.313174   0.589955   0.949894   0.198631   0.926593   0.114964
0.459486   0.798235   0.287580   0.169275   0.152372   0.935095   0.986707   0.160963
0.630132   0.651881   0.237461   0.755515   0.937748   0.121499   0.954649   0.181178
0.470128   0.244969   0.356372   0.362244   0.960709   0.130793   0.998223   0.125763
0.137249   0.554366   0.503648   0.607998   0.186033   0.996548   0.984459   0.186025
0.179124   0.122020   0.434090   0.652541   0.103657   0.901982   0.969939   0.160626
0.436442   0.114289   0.332307   0.915945   0.128353   0.900377   0.936890   0.159642
0.573592   0.905970   0.692475   0.502556   0.132227   0.978501   0.021904   0.171568
0.607576   0.624257   0.744545   0.643521   0.986786   0.140809   0.049089   0.179703
0.888464   0.493464   0.469258   0.482790   0.930530   0.135367   0.926564   0.121413
0.176228   0.754181   0.109842   0.228405   0.964738   0.103864   0.996941   0.136000
0.889033   0.184248   0.809054   0.599765   0.941936   0.117142   0.047853   0.125040
0.316480   0.254569   0.899508   0.757890   0.113200   0.974467   0.006585   0.150270
0.948831   0.549332   0.683122   0.355786   0.943557   0.111269   0.049937   0.119829
0.867742   0.140169   0.191289   0.788201   0.919448   0.133593   0.967759   0.191735
0.154436   0.263611   0.094645   0.109499   0.139248   0.918453   0.978676   0.135351
0.072110   0.395985   0.225809   0.641639   0.146806   0.984542   0.988393   0.133833
0.220684   0.965286   0.749695   0.494910   0.973384   0.170444   0.002014   0.146710
0.347468   0.550918   0.393577   0.169694   0.113908   0.920322   0.903220   0.163413
0.538755   0.425866   0.163467   0.123561   0.149709   0.195605   0.906691   0.106889
0.312705   0.350235   0.684795   0.707909   0.141384   0.914994   0.071980   0.194937
0.748154   0.130403   0.884024   0.424250   0.953967   0.190785   0.098495   0.148862
0.863779   0.629206   0.676836   0.362291   0.911036   0.153211   0.064583   0.167051
0.245599   0.450667   0.321200   0.871916   0.154788   0.976406   0.990469   0.128988
0.398755   0.465464   0.321785   0.237212   0.127035   0.968954   0.955944   0.199382
0.925147   0.802188   0.531241   0.908267   0.128803   0.908254   0.923423   0.189843
0.184442   0.907314   0.479074   0.519500   0.940585   0.114784   0.948952   0.167842
0.672148   0.654978   0.659910   0.643260   0.912148   0.114927   0.058894   0.115523
0.661034   0.632816   0.422299   0.260233   0.944892   0.121392   0.977823   0.163761
0.261690   0.466128   0.069476   0.361412   0.166128   0.929280   0.981976   0.172952
0.334040   0.233424   0.686838   0.613080   0.176379   0.971319   0.050032   0.185534
0.429927   0.628606   0.532888   0.243247   0.129499   0.939708   0.909565   0.192098
0.458343   0.134405   0.818924   0.412174   0.921677   0.152680   0.073343   0.139883
0.269544   0.531663   0.307372   0.315679   0.104597   0.959488   0.929822   0.183269
0.379268   0.141216   0.096900   0.889657   0.156252   0.948383   0.930871   0.158423
0.721252   0.386327   0.908759   0.679031   0.913043   0.199219   0.024499   0.149422
0.438591   0.407181   0.798740   0.869092   0.145804   0.922291   0.051349   0.191261
0.542207   0.957707   0.084178   0.510157   0.140333   0.905632   0.150845   0.157776
0.568045   0.317416   0.290204   0.764687   0.951440   0.131655   0.938801   0.143151
0.135822   0.469270   0.893576   0.830036   0.119613   0.996013   0.017963   0.170776
0.613068   0.164022   0.866672   0.622636   0.997767   0.167459   0.008329   0.150872
0.259036   0.888805   0.966504   0.814495   0.975402   0.139170   0.041139   0.172265
0.276522   0.362328   0.880668   0.278060   0.106570   0.909366   0.020759   0.159572
0.901484   0.723753   0.309005   0.121252   0.172079   0.963077   0.910213   0.175665
0.401799   0.908641   0.274761   0.476442   0.986235   0.168547   0.995789   0.148248
0.839567   0.873487   0.576295   0.614888   0.172160   0.911247   0.979360   0.146557
0.821466   0.253410   0.844599   0.310611   0.929611   0.131887   0.039478   0.102965
0.410702   0.475549   0.325886   0.650274   0.172217   0.908059   0.946445   0.130431
0.352608   0.318697   0.363802   0.704877   0.185729   0.913304   0.987814   0.155619
0.603153   0.082394   0.435350   0.573351   0.924095   0.178888   0.974757   0.190494
0.084430   0.066305   0.515976   0.697582   0.178654   0.923307   0.971140   0.143920
0.848662   0.544336   0.050839   0.801801   0.969610   0.141213   0.963172   0.122962
0.280467   0.635785   0.430744   0.162834   0.123325   0.961233   0.932564   0.175728
0.894402   0.809707   0.458145   0.599205   0.117288   0.905508   0.923554   0.198361
0.387578   0.245982   0.267404   0.925578   0.152846   0.929216   0.996667   0.128006
0.566921   0.820030   0.730567   0.789248   0.131001   0.967744   0.062066   0.188706
0.727166   0.553566   0.711278   0.195916   0.996991   0.103418   0.099021   0.121460
0.101394   0.235418   0.849478   0.396454   0.150083   0.966428   0.040962   0.173115
0.619735   0.281415   0.161926   0.774369   0.934493   0.111775   0.989817   0.118031
0.351719   0.581002   0.394833   0.665150   0.154264   0.998863   0.978792   0.118317
0.704709   0.365432   0.796483   0.219779   0.997315   0.195649   0.032373   0.159606
0.114910   0.754270   0.023775   0.762299   0.974909   0.158584   0.988736   0.131940
0.388570   0.409447   0.725993   0.424869   0.146272   0.970743   0.013022   0.125742
0.146792   0.175717   0.746447   0.164388   0.196712   0.934195   0.016574   0.166482
0.570534   0.213780   0.059607   0.923723   0.989781   0.123349   0.956517   0.173171
0.811702   0.257636   0.326134   0.772081   0.911949   0.115499   0.900543   0.120304
0.700633   0.095327   0.885027   0.919212   0.943407   0.153164   0.016349   0.144625
0.563973   0.542877   0.510367   0.547736   0.916292   0.109375   0.932405   0.148106
0.935081   0.804558   0.781349   0.353862   0.132218   0.968467   0.082625   0.158797
0.267645   0.360085   0.526854   0.393725   0.139905   0.965942   0.951798   0.105317
0.352191   0.538552   0.888770   0.165537   0.127138   0.933116   0.018685   0.141053
0.559577   0.444392   0.499021   0.846376   0.944386   0.192028   0.925474   0.171860
0.269779   0.458949   0.713670   0.609782   0.170725   0.929224   0.066938   0.117072
0.828071   0.493374   0.546497   0.687092   0.938920   0.136213   0.989708   0.119454
0.827004   0.813141   0.369152   0.578991   0.154303   0.962661   0.903099   0.181901
0.275355   0.260845   0.866989   0.606550   0.168245   0.987668   0.030809   0.126959
0.498413   0.229924   0.825998   0.806974   0.995110   0.175081   0.046915   0.182998
0.199135   0.143634   0.159687   0.796945   0.158845   0.991451   0.992660   0.177760
0.628580   0.108769   0.768299   0.676356   0.989732   0.105264   0.059298   0.156049
0.661831   0.799125   0.356455   0.608729   0.130074   0.989706   0.973852   0.145267
0.127113   0.638720   0.747387   0.223021   0.154580   0.943561   0.044770   0.175970
0.316710   0.348896   0.764938   0.370645   0.193584   0.928395   0.049487   0.125029
0.206623   0.338678   0.632055   0.258832   0.162613   0.923351   0.020020   0.166955
0.177531   0.082679   0.899994   0.309469   0.192488   0.979154   0.081623   0.114612
0.286576   0.963024   0.318334   0.858357   0.907783   0.152427   0.910915   0.174724
0.644572   0.340233   0.291804   0.629005   0.925048   0.155881   0.904503   0.198730
0.220820   0.681723   0.859558   0.940036   0.151653   0.925197   0.088133   0.195734
0.087736   0.484140   0.908226   0.445176   0.195763   0.927523   0.023147   0.109424
0.278774   0.409979   0.094144   0.409557   0.108182   0.914639   0.911932   0.196822
0.482831   0.199933   0.595137   0.666359   0.081024   0.161365   0.976666   0.112003
0.563711   0.738038   0.216023   0.430354   0.186816   0.918284   0.919046   0.114674
0.595832   0.291555   0.703400   0.876139   0.970619   0.126352   0.062590   0.161640
0.632390   0.566706   0.211327   0.166747   0.944670   0.135592   0.956237   0.130414
0.123925   0.446534   0.596247   0.368737   0.198535   0.997619   0.970116   0.194832
0.162645   0.421014   0.022126   0.455258   0.182418   0.937362   0.921157   0.132218
0.748381   0.920306   0.404969   0.237396   0.111984   0.980782   0.966756   0.185029
0.177862   0.599831   0.161439   0.036065   0.178874   0.963390   0.954392   0.135497
0.192937   0.650451   0.745363   0.210360   0.192300   0.971523   0.066769   0.155277
0.305635   0.386171   0.430786   0.157164   0.104687   0.987343   0.914029   0.154858
0.764235   0.405357   0.112781   0.022244   0.908843   0.154590   0.947324   0.136283
0.883073   0.096436   0.472340   0.846757   0.908755   0.178376   0.969607   0.153782
0.737646   0.887434   0.261449   0.501088   0.140423   0.974060   0.987567   0.156902
0.359725   0.334585   0.880155   0.688857   0.167843   0.946268   0.064630   0.127694
0.307332   0.652992   0.284568   0.568986   0.153808   0.977891   0.905303   0.134625
0.482784   0.333029   0.823661   0.901900   0.183999   0.167073   0.963001   0.155088
0.169176   0.272856   0.430191   0.414820   0.176703   0.907944   0.912992   0.147164
0.807627   0.816146   0.714391   0.516601   0.148531   0.953530   0.049326   0.126857
0.522420   0.655243   0.764283   0.682757   0.154271   0.189062   0.992313   0.116554
0.644724   0.560510   0.296350   0.840895   0.967803   0.195834   0.936784   0.182621
0.358167   0.556792   0.246729   0.607928   0.138865   0.962595   0.942173   0.187288
0.286994   0.689688   0.744095   0.225385   0.167793   0.988169   0.036564   0.106053
0.577672   0.936883   0.383579   0.538461   0.174738   0.936199   0.955869   0.151168
0.735696   0.858254   0.547964   0.033461   0.119294   0.995406   0.913189   0.169269
0.824056   0.590075   0.422002   0.290094   0.966363   0.140548   0.931331   0.199194
0.607722   0.374881   0.615632   0.896170   0.965878   0.148041   0.004644   0.102748
0.289036   0.071546   0.843074   0.289023   0.139146   0.924282   0.082275   0.184761
0.801084   0.895034   0.136131   0.640347   0.156455   0.955216   0.991692   0.193400
0.317798   0.067351   0.349603   0.598364   0.119667   0.954711   0.950262   0.148322
0.544951   0.842702   0.586528   0.371352   0.185165   0.941442   0.985135   0.101665
0.566370   0.131335   0.552236   0.245673   0.961576   0.167368   0.966534   0.181322
0.491435   0.239162   0.963383   0.829577   0.902103   0.175363   0.073242   0.159701
0.375002   0.111832   0.097920   0.486402   0.144432   0.988785   0.911129   0.161331
0.825658   0.742984   0.168327   0.726912   0.182315   0.997864   0.973423   0.105136
0.647747   0.953766   0.285926   0.094284   0.139241   0.960410   0.971692   0.129349
0.334451   0.734175   0.477955   0.626988   0.995754   0.136089   0.904256   0.105396
0.365827   0.055589   0.162464   0.382348   0.189780   0.986780   0.997872   0.178370
0.733392   0.129250   0.148013   0.914118   0.965421   0.172510   0.973601   0.105641
0.525193   0.088441   0.863943   0.592083   0.909918   0.139047   0.134714   0.152082
0.281561   0.901247   0.305036   0.777048   0.972613   0.109178   0.970860   0.138280
0.818064   0.097000   0.409834   0.151418   0.944479   0.191548   0.945315   0.192304
0.528057   0.801587   0.184513   0.035002   0.172516   0.946943   0.987722   0.177993
0.614886   0.673643   0.241418   0.718445   0.956476   0.121454   0.908763   0.101673
0.638361   0.774237   0.953875   0.502671   0.105595   0.947241   0.018132   0.196434
0.200389   0.974996   0.202832   0.572722   0.959782   0.138153   0.935868   0.199931
0.397471   0.884644   0.209340   0.177059   0.958393   0.122297   0.989059   0.184388
0.300009   0.748770   0.651308   0.518595   0.979757   0.180272   0.053812   0.162225
0.284503   0.133486   0.406502   0.123648   0.110066   0.945165   0.910810   0.155210
0.424053   0.130196   0.665349   0.921264   0.101432   0.979553   0.064255   0.139831
0.241018   0.096549   0.902906   0.285498   0.132398   0.909362   0.082754   0.116311
0.530015   0.455520   0.624088   0.478851   0.138957   0.163133   0.975934   0.133145
0.779615   0.957993   0.193140   0.446191   0.144116   0.947126   0.939328   0.191302
0.744668   0.178709   0.120285   0.407842   0.904938   0.177282   0.955425   0.126735
0.710494   0.501456   0.743397   0.633221   0.944468   0.174404   0.029725   0.119779
0.852716   0.646857   0.809811   0.625660   0.980577   0.108123   0.061854   0.111941
0.428860   0.623102   0.709659   0.012945   0.149124   0.982288   0.068228   0.147703
0.283980   0.406163   0.463440   0.484806   0.168994   0.951884   0.941914   0.159530
0.841060   0.780308   0.554142   0.593684   0.160588   0.910633   0.957991   0.159010
0.866814   0.655267   0.439747   0.696359   0.945085   0.127450   0.938316   0.135135
0.566428   0.091797   0.489813   0.845906   0.961959   0.183583   0.954981   0.111014
0.520987   0.582229   0.913383   0.370357   0.188129   0.107733   0.949167   0.111347
0.041186   0.991527   0.386251   0.378709   0.925040   0.139119   0.913145   0.120067
0.784325   0.355465   0.896585   0.711276   0.911717   0.173744   0.068620   0.167173
0.211218   0.417354   0.782506   0.755704   0.167578   0.969351   0.077541   0.174671
0.393772   0.906442   0.251290   0.083357   0.961910   0.119915   0.942541   0.194142
0.388743   0.782379   0.330944   0.179668   0.926123   0.179635   0.915871   0.112204
0.856433   0.336738   0.652036   0.571233   0.952107   0.148968   0.089184   0.123904
0.750849   0.887222   0.789751   0.472241   0.141391   0.952620   0.009579   0.107647
0.462541   0.551566   0.731942   0.543593   0.158073   0.144627   0.946399   0.119146
0.805977   0.165270   0.504084   0.907001   0.982574   0.140030   0.957447   0.130053
0.183513   0.116793   0.595989   0.542114   0.181139   0.961269   0.903294   0.122484
0.295333   0.821859   0.641300   0.428360   0.962008   0.142852   0.054954   0.127198
0.477737   0.950506   0.292496   0.682293   0.192080   0.969263   0.156663   0.131819
0.597174   0.680242   0.406314   0.404752   0.949256   0.115248   0.939762   0.151402
0.156464   0.700230   0.237747   0.280972   0.945251   0.138150   0.991041   0.116983
0.769388   0.607136   0.138155   0.293194   0.999320   0.194280   0.988585   0.117870
0.676344   0.479931   0.183253   0.691691   0.987529   0.194302   0.994925   0.171289
0.805140   0.481247   0.805723   0.201415   0.907079   0.189640   0.021792   0.199515
0.928385   0.866929   0.184364   0.900696   0.117684   0.981689   0.918585   0.116060
0.184167   0.855430   0.423562   0.292638   0.958883   0.108936   0.901623   0.152552
0.432061   0.728891   0.770080   0.713560   0.920535   0.156173   0.055455   0.152692
0.383533   0.757375   0.234514   0.645997   0.969821   0.171948   0.901927   0.131497
0.205112   0.901621   0.107094   0.179441   0.929416   0.191062   0.931913   0.117703
0.690187   0.750192   0.364450   0.690769   0.156872   0.990805   0.931301   0.171165
0.870873   0.586377   0.464575   0.510546   0.927308   0.143291   0.985340   0.149230
0.328022   0.746252   0.940436   0.717883   0.912485   0.173038   0.010237   0.194481
0.467556   0.208028   0.740643   0.205058   0.988345   0.191428   0.069858   0.179044
0.721716   0.412895   0.794134   0.094484   0.906114   0.114203   0.066487   0.102806
0.859347   0.111124   0.815239   0.689686   0.952453   0.123156   0.069870   0.166460
0.533584   0.818490   0.392260   0.261099   0.105977   0.903978   0.913761   0.191457
0.528432   0.388099   0.855735   0.560436   0.181819   0.198204   0.902793   0.114118
0.921894   0.349029   0.160505   0.106533   0.975994   0.128151   0.985447   0.110900
0.370266   0.141810   0.484599   0.070210   0.196127   0.979587   0.930997   0.101639
0.546575   0.929761   0.364403   0.402450   0.178807   0.995280   0.126381   0.109216
0.523179   0.412871   0.909695   0.182653   0.107004   0.174630   0.935671   0.123522
0.885006   0.599771   0.385460   0.257902   0.969790   0.163372   0.917434   0.194989
0.881142   0.679511   0.799202   0.718836   0.947975   0.170289   0.046458   0.116049
0.555258   0.420134   0.199579   0.157025   0.929829   0.142137   0.936909   0.198935
0.806343   0.257052   0.339790   0.744286   0.908744   0.117270   0.951962   0.131783
0.890830   0.475680   0.442171   0.555993   0.951366   0.104747   0.988246   0.175953
0.919065   0.972602   0.937293   0.190639   0.133153   0.954406   0.007070   0.189495
0.152641   0.432317   0.400538   0.952415   0.157254   0.927139   0.914779   0.143680
0.076741   0.294674   0.507776   0.087534   0.191229   0.998737   0.947096   0.175229
0.557839   0.937113   0.643327   0.927508   0.117707   0.992655   0.003354   0.164990
0.895721   0.636029   0.644063   0.183575   0.962796   0.163275   0.049233   0.137685
0.827026   0.952732   0.453458   0.072877   0.177305   0.936040   0.958572   0.195477
0.386835   0.071316   0.366601   0.074327   0.137546   0.922112   0.989667   0.156866
0.922310   0.254681   0.605227   0.506081   0.918444   0.114851   0.075316   0.129056
0.358970   0.505194   0.297173   0.055807   0.197451   0.916131   0.914257   0.118671
0.488401   0.242211   0.332497   0.727103   0.018774   0.156533   0.939721   0.127302
0.239845   0.540508   0.935260   0.248914   0.181558   0.940009   0.075855   0.154985
0.463448   0.804959   0.375894   0.929700   0.179726   0.083236   0.992191   0.142344
0.855956   0.918203   0.490794   0.352162   0.106993   0.910829   0.925083   0.130017
0.799170   0.639811   0.917059   0.402551   0.959611   0.180460   0.040376   0.160337
0.612868   0.313876   0.877932   0.459580   0.930599   0.103299   0.004261   0.103826
0.269835   0.736122   0.145870   0.266674   0.976020   0.131354   0.950176   0.180553
0.379901   0.306311   0.623866   0.396207   0.121461   0.985240   0.040706   0.136580
0.486685   0.184437   0.521799   0.647934   0.038009   0.172545   0.904497   0.122975
0.746073   0.122802   0.646444   0.161755   0.977948   0.192190   0.046831   0.151657
0.416119   0.177573   0.570403   0.693566   0.138478   0.988116   0.960997   0.172195
0.658411   0.104278   0.870610   0.421154   0.936072   0.183277   0.071223   0.161343
0.812614   0.767259   0.336019   0.404962   0.108692   0.943972   0.971025   0.101545
0.934560   0.743368   0.762748   0.275625   0.164051   0.910076   0.037620   0.170206
0.231500   0.895499   0.127284   0.934447   0.947731   0.106377   0.929454   0.189156
0.512154   0.507714   0.858125   0.878635   0.151002   0.164397   0.963971   0.112021
0.198383   0.457874   0.618555   0.318705   0.158033   0.927800   0.025176   0.192797
0.610710   0.122643   0.136916   0.104006   0.903188   0.163777   0.998776   0.171798
0.170953   0.699279   0.557716   0.094822   0.196300   0.933186   0.906709   0.101649
0.355490   0.100480   0.238021   0.782912   0.172688   0.947149   0.956280   0.129751
0.590406   0.430857   0.648504   0.982354   0.981782   0.140820   0.055022   0.194712
0.234904   0.853951   0.898806   0.524098   0.955657   0.159620   0.025451   0.149013
0.668501   0.642695   0.148533   0.629826   0.933209   0.154187   0.999103   0.143896
0.643491   0.203307   0.538617   0.183986   0.934245   0.191089   0.924061   0.152085
0.085040   0.867349   0.501164   0.446403   0.994869   0.130320   0.928977   0.180345
0.901457   0.901303   0.873683   0.896567   0.187207   0.959715   0.038769   0.150806
0.222847   0.729323   0.749291   0.194803   0.971917   0.188757   0.035982   0.183649
0.137536   0.642379   0.621600   0.223827   0.164530   0.972646   0.044575   0.112834
0.703666   0.286823   0.712102   0.029048   0.928165   0.151615   0.070167   0.129504
0.368449   0.190091   0.617297   0.604607   0.128757   0.911658   0.076385   0.173189
0.061025   0.841969   0.912439   0.388014   0.936620   0.166195   0.089089   0.107125
0.423303   0.929108   0.718751   0.147125   0.975556   0.136067   0.096053   0.110713
0.102914   0.283942   0.734363   0.547813   0.167218   0.942563   0.086913   0.164110
0.163662   0.780076   0.492707   0.712463   0.967460   0.175312   0.950106   0.105038
0.753049   0.905783   0.252672   0.458643   0.134483   0.972616   0.946775   0.178491
0.480893   0.918796   0.851767   0.896785   0.150132   0.952169   0.182899   0.158111
0.709896   0.427801   0.729208   0.875915   0.939320   0.167769   0.017321   0.152211
0.526260   0.931123   0.635826   0.766571   0.145801   0.999972   0.197306   0.160496
0.829602   0.583661   0.619207   0.321941   0.924470   0.108090   0.091599   0.113904
0.158710   0.667981   0.212506   0.285062   0.156869   0.996723   0.976535   0.193890
0.101042   0.177129   0.099754   0.667309   0.132102   0.939696   0.970439   0.148578
0.849624   0.462360   0.268683   0.855802   0.920359   0.179495   0.918874   0.192060
0.701788   0.359822   0.419331   0.162294   0.963961   0.156263   0.910360   0.117299
0.630795   0.734326   0.704497   0.878993   0.129701   0.907121   0.062146   0.192095
0.920413   0.654610   0.599451   0.203484   0.962230   0.167336   0.993628   0.113562
0.810286   0.266565   0.065790   0.211727   0.953859   0.186999   0.955695   0.144445
0.880384   0.552020   0.514711   0.445387   0.926181   0.114439   0.997943   0.130108
0.219106   0.494386   0.400550   0.077884   0.137176   0.921610   0.977602   0.100002
0.727000   0.265813   0.167217   0.019181   0.903570   0.108282   0.914142   0.181470
0.917061   0.850684   0.492691   0.516461   0.131996   0.900140   0.975039   0.110361
0.564827   0.141080   0.573247   0.179536   0.986352   0.109561   0.922658   0.104864
0.865114   0.338365   0.554954   0.434309   0.983993   0.121591   0.970772   0.148511
0.574406   0.729323   0.713841   0.631312   0.158311   0.911418   0.077780   0.107726
0.620919   0.731741   0.003884   0.634987   0.141088   0.996329   0.996594   0.196049
0.477029   0.538568   0.547879   0.469170   0.190655   0.179511   0.988319   0.154902
0.261101   0.242734   0.901509   0.419811   0.162376   0.989285   0.002015   0.101752
0.108685   0.303337   0.042432   0.254175   0.108682   0.980228   0.996649   0.157684
0.088206   0.422675   0.543495   0.683208   0.149290   0.920472   0.927771   0.109575
0.230634   0.727204   0.344894   0.471436   0.977475   0.178387   0.959692   0.118636
0.172573   0.358639   0.573391   0.534432   0.114717   0.964024   0.966968   0.184789
0.825627   0.503835   0.230476   0.163557   0.941592   0.127997   0.907627   0.108166
0.327774   0.491723   0.741489   0.368184   0.159823   0.978308   0.076358   0.157113
0.453433   0.609571   0.885961   0.422945   0.147710   0.160695   0.940058   0.167663
0.827943   0.714708   0.700722   0.849530   0.196893   0.928177   0.068933   0.159630
0.278092   0.722081   0.334678   0.782105   0.951527   0.181504   0.964964   0.175117
0.117154   0.576838   0.191200   0.462924   0.122056   0.990274   0.985326   0.101241
0.608440   0.401326   0.113497   0.661673   0.904152   0.189438   0.932370   0.118149
0.110281   0.356424   0.917449   0.233363   0.161753   0.956337   0.070416   0.109161
0.482905   0.117153   0.846284   0.478614   0.976226   0.171813   0.047449   0.161547
0.438198   0.821723   0.813963   0.170181   0.952816   0.154028   0.019136   0.110704
0.375301   0.527864   0.633434   0.951272   0.179993   0.982601   0.031842   0.160659
0.689349   0.113186   0.277306   0.363549   0.914228   0.134038   0.996008   0.139708
0.579509   0.389565   0.776313   0.588976   0.932427   0.137863   0.066897   0.199084
0.727600   0.087164   0.423532   0.096007   0.953384   0.141472   0.981144   0.184720
0.828606   0.691118   0.903377   0.688515   0.994996   0.141540   0.042412   0.110751
0.118095   0.768830   0.880322   0.657325   0.982639   0.125745   0.035095   0.126224
0.912613   0.391320   0.408906   0.948924   0.988439   0.124799   0.998548   0.175603
0.352460   0.847376   0.875736   0.512190   0.905987   0.130215   0.099841   0.182845
0.023566   0.131909   0.479021   0.486139   0.132662   0.933312   0.991505   0.171847
0.649372   0.224676   0.862673   0.524166   0.931410   0.112376   0.095793   0.169338
0.698309   0.722683   0.642091   0.936510   0.149795   0.980117   0.002043   0.150813
0.850373   0.213208   0.563766   0.101824   0.905315   0.197594   0.916995   0.137808
0.385502   0.674945   0.572385   0.607031   0.170524   0.990720   0.947336   0.165701
0.531318   0.691981   0.979065   0.655608   0.167554   0.189041   0.925982   0.169133
0.304875   0.365362   0.323115   0.571585   0.142048   0.993941   0.964383   0.122516
0.867117   0.502154   0.691961   0.399556   0.914733   0.186989   0.067798   0.180350
0.844397   0.567906   0.797225   0.938746   0.923750   0.148922   0.049374   0.123937
0.741276   0.715208   0.658306   0.827043   0.142528   0.920386   0.094080   0.168080
0.418735   0.871625   0.616334   0.518776   0.960083   0.133900   0.016474   0.114404
0.171306   0.470427   0.808589   0.278795   0.120975   0.942922   0.053774   0.142564
0.744164   0.548132   0.765539   0.076027   0.991301   0.163503   0.047621   0.141284
0.490598   0.768002   0.338762   0.506481   0.169642   0.986904   0.996488   0.105682
0.457071   0.959400   0.164022   0.916579   0.183339   0.957928   0.196453   0.106026
0.903307   0.666540   0.357396   0.134527   0.902738   0.107335   0.907680   0.100360
0.882489   0.667255   0.648190   0.312125   0.902455   0.129123   0.067598   0.117535
0.489634   0.127393   0.330685   0.953861   0.096580   0.101305   0.921337   0.104042
0.970828   0.537261   0.444147   0.709188   0.977774   0.148679   0.998333   0.177436
0.305841   0.215429   0.253470   0.327612   0.134902   0.996247   0.935548   0.177693
0.173824   0.612852   0.299291   0.109903   0.185540   0.945012   0.982579   0.193407
0.135386   0.380336   0.519608   0.443444   0.163687   0.980399   0.937023   0.105086
0.368726   0.307617   0.407789   0.542515   0.183696   0.971323   0.978000   0.176594
0.136107   0.550819   0.507910   0.587478   0.138648   0.979831   0.961648   0.196567
0.359910   0.388699   0.851674   0.134297   0.166750   0.904333   0.044523   0.143577
0.157712   0.610373   0.361837   0.557002   0.120755   0.908863   0.902656   0.122597
0.366511   0.259123   0.068353   0.141088   0.142733   0.998561   0.937655   0.119427
0.488245   0.780658   0.782614   0.627736   0.113645   0.953326   0.013291   0.156700
0.040959   0.400451   0.602206   0.512288   0.143643   0.922376   0.096976   0.113387
0.637523   0.695310   0.855078   0.679147   0.956054   0.113797   0.056586   0.114537
0.481261   0.348314   0.808701   0.286758   0.173812   0.100048   0.952942   0.141814
0.388643   0.796694   0.125093   0.859349   0.965281   0.166986   0.903813   0.158400
0.719823   0.156894   0.211124   0.381547   0.964262   0.111282   0.933166   0.120013
0.487143   0.460306   0.493355   0.753270   0.156504   0.175977   0.970835   0.126567
0.131047   0.429893   0.307580   0.236367   0.164945   0.999568   0.984954   0.195533
0.420549   0.962915   0.728975   0.563274   0.920668   0.159427   0.055634   0.183257
0.761094   0.558965   0.252081   0.074546   0.969469   0.199923   0.910745   0.186445
0.594997   0.791622   0.096628   0.129379   0.103108   0.943030   0.976345   0.196490
0.483535   0.437095   0.503124   0.920932   0.160250   0.104260   0.988490   0.199062
0.645547   0.499008   0.198607   0.832611   0.917110   0.132028   0.906853   0.128416
0.600321   0.159875   0.727960   0.232235   0.954932   0.101274   0.051339   0.162436
0.870085   0.445762   0.894068   0.432284   0.961990   0.172773   0.094270   0.126853
0.621984   0.082803   0.383647   0.672283   0.954606   0.159254   0.913955   0.170314
0.800927   0.390894   0.428873   0.200397   0.986178   0.177554   0.922807   0.162257
0.681137   0.179668   0.669604   0.076017   0.941482   0.183948   0.044483   0.136620
0.412761   0.687971   0.514469   0.387722   0.136800   0.975553   0.933059   0.185440
0.342314   0.428955   0.274939   0.594444   0.155124   0.903729   0.924179   0.117665
0.500405   0.439860   0.679505   0.412720   0.105028   0.135630   0.985621   0.100308
0.350442   0.913619   0.324777   0.635596   0.930854   0.110144   0.914597   0.135236
0.736201   0.485696   0.202363   0.904841   0.987640   0.105614   0.982546   0.128739
0.648400   0.030797   0.096169   0.684456   0.957810   0.122273   0.900098   0.108682
0.341356   0.100164   0.729366   0.849138   0.175764   0.996266   0.079249   0.100221
0.684108   0.549349   0.740227   0.498795   0.902534   0.100822   0.000719   0.151704
0.346409   0.459114   0.267324   0.728989   0.151409   0.963719   0.920482   0.114914
0.376552   0.212947   0.319821   0.964890   0.185674   0.928779   0.990041   0.113641
0.523695   0.386356   0.883253   0.620776   0.167226   0.143184   0.922507   0.171039
0.376249   0.051290   0.166840   0.103794   0.102868   0.955386   0.980620   0.198801
0.172531   0.597920   0.612031   0.408469   0.124601   0.946854   0.017631   0.130536
0.666033   0.254578   0.382282   0.417461   0.972661   0.198481   0.909369   0.161246
0.593537   0.650423   0.796145   0.321441   0.938429   0.107156   0.079820   0.198815
0.621057   0.863122   0.499256   0.431938   0.153361   0.952448   0.951921   0.117173
0.385370   0.760359   0.477806   0.496128   0.968510   0.103040   0.936821   0.130659
0.237131   0.630549   0.391142   0.774756   0.155741   0.935773   0.957391   0.144293
0.837546   0.085602   0.598487   0.112933   0.949741   0.181181   0.960952   0.162420
0.716904   0.159545   0.044448   0.462775   0.980714   0.193878   0.909625   0.112168
0.152824   0.235335   0.274399   0.274154   0.151620   0.998846   0.973367   0.107200
0.230229   0.933630   0.148297   0.270808   0.978073   0.122170   0.935106   0.177620
0.835002   0.682039   0.049849   0.124125   0.941541   0.185692   0.925363   0.143119
0.800955   0.617293   0.379193   0.675944   0.969457   0.151098   0.995583   0.161129
0.113251   0.520960   0.244162   0.502391   0.146365   0.970182   0.993166   0.157278
0.351996   0.548422   0.065119   0.561154   0.174552   0.903868   0.946706   0.195227
0.156658   0.405761   0.203808   0.506085   0.168026   0.901782   0.908056   0.188308
0.598975   0.188983   0.634686   0.499780   0.956532   0.113030   0.043180   0.132740
0.612374   0.406036   0.505818   0.268515   0.998422   0.112362   0.992333   0.169254
0.808640   0.233746   0.251515   0.161825   0.953479   0.163014   0.938079   0.147587
0.373863   0.357140   0.179333   0.606862   0.172343   0.907531   0.966210   0.188972
0.296009   0.390754   0.168246   0.489156   0.140943   0.919053   0.966340   0.109395
0.597792   0.049518   0.722434   0.901304   0.999806   0.111415   0.074490   0.136547
0.049364   0.444482   0.337942   0.898217   0.159024   0.907229   0.908575   0.141143
0.806289   0.098296   0.621876   0.182908   0.918128   0.137586   0.015956   0.180437
0.738632   0.160267   0.803997   0.819695   0.914846   0.106646   0.022078   0.136220
0.173768   0.455060   0.735903   0.646553   0.151491   0.942130   0.087641   0.179302
0.481837   0.096613   0.282433   0.896301   0.955562   0.166453   0.120416   0.166004
0.760657   0.315843   0.906449   0.336139   0.927593   0.112196   0.023885   0.174685
0.375678   0.304325   0.891987   0.920730   0.100146   0.961203   0.081426   0.148146
0.785534   0.320337   0.874283   0.213999   0.951355   0.159106   0.062643   0.109891
0.625358   0.200265   0.337756   0.442152   0.912896   0.160550   0.971162   0.106643
0.928040   0.651138   0.203910   0.096748   0.909419   0.188962   0.975295   0.185144
0.519806   0.212284   0.467505   0.746524   0.087678   0.153748   0.979765   0.182261
0.608287   0.233344   0.934548   0.041055   0.928831   0.147839   0.057273   0.155358
0.694121   0.121301   0.512800   0.503236   0.968393   0.171624   0.978653   0.165553
0.668712   0.358458   0.066499   0.603182   0.922773   0.189036   0.959311   0.172713
0.178382   0.330749   0.420650   0.862976   0.131059   0.934599   0.938251   0.108830
0.746091   0.339412   0.123811   0.218265   0.958408   0.126758   0.925494   0.117900
0.350588   0.079271   0.229925   0.822356   0.110233   0.992219   0.980769   0.171862
0.523354   0.892304   0.452165   0.622606   0.185440   0.038438   0.992602   0.151882
0.579683   0.878998   0.272645   0.375297   0.128213   0.986053   0.985271   0.187730
0.358540   0.844973   0.403483   0.643609   0.952567   0.132337   0.926611   0.104038
0.137685   0.949092   0.833876   0.482875   0.967770   0.122737   0.079001   0.142949
0.915042   0.939843   0.042341   0.737854   0.170366   0.966891   0.962483   0.145881
0.108326   0.257771   0.880289   0.129199   0.172410   0.903724   0.002186   0.136114
0.367644   0.893910   0.408394   0.906526   0.950756   0.176752   0.904041   0.104307
0.468307   0.409866   0.413522   0.015084   0.184590   0.156754   0.978747   0.174750
0.196972   0.754270   0.808496   0.638620   0.904114   0.157402   0.080589   0.155752
0.320043   0.807573   0.247551   0.167591   0.961072   0.105387   0.998870   0.196604
0.280378   0.572513   0.157167   0.146387   0.125422   0.912844   0.991949   0.158896
0.553698   0.491057   0.700088   0.444457   0.970672   0.162806   0.062031   0.190470
0.721309   0.286496   0.328280   0.816301   0.956765   0.156558   0.901677   0.109864
0.719074   0.190513   0.681304   0.797303   0.920435   0.166536   0.019471   0.155930
0.518823   0.660320   0.117280   0.486039   0.175922   0.179612   0.910988   0.174846
0.611628   0.339429   0.388806   0.166910   0.996625   0.137747   0.978729   0.184636
0.753664   0.723641   0.674257   0.775556   0.196098   0.940149   0.065714   0.155907
0.459751   0.127438   0.233172   0.833267   0.051996   0.170154   0.923930   0.159509
0.443360   0.338820   0.066616   0.126144   0.191595   0.934465   0.943513   0.188345
0.952134   0.118600   0.254292   0.872043   0.991719   0.102702   0.953695   0.123909
0.662567   0.510839   0.791603   0.948210   0.981681   0.116549   0.035424   0.192157
0.467380   0.562991   0.936489   0.755537   0.133233   0.197324   0.967995   0.150411
0.661711   0.227036   0.131920   0.532224   0.945618   0.103320   0.955117   0.135177
0.573579   0.244301   0.827036   0.725659   0.925026   0.174133   0.039235   0.172012
0.237657   0.482445   0.851820   0.738975   0.120013   0.915248   0.095257   0.150084
0.560923   0.285588   0.851297   0.640963   0.924667   0.149786   0.040181   0.176476
0.570283   0.665548   0.108996   0.587276   0.940403   0.177540   0.983840   0.159720
0.969540   0.567047   0.627516   0.801047   0.977607   0.147414   0.030043   0.102286
0.822674   0.528703   0.981627   0.761272   0.949444   0.184572   0.053915   0.138948
0.126773   0.865825   0.851986   0.715485   0.906958   0.133155   0.043246   0.121910
0.488331   0.245942   0.690247   0.792791   0.911061   0.115223   0.088291   0.157508
0.612715   0.797692   0.268313   0.668450   0.128121   0.920580   0.969946   0.167807
0.419093   0.529009   0.451705   0.227147   0.154217   0.958970   0.972160   0.171944
0.298539   0.077600   0.549654   0.074912   0.132651   0.904161   0.973241   0.179935
0.645891   0.842372   0.792652   0.082713   0.113335   0.991646   0.058197   0.106072
0.832639   0.943126   0.396454   0.559433   0.174224   0.973346   0.915379   0.121976
0.905007   0.592514   0.669941   0.591548   0.966340   0.178711   0.004036   0.197905
0.658221   0.102207   0.040895   0.158182   0.901719   0.119452   0.989329   0.128028
0.914002   0.584884   0.657394   0.432585   0.953198   0.141771   0.007099   0.139772
0.910876   0.563496   0.688383   0.518378   0.931585   0.117420   0.075363   0.178567
0.107032   0.665010   0.662876   0.744750   0.189200   0.934390   0.057612   0.171057
0.195173   0.770972   0.692739   0.368442   0.965987   0.189264   0.025355   0.175916
0.053103   0.127441   0.771728   0.713082   0.151262   0.978896   0.032243   0.173736
0.812643   0.790711   0.162141   0.910568   0.183956   0.989092   0.924915   0.147291
0.562383   0.195782   0.816597   0.855213   0.935157   0.182535   0.028158   0.101099
0.883014   0.502316   0.499788   0.342468   0.912248   0.105832   0.982007   0.178262
0.643023   0.133720   0.174882   0.861836   0.929196   0.112925   0.922120   0.143228
0.397906   0.875254   0.136888   0.239916   0.928741   0.129488   0.964565   0.128068
0.219993   0.480780   0.680865   0.543430   0.110704   0.993847   0.075814   0.173586
0.862326   0.538049   0.266018   0.213966   0.980565   0.160194   0.925530   0.154656
0.308815   0.542016   0.784527   0.806131   0.162654   0.940167   0.069717   0.126708
0.697593   0.751759   0.888134   0.794506   0.145604   0.962879   0.060971   0.175792
0.713436   0.890664   0.370342   0.622197   0.173138   0.917425   0.996021   0.178454
0.139465   0.185107   0.835429   0.544442   0.188217   0.957341   0.061034   0.116282
0.446192   0.739125   0.788188   0.439163   0.937279   0.109251   0.045536   0.154427
0.611327   0.629768   0.095247   0.790090   0.904887   0.146958   0.929864   0.129586
0.847433   0.906693   0.674923   0.247465   0.142671   0.975516   0.023491   0.161690
0.251722   0.862972   0.788460   0.671460   0.997357   0.127655   0.041477   0.112162
0.205133   0.565110   0.837740   0.478323   0.143535   0.901509   0.027430   0.150876
0.130087   0.184364   0.580463   0.656808   0.114346   0.925022   0.938764   0.146455
0.317938   0.420798   0.914165   0.067741   0.119047   0.917603   0.091422   0.146351
0.378914   0.278441   0.413630   0.140324   0.173760   0.930607   0.959278   0.142203
0.101656   0.199034   0.303183   0.458751   0.128418   0.916182   0.938968   0.123158
0.106166   0.801959   0.434103   0.448989   0.948058   0.191341   0.984343   0.186378
0.228622   0.740950   0.276634   0.162349   0.915925   0.150393   0.977559   0.119578
0.164522   0.265602   0.632965   0.797481   0.133311   0.936994   0.037075   0.140224
0.711310   0.735459   0.737959   0.896539   0.198814   0.983671   0.085719   0.134391
0.397477   0.959455   0.445260   0.412604   0.970284   0.154336   0.903009   0.199075
0.034054   0.079803   0.361888   0.807390   0.183904   0.985734   0.995307   0.160417
0.388115   0.437903   0.737172   0.175255   0.129384   0.901202   0.007257   0.127001
0.917889   0.555238   0.162134   0.230174   0.982382   0.173190   0.944854   0.130250
0.285107   0.406137   0.394831   0.764610   0.199150   0.995091   0.904260   0.101482
0.419229   0.101303   0.723344   0.236092   0.164154   0.927122   0.076780   0.144417
0.849327   0.270408   0.737089   0.485499   0.941381   0.120748   0.061992   0.149742
0.931339   0.456402   0.253810   0.546520   0.938195   0.175472   0.922070   0.102400
0.977370   0.393082   0.973391   0.641605   0.903855   0.195036   0.076866   0.146999
0.584155   0.141975   0.878601   0.347021   0.947488   0.166637   0.092891   0.117383
0.850837   0.766286   0.627922   0.502983   0.186660   0.940010   0.056928   0.161316
0.272549   0.338400   0.066032   0.206971   0.143698   0.943959   0.947314   0.117084
0.189650   0.209576   0.405129   0.685243   0.178330   0.944859   0.945562   0.192542
0.206700   0.216117   0.795599   0.746806   0.151856   0.965088   0.045478   0.161823
0.663173   0.281750   0.677941   0.512618   0.910361   0.164048   0.089917   0.199164
0.112243   0.497463   0.819819   0.565653   0.129947   0.906581   0.018035   0.137571
0.407461   0.887121   0.573735   0.556958   0.935525   0.162664   0.936129   0.147699
0.328796   0.697169   0.034184   0.203438   0.185321   0.923249   0.993500   0.102974
0.051842   0.465424   0.660679   0.472453   0.119143   0.974990   0.016330   0.147653
0.713929   0.533032   0.640865   0.209959   0.962948   0.114981   0.071564   0.163573
0.103297   0.119647   0.547644   0.673744   0.126860   0.995306   0.994938   0.146096
0.873510   0.461425   0.563704   0.505403   0.961481   0.188410   0.928449   0.154433
0.116008   0.214232   0.595243   0.018809   0.114250   0.950028   0.976081   0.185399
0.663337   0.273605   0.975178   0.245685   0.917301   0.125830   0.019811   0.137131
0.724923   0.135926   0.470637   0.710378   0.936382   0.178898   0.977370   0.134946
0.802739   0.261451   0.470332   0.063916   0.953786   0.141943   0.968562   0.139804
0.715573   0.277200   0.569789   0.487925   0.996834   0.125587   0.939754   0.167519
0.734320   0.681502   0.749083   0.153870   0.918314   0.156845   0.013014   0.129886
0.415554   0.396211   0.166494   0.359895   0.148075   0.994530   0.946377   0.186642
0.477392   0.545733   0.073103   0.207098   0.192964   0.136580   0.948073   0.120219
0.664310   0.667798   0.500707   0.345265   0.980166   0.111916   0.967164   0.113575
0.534721   0.889335   0.811168   0.121752   0.165481   0.988087   0.090384   0.174258
0.277320   0.601408   0.720864   0.340187   0.159038   0.985295   0.043793   0.111629
0.365292   0.397896   0.815813   0.854617   0.149332   0.928171   0.071481   0.110239
0.952398   0.616791   0.725498   0.872254   0.918228   0.107249   0.091883   0.109638
0.716841   0.942218   0.800187   0.490343   0.110142   0.946222   0.095720   0.199204
0.576752   0.577506   0.610909   0.658558   0.968335   0.134938   0.049467   0.107613
0.897167   0.596023   0.209395   0.845425   0.986132   0.170591   0.988688   0.149132
0.481562   0.791869   0.426292   0.474829   0.101630   0.953434   0.955662   0.107531
0.675431   0.656267   0.739437   0.612594   0.987823   0.159116   0.064036   0.126993
0.451803   0.351647   0.553372   0.600799   0.108562   0.132509   0.933558   0.116931
0.108084   0.560164   0.202285   0.421552   0.157293   0.938710   0.916245   0.174166
0.315860   0.880635   0.430819   0.820802   0.933344   0.107781   0.940698   0.162452
0.337074   0.877695   0.900203   0.348674   0.975825   0.167551   0.028752   0.144108
0.169949   0.317451   0.237968   0.047344   0.130584   0.983522   0.951009   0.172245
0.116145   0.844169   0.436357   0.783281   0.981350   0.171424   0.962732   0.199158
0.423656   0.287658   0.355976   0.209160   0.101406   0.965255   0.949202   0.143851
0.366079   0.850290   0.858304   0.392405   0.905492   0.151834   0.086468   0.153480
0.439034   0.775029   0.192364   0.978584   0.903150   0.124290   0.911653   0.180770
0.218544   0.523520   0.540078   0.330406   0.100272   0.931060   0.969227   0.119558
0.291287   0.268310   0.769085   0.409448   0.143788   0.903499   0.072868   0.181094
0.619184   0.673266   0.698335   0.757902   0.986157   0.140075   0.077615   0.139127
0.314819   0.490376   0.790374   0.093163   0.197896   0.971063   0.019087   0.181977
0.226825   0.886992   0.818095   0.083604   0.914529   0.132833   0.068844   0.180632
0.613203   0.085758   0.808525   0.307903   0.979772   0.114036   0.074391   0.122083
0.436329   0.668375   0.547706   0.508121   0.185257   0.963947   0.909130   0.158698
0.710911   0.726096   0.480597   0.531322   0.152140   0.973160   0.900766   0.108668
0.376601   0.495266   0.557866   0.406839   0.182588   0.953500   0.914628   0.138650
0.517823   0.060828   0.562399   0.756993   0.900356   0.190432   0.180466   0.123052
0.830540   0.151916   0.712392   0.086365   0.934915   0.160780   0.014867   0.116411
0.948398   0.485366   0.768402   0.040936   0.968203   0.120712   0.011493   0.116281
0.754346   0.759289   0.683431   0.950977   0.109915   0.955844   0.075207   0.180546
0.585960   0.905469   0.380915   0.140344   0.119950   0.978036   0.962898   0.101078
0.885708   0.860861   0.145717   0.783241   0.114044   0.999780   0.984218   0.108793
0.399769   0.352074   0.201302   0.738259   0.160452   0.910987   0.971894   0.160487
0.446053   0.669894   0.960782   0.949425   0.131806   0.967256   0.045370   0.129880
0.895718   0.484572   0.417003   0.685525   0.922994   0.129356   0.937487   0.180704
0.611989   0.061962   0.587558   0.181708   0.966831   0.159126   0.973417   0.196904
0.554559   0.790332   0.810924   0.515885   0.165718   0.977061   0.054433   0.198371
0.071236   0.209313   0.249276   0.478499   0.124753   0.904216   0.974558   0.102341
0.119087   0.466989   0.171161   0.169006   0.136351   0.997352   0.945440   0.124647
0.202040   0.346782   0.772241   0.686506   0.188455   0.901825   0.007676   0.181738
0.910063   0.546349   0.297413   0.381197   0.967312   0.113562   0.917520   0.117883
0.283781   0.219281   0.969336   0.528044   0.172239   0.947030   0.089874   0.107157
0.166707   0.188999   0.933344   0.541107   0.172021   0.902599   0.096490   0.171174
0.803356   0.197077   0.435313   0.524864   0.917064   0.166440   0.969863   0.171578
0.647047   0.739849   0.498576   0.356560   0.130760   0.975458   0.991182   0.195914
0.427151   0.423608   0.676429   0.433743   0.120682   0.970617   0.084761   0.191646
0.066760   0.463656   0.362663   0.364532   0.116384   0.975113   0.997349   0.175707
0.319326   0.651277   0.026954   0.819503   0.134516   0.981597   0.991030   0.137284
0.363874   0.462842   0.163714   0.380393   0.198660   0.957346   0.977661   0.159224
0.761869   0.606419   0.604947   0.234421   0.903710   0.166680   0.099084   0.189214
0.881085   0.670860   0.737676   0.442946   0.953728   0.169812   0.023157   0.174143
0.718282   0.391416   0.139672   0.634750   0.935258   0.153942   0.997673   0.153765
0.113846   0.661818   0.469347   0.588301   0.122199   0.915518   0.953553   0.193608
0.081920   0.073581   0.792534   0.201779   0.126915   0.951999   0.039036   0.169158
0.567611   0.292724   0.752008   0.833459   0.927477   0.162263   0.067616   0.148659
0.347590   0.491831   0.166561   0.227199   0.135390   0.945555   0.936099   0.116008
0.239990   0.689753   0.326976   0.822347   0.122825   0.968924   0.911347   0.152628
0.546814   0.866591   0.296236   0.744787   0.148016   0.006106   0.961579   0.117327
0.714331   0.909251   0.838811   0.534746   0.132697   0.997668   0.015429   0.138303
0.341068   0.303532   0.481631   0.288474   0.107074   0.903129   0.925194   0.109594
0.344940   0.935236   0.525328   0.822857   0.914500   0.192624   0.904044   0.119112
0.299896   0.665667   0.088013   0.768818   0.103363   0.993448   0.976147   0.181355
0.492556   0.310787   0.543115   0.474219   0.180506   0.155676   0.965974   0.112775
0.220133   0.616668   0.282872   0.243973   0.167194   0.998503   0.912230   0.185347
0.224417   0.077059   0.301807   0.428287   0.173699   0.926246   0.946758   0.179483
0.855952   0.220186   0.988282   0.166214   0.921276   0.162865   0.053102   0.199429
0.836623   0.624567   0.493639   0.124189   0.922887   0.130867   0.906577   0.123200
0.589658   0.313421   0.741367   0.562982   0.980108   0.184714   0.078119   0.185814
0.371602   0.511088   0.262024   0.589445   0.194411   0.962857   0.957675   0.160843
0.678076   0.890979   0.823871   0.961728   0.115670   0.958039   0.083254   0.102278
0.688104   0.745434   0.532350   0.355798   0.167440   0.979047   0.998688   0.108097
0.440633   0.322068   0.212528   0.448640   0.138971   0.939947   0.961998   0.133604
0.761984   0.636318   0.496085   0.307375   0.964878   0.173168   0.935145   0.136846
0.757443   0.312964   0.145239   0.895390   0.953712   0.165883   0.964553   0.150760
0.621024   0.127225   0.597399   0.925681   0.902558   0.137798   0.984082   0.137367
0.608690   0.283997   0.173327   0.411186   0.939783   0.123239   0.939151   0.117542
0.752984   0.496068   0.729706   0.870036   0.907259   0.155810   0.042956   0.131290
0.983234   0.556739   0.718336   0.823344   0.900303   0.142795   0.085460   0.185497
0.119534   0.235562   0.223637   0.354268   0.160536   0.978185   0.962135   0.112789
0.922045   0.373027   0.045203   0.683731   0.950107   0.113068   0.933534   0.178883
0.173702   0.533110   0.214486   0.781578   0.197174   0.985972   0.953815   0.188093
0.320499   0.918606   0.520349   0.732905   0.914998   0.161624   0.962418   0.109032
0.585114   0.332356   0.355767   0.494215   0.971845   0.118568   0.962814   0.163942
0.352612   0.522811   0.647052   0.590004   0.174915   0.985824   0.061659   0.175977
0.548732   0.814602   0.845485   0.635203   0.193990   0.911482   0.054493   0.100363
0.051053   0.864182   0.808191   0.854609   0.916264   0.170703   0.043468   0.141262
0.321351   0.914785   0.443318   0.585074   0.905157   0.167126   0.915783   0.104163
0.723231   0.630081   0.625600   0.669486   0.901953   0.143596   0.052415   0.177683
