0.425853   0.101076   0.634501   0.718503   0.963671   0.043573   0.158423   0.974600
0.342987   0.863282   0.220348   0.168237   0.103147   0.070112   0.973106   0.113923
0.392032   0.716626   0.331888   0.542412   0.138254   0.070462   0.919489   0.121261
0.106330   0.006857   0.548856   0.441688   0.149404   0.999341   0.125976   0.957235
0.685032   0.790023   0.747697   0.747158   0.098758   0.941403   0.950709   0.031729
0.469454   0.873549   0.228972   0.109178   0.163385   0.904547   0.926135   0.117831
0.762842   0.357819   0.072957   0.625469   0.131612   0.913771   0.905466   0.152481
0.226798   0.539906   0.531739   0.105297   0.988090   0.184903   0.907044   0.193997
0.615440   0.516961   0.445736   0.973052   0.134075   0.972329   0.997734   0.153863
0.194696   0.319307   0.299193   0.689910   0.195763   0.987159   0.195233   0.922972
0.355504   0.179920   0.215559   0.427953   0.959804   0.056322   0.188330   0.903682
0.567565   0.641484   0.115744   0.539275   0.101046   0.978176   0.965516   0.177879
0.108248   0.309788   0.884656   0.325851   0.140744   0.919131   0.190656   0.942518
0.107553   0.492068   0.780862   0.809579   0.176211   0.934208   0.118319   0.956007
0.221611   0.402292   0.376797   0.130034   0.134994   0.955297   0.192628   0.908495
0.329522   0.233420   0.369368   0.559277   0.935470   0.021707   0.924624   0.095185
0.329997   0.572667   0.878720   0.167001   0.964076   0.189515   0.045822   0.151359
0.674282   0.607170   0.734829   0.849281   0.175433   0.928782   0.943521   0.112254
0.805805   0.871352   0.251906   0.878861   0.919472   0.009128   0.087010   0.902572
0.373091   0.869189   0.680605   0.284014   0.153901   0.047447   0.959644   0.164998
0.371844   0.492234   0.965110   0.040755   0.912034   0.186072   0.045545   0.133894
0.486535   0.630192   0.439190   0.581785   0.051901   0.017047   0.925394   0.183823
0.490973   0.807816   0.242541   0.248189   0.132433   0.910711   0.966827   0.185367
0.425908   0.430918   0.556672   0.123641   0.987853   0.127018   0.963389   0.114329
0.748823   0.054281   0.224269   0.212557   0.159374   0.970452   0.942146   0.127361
0.404233   0.154618   0.138906   0.671963   0.904338   0.025949   0.176649   0.907674
0.329366   0.901481   0.773686   0.164332   0.156280   0.067470   0.932842   0.114201
0.600507   0.937371   0.345137   0.831142   0.080822   0.982327   0.161983   0.966012
0.434530   0.814492   0.545191   0.451389   0.119961   0.086810   0.927223   0.128246
0.105477   0.651625   0.655168   0.817595   0.107193   0.988550   0.165616   0.980148
0.739895   0.216147   0.240181   0.553643   0.102956   0.961680   0.975614   0.118226
0.771487   0.518759   0.582830   0.808019   0.996658   0.162308   0.171585   0.955030
0.442612   0.840967   0.117036   0.520460   0.194038   0.061667   0.982136   0.161516
0.824534   0.589240   0.264391   0.722523   0.986954   0.074365   0.045111   0.960702
0.258741   0.675102   0.760629   0.560279   0.927236   0.174543   0.908561   0.147924
0.182183   0.813001   0.415277   0.380875   0.103490   0.901917   0.180798   0.921118
0.354061   0.589833   0.752873   0.212183   0.998823   0.107438   0.949367   0.132402
0.794451   0.040986   0.788784   0.159345   0.147765   0.999956   0.961281   0.119448
0.584592   0.245216   0.738711   0.195459   0.134154   0.097637   0.993701   0.192919
0.046052   0.293772   0.675820   0.685149   0.163213   0.938030   0.122084   0.916147
0.437977   0.866373   0.688013   0.397550   0.176711   0.009541   0.914791   0.184744
0.283879   0.695847   0.416253   0.586003   0.924312   0.112182   0.942459   0.143202
0.578796   0.385014   0.215220   0.940392   0.195789   0.916428   0.911023   0.107920
0.205961   0.726613   0.219624   0.298591   0.975943   0.132228   0.966092   0.143786
0.206698   0.486060   0.097047   0.284897   0.146079   0.914517   0.159050   0.939278
0.287178   0.941110   0.283076   0.616969   0.975285   0.196126   0.983848   0.148201
0.921857   0.061924   0.407271   0.639768   0.926554   0.052498   0.044334   0.927413
0.878784   0.274583   0.672683   0.392831   0.972150   0.048179   0.049056   0.930698
0.349774   0.379636   0.796763   0.341808   0.940445   0.156687   0.972003   0.115094
0.204151   0.533475   0.872807   0.438833   0.911136   0.196102   0.999936   0.181771
0.405779   0.203331   0.449769   0.246463   0.954087   0.081757   0.974363   0.046428
0.848438   0.512312   0.415986   0.867455   0.906144   0.016335   0.045273   0.993715
0.206635   0.179469   0.736225   0.352953   0.150324   0.978440   0.165731   0.920019
0.425822   0.392141   0.638078   0.126733   0.989674   0.142569   0.964165   0.177449
0.636828   0.683077   0.218268   0.746730   0.161769   0.950209   0.931656   0.102005
0.397362   0.350278   0.791642   0.499385   0.964112   0.181590   0.966631   0.194774
0.088744   0.401239   0.095502   0.046548   0.196228   0.924149   0.150546   0.970408
0.129262   0.596142   0.816788   0.749807   0.194279   0.944849   0.121812   0.911727
0.301967   0.680614   0.473528   0.317414   0.923008   0.173867   0.905510   0.101927
0.020107   0.792922   0.617584   0.207781   0.197575   0.906452   0.150287   0.939175
0.458546   0.364809   0.788020   0.577303   0.019567   0.066352   0.907924   0.186260
0.118104   0.737016   0.262956   0.853689   0.165489   0.983379   0.147313   0.973371
0.541076   0.813624   0.147446   0.656218   0.195022   0.091073   0.915966   0.118501
0.857716   0.852763   0.226875   0.633506   0.937925   0.077805   0.025539   0.965448
0.903006   0.298195   0.412369   0.468042   0.941852   0.070730   0.069998   0.949308
0.065886   0.381488   0.776535   0.294939   0.123882   0.981041   0.100908   0.962542
0.970292   0.913576   0.702394   0.796653   0.963313   0.070052   0.073733   0.935801
0.792194   0.119231   0.619954   0.439406   0.123044   0.921406   0.924816   0.167476
0.620322   0.051231   0.884963   0.397204   0.153518   0.010121   0.029318   0.125276
0.672722   0.040774   0.601211   0.633394   0.130033   0.025155   0.956933   0.120014
0.925978   0.418536   0.525722   0.119812   0.997256   0.005509   0.053641   0.990663
0.085633   0.827857   0.446535   0.452451   0.188354   0.964612   0.139572   0.953009
0.652191   0.636392   0.654863   0.885905   0.131894   0.976890   0.913244   0.178516
0.682537   0.784541   0.061399   0.217258   0.023683   0.923504   0.902102   0.035002
0.872098   0.211161   0.303810   0.672611   0.923139   0.055762   0.080345   0.948461
0.570551   0.580100   0.129112   0.376542   0.173534   0.999304   0.901437   0.182071
0.516250   0.872641   0.234559   0.836452   0.125674   0.025472   0.974473   0.144490
0.077912   0.082731   0.505699   0.661830   0.164417   0.913255   0.166553   0.934976
0.712637   0.858016   0.648665   0.862468   0.931631   0.125782   0.149332   0.966168
0.498119   0.302649   0.266275   0.804883   0.028075   0.061076   0.999099   0.128926
0.809668   0.347224   0.314410   0.893829   0.956816   0.008981   0.081102   0.950569
0.372140   0.195031   0.502401   0.090408   0.944326   0.076105   0.122035   0.995414
0.188775   0.285156   0.213794   0.610766   0.104123   0.911184   0.133524   0.990983
0.837269   0.446375   0.609890   0.086487   0.996021   0.072604   0.070875   0.908739
0.655420   0.549548   0.441407   0.811187   0.182427   0.919451   0.969076   0.185384
0.889153   0.104821   0.211960   0.326237   0.994293   0.072020   0.025804   0.994190
0.115567   0.269027   0.355309   0.309315   0.144020   0.908797   0.144372   0.955994
0.106149   0.673897   0.405458   0.351778   0.131152   0.917447   0.181372   0.923981
0.305046   0.122929   0.034508   0.451960   0.990140   0.012542   0.199090   0.992051
0.039747   0.372912   0.462363   0.925601   0.135338   0.974856   0.123207   0.987582
0.080703   0.688826   0.763533   0.389051   0.197531   0.998035   0.131748   0.967233
0.850436   0.837978   0.907349   0.920235   0.918184   0.098355   0.063165   0.931912
0.907770   0.671028   0.630437   0.149314   0.950329   0.011563   0.010429   0.943331
0.077900   0.803791   0.870328   0.139815   0.158354   0.921478   0.111664   0.913626
0.236797   0.643465   0.541136   0.301927   0.948923   0.139292   0.920989   0.129926
0.565774   0.474964   0.497568   0.915119   0.163313   0.959583   0.941709   0.176429
0.378161   0.227736   0.548166   0.969800   0.968203   0.047365   0.909220   0.089943
0.411535   0.207050   0.385620   0.700174   0.980138   0.008551   0.950244   0.035409
0.111783   0.126780   0.705863   0.111711   0.179343   0.916505   0.161466   0.979962
0.149185   0.205865   0.411283   0.170972   0.132087   0.960609   0.199307   0.960115
0.344709   0.563610   0.083390   0.689619   0.900524   0.196167   0.921074   0.119868
0.473364   0.036546   0.884624   0.338621   0.976861   0.127714   0.975280   0.132123
0.369030   0.949447   0.114942   0.792121   0.123430   0.085698   0.928050   0.114938
0.138629   0.287979   0.779920   0.128860   0.166911   0.921540   0.171542   0.948908
0.314112   0.842316   0.311421   0.411316   0.192893   0.019960   0.994242   0.165799
0.839699   0.555147   0.218006   0.581239   0.901989   0.091616   0.096392   0.960427
0.421675   0.685381   0.127537   0.503425   0.910626   0.114899   0.930391   0.173326
0.705612   0.753843   0.331637   0.536728   0.967635   0.176941   0.148365   0.984073
0.228533   0.634467   0.348128   0.049501   0.919858   0.138610   0.998836   0.139750
0.496359   0.560903   0.266611   0.875056   0.056000   0.062412   0.974711   0.134636
0.755245   0.323219   0.679072   0.885631   0.157430   0.942134   0.985166   0.130960
0.518633   0.880583   0.152321   0.061820   0.102574   0.936522   0.969617   0.100317
0.344211   0.278145   0.857027   0.299386   0.901525   0.164675   0.049746   0.148847
0.256174   0.553262   0.484607   0.273971   0.978689   0.176529   0.946837   0.106059
0.341434   0.518572   0.370871   0.119362   0.992182   0.155187   0.945067   0.135626
0.188794   0.758583   0.594969   0.746537   0.180341   0.960305   0.108012   0.961377
0.170679   0.642090   0.539626   0.275233   0.192145   0.975472   0.102041   0.922806
0.082907   0.286652   0.135856   0.144322   0.172983   0.960735   0.155214   0.937251
0.086726   0.725031   0.747437   0.207840   0.148081   0.941855   0.169937   0.970423
0.484107   0.773349   0.376484   0.079212   0.195199   0.968983   0.966041   0.196120
0.287470   0.759242   0.489169   0.252077   0.983622   0.118841   0.943711   0.197212
0.473961   0.811252   0.783949   0.110388   0.185402   0.926099   0.968701   0.137897
0.420159   0.540372   0.613927   0.923213   0.920172   0.140438   0.981302   0.158791
0.660169   0.911561   0.855462   0.582481   0.017553   0.950089   0.179607   0.949899
0.898492   0.384271   0.339693   0.836389   0.935351   0.061753   0.020808   0.942608
0.478072   0.708946   0.404320   0.430040   0.111260   0.947784   0.931749   0.116831
0.540154   0.912586   0.197387   0.673349   0.188796   0.993817   0.959271   0.146973
0.791584   0.359575   0.589845   0.707860   0.182500   0.964806   0.930029   0.138474
0.700007   0.764498   0.520758   0.633723   0.970005   0.111497   0.171358   0.991151
0.367027   0.538911   0.874543   0.118150   0.961962   0.131906   0.000947   0.141645
0.676967   0.718147   0.107576   0.382763   0.037701   0.904866   0.947493   0.027778
0.554957   0.301293   0.737409   0.800560   0.181423   0.968060   0.992189   0.190970
0.640381   0.234548   0.358006   0.503283   0.158657   0.006093   0.997634   0.143022
0.277889   0.910432   0.192657   0.347709   0.973796   0.104276   0.973337   0.135439
0.829159   0.117503   0.210482   0.483986   0.998072   0.082883   0.060074   0.977458
0.229913   0.041085   0.357289   0.759210   0.178171   0.945858   0.145077   0.978170
0.871962   0.308264   0.338161   0.757437   0.906755   0.099509   0.093349   0.939902
0.828004   0.534854   0.607342   0.586660   0.983794   0.052502   0.003310   0.956881
0.945155   0.085311   0.413100   0.103933   0.959945   0.019131   0.013597   0.958806
0.236075   0.589380   0.963371   0.252733   0.988711   0.143478   0.969544   0.113445
0.315466   0.521895   0.406419   0.623284   0.979817   0.195943   0.992424   0.178907
0.900541   0.613705   0.247922   0.841623   0.974071   0.062695   0.022108   0.921670
0.828048   0.860730   0.642983   0.797588   0.923608   0.093230   0.079619   0.929609
0.140346   0.473963   0.861121   0.159217   0.172226   0.937988   0.188064   0.984922
0.270558   0.525778   0.417481   0.330897   0.905566   0.175751   0.959419   0.150597
0.318220   0.737361   0.688585   0.097587   0.147798   0.075874   0.946441   0.174861
0.815934   0.823982   0.524319   0.147292   0.934009   0.068486   0.037591   0.942706
0.443459   0.625955   0.901918   0.983232   0.969401   0.167362   0.005548   0.161702
0.725606   0.823576   0.479904   0.458490   0.918125   0.182838   0.172339   0.902065
0.106436   0.253983   0.932768   0.842291   0.126434   0.938703   0.106684   0.937422
0.350906   0.525739   0.520683   0.451704   0.901713   0.179983   0.919438   0.111565
0.818272   0.109925   0.705078   0.331217   0.933634   0.011769   0.070965   0.921940
0.537085   0.739059   0.711923   0.087127   0.130780   0.924411   0.910653   0.150331
0.985519   0.060078   0.846692   0.827989   0.944243   0.073515   0.089169   0.962653
0.792785   0.854338   0.729065   0.223529   0.902219   0.159731   0.125283   0.940213
0.812355   0.541731   0.089772   0.455392   0.909339   0.081294   0.048561   0.981980
0.122419   0.205250   0.225745   0.919228   0.132565   0.989063   0.102068   0.960048
0.067536   0.327656   0.315182   0.153629   0.135479   0.957498   0.144906   0.967902
0.870355   0.333079   0.850648   0.709313   0.978710   0.095986   0.049283   0.919849
0.234866   0.472186   0.657231   0.775604   0.130345   0.982024   0.105252   0.976532
0.413369   0.180770   0.366900   0.327913   0.945872   0.008958   0.114620   0.921269
0.185644   0.156519   0.519040   0.620750   0.183341   0.998514   0.151209   0.967682
0.384934   0.943550   0.454785   0.892789   0.197239   0.069894   0.931384   0.179509
0.499184   0.873886   0.569894   0.379735   0.162026   0.902250   0.932235   0.183879
0.040808   0.426192   0.162360   0.112353   0.160432   0.920897   0.133752   0.945194
0.564819   0.223127   0.435288   0.554213   0.183597   0.047663   0.966886   0.181004
0.484565   0.081352   0.751520   0.424927   0.969591   0.159891   0.954371   0.173061
0.609141   0.791740   0.427926   0.695647   0.003091   0.940472   0.994415   0.041236
0.397599   0.739582   0.401542   0.907134   0.161426   0.025241   0.910617   0.184585
0.767314   0.365664   0.707325   0.336373   0.112482   0.923138   0.929990   0.133957
0.108362   0.474458   0.234245   0.168493   0.122277   0.955129   0.108245   0.925864
0.797088   0.953671   0.269377   0.535278   0.983499   0.101658   0.149695   0.979306
0.945556   0.431989   0.572388   0.362135   0.992790   0.044004   0.062931   0.964871
0.062283   0.550415   0.903299   0.117775   0.100739   0.959669   0.172406   0.992492
0.187260   0.429277   0.638911   0.425807   0.189994   0.916415   0.160413   0.962414
0.500774   0.354754   0.840490   0.792293   0.093711   0.085385   0.977414   0.152185
0.608659   0.591919   0.457732   0.117251   0.114306   0.995764   0.996920   0.158473
0.762366   0.396226   0.352624   0.765715   0.115881   0.937105   0.961063   0.168172
0.663634   0.682111   0.814787   0.422590   0.164088   0.961492   0.048549   0.141541
0.260498   0.118151   0.257802   0.173747   0.197293   0.971184   0.167610   0.901594
0.496400   0.347473   0.546500   0.818359   0.048434   0.061569   0.935319   0.185909
0.752867   0.589463   0.523161   0.247620   0.975745   0.197867   0.119982   0.943182
0.283101   0.468490   0.127043   0.818335   0.167941   0.919697   0.145456   0.953185
0.864472   0.523962   0.624141   0.783685   0.980246   0.011267   0.041933   0.932798
0.821931   0.527372   0.944277   0.278440   0.940516   0.038841   0.050955   0.910965
0.749154   0.753851   0.361651   0.789818   0.963199   0.166832   0.112357   0.907130
0.763187   0.898008   0.190435   0.796574   0.922376   0.181865   0.126984   0.909177
0.010819   0.281943   0.070213   0.625008   0.151947   0.990543   0.143959   0.941685
0.568167   0.205146   0.585847   0.423713   0.186184   0.081641   0.951370   0.184269
0.250885   0.389698   0.391116   0.417269   0.145295   0.976555   0.172782   0.906313
0.766641   0.681322   0.310842   0.891278   0.904526   0.188567   0.151615   0.977090
0.109969   0.898171   0.801162   0.491770   0.106617   0.943708   0.158119   0.971120
0.698327   0.262269   0.146241   0.745145   0.149398   0.032037   0.977222   0.168702
0.932275   0.350835   0.680265   0.105337   0.940385   0.045076   0.055146   0.997285
0.937387   0.159154   0.647072   0.085011   0.942971   0.047008   0.032963   0.978369
0.799568   0.781407   0.512365   0.837113   0.962298   0.186105   0.165095   0.927509
0.564529   0.442788   0.296059   0.840698   0.137488   0.902276   0.949585   0.108951
0.371206   0.584481   0.710618   0.850275   0.983289   0.130526   0.974225   0.146032
0.139114   0.653176   0.565283   0.160389   0.139067   0.974137   0.100325   0.984924
0.463588   0.284436   0.791734   0.785388   0.988213   0.103007   0.903526   0.193450
0.181504   0.592469   0.882596   0.231752   0.122959   0.985411   0.105983   0.941661
0.194357   0.702855   0.285057   0.600728   0.177953   0.976268   0.198671   0.957823
0.162614   0.477457   0.803588   0.090292   0.188343   0.965345   0.159314   0.976770
0.396946   0.506712   0.355862   0.837943   0.904966   0.138928   0.984105   0.109146
0.407031   0.915135   0.646821   0.941193   0.191543   0.060981   0.952745   0.153677
0.501047   0.772301   0.143889   0.102321   0.199064   0.995370   0.934258   0.154088
0.652249   0.311321   0.795015   0.366859   0.182781   0.951816   0.972976   0.123147
0.920975   0.459641   0.281145   0.329069   0.957520   0.003468   0.054245   0.935479
0.195267   0.267501   0.596615   0.585780   0.196323   0.956509   0.195542   0.907576
0.608691   0.440469   0.348856   0.308797   0.165063   0.902907   0.948502   0.179405
0.519368   0.169675   0.171568   0.598534   0.997551   0.109222   0.972229   0.195713
0.600192   0.280144   0.426574   0.919158   0.136495   0.096617   0.913629   0.102567
0.888540   0.529452   0.898334   0.259757   0.915903   0.016942   0.083570   0.996684
0.566519   0.313974   0.751817   0.628337   0.173380   0.911957   0.933583   0.167972
0.268051   0.749469   0.913566   0.754054   0.928841   0.103296   0.994250   0.128042
0.580060   0.400969   0.115330   0.345252   0.199639   0.901615   0.906043   0.194872
0.283914   0.690142   0.508369   0.622815   0.981118   0.152027   0.900679   0.100104
0.566050   0.379514   0.054135   0.624426   0.184249   0.935416   0.921948   0.191077
0.368219   0.929842   0.244086   0.450670   0.194673   0.039667   0.987840   0.130731
0.594547   0.417314   0.378996   0.427124   0.126553   0.910053   0.971851   0.190280
0.008211   0.541016   0.577191   0.057617   0.179749   0.949185   0.125746   0.941084
0.330722   0.339891   0.578007   0.378707   0.936074   0.188891   0.925119   0.114395
0.884662   0.685854   0.460301   0.932907   0.930679   0.093049   0.030681   0.933642
0.649266   0.131126   0.772567   0.239218   0.119488   0.092145   0.916013   0.145687
0.372502   0.256075   0.121302   0.510340   0.907663   0.023218   0.919702   0.024192
0.320884   0.574957   0.484773   0.054518   0.990221   0.128294   0.935016   0.168805
0.232904   0.796155   0.892350   0.160153   0.998297   0.180513   0.990023   0.192979
0.406052   0.815106   0.874276   0.239731   0.114326   0.055905   0.058450   0.105025
0.436125   0.716503   0.075324   0.824098   0.130032   0.050871   0.903822   0.190202
0.280201   0.607117   0.635701   0.742224   0.900833   0.171640   0.919903   0.180800
0.653038   0.414528   0.108033   0.321251   0.130699   0.901205   0.940104   0.164160
0.539593   0.249276   0.612624   0.338903   0.001628   0.168192   0.905525   0.178168
0.620060   0.676946   0.954578   0.505679   0.170915   0.924062   0.054119   0.149879
0.057396   0.899132   0.521686   0.346014   0.131501   0.955763   0.133700   0.907282
0.155169   0.899912   0.630601   0.135062   0.151972   0.949383   0.166351   0.959978
0.230844   0.048901   0.298518   0.517956   0.131176   0.989611   0.114733   0.903605
0.094056   0.153970   0.735566   0.523819   0.119591   0.998000   0.121902   0.979095
0.496059   0.817723   0.033539   0.434874   0.126944   0.956779   0.997154   0.111135
0.463949   0.298536   0.170769   0.543308   0.934410   0.111229   0.962485   0.125396
0.671819   0.916431   0.504481   0.405552   0.032858   0.942093   0.132405   0.945688
0.089700   0.818916   0.801238   0.362836   0.181355   0.906390   0.140367   0.940076
0.381015   0.373869   0.244423   0.807139   0.992064   0.127994   0.928564   0.106902
0.196541   0.170354   0.186222   0.516688   0.136658   0.985249   0.111012   0.956100
0.093631   0.158377   0.776589   0.598411   0.127112   0.966790   0.152761   0.994443
0.109638   0.856806   0.982428   0.539781   0.168528   0.992862   0.100632   0.958312
0.404332   0.448724   0.290143   0.447257   0.997123   0.105814   0.956284   0.150774
0.736189   0.226098   0.841098   0.878306   0.113078   0.918245   0.917942   0.131854
0.065382   0.758748   0.376924   0.559990   0.150727   0.994551   0.117294   0.930628
0.318684   0.209137   0.660133   0.095008   0.919625   0.070975   0.974999   0.062214
0.070518   0.391957   0.722712   0.680902   0.199570   0.901275   0.123037   0.967862
0.908636   0.332097   0.130745   0.863165   0.909856   0.078335   0.044530   0.994866
0.656390   0.266367   0.514712   0.956903   0.150117   0.058205   0.936878   0.133228
0.850555   0.021272   0.481202   0.090057   0.997636   0.042225   0.040817   0.917427
0.121554   0.458676   0.122983   0.174199   0.108079   0.936010   0.130155   0.995883
0.171030   0.347437   0.511774   0.978799   0.198369   0.954564   0.131010   0.992616
0.691658   0.977483   0.230896   0.663886   0.055315   0.983286   0.173820   0.944957
0.885986   0.797548   0.737966   0.609932   0.930977   0.078784   0.032948   0.952881
0.573838   0.873875   0.115383   0.469782   0.074783   0.904351   0.159839   0.980659
0.817919   0.918879   0.512826   0.772750   0.978844   0.071177   0.077063   0.956044
0.357601   0.655640   0.528388   0.493081   0.954995   0.149374   0.927208   0.127640
0.853113   0.903814   0.331371   0.312125   0.944756   0.009674   0.096135   0.993317
0.994178   0.241711   0.662075   0.335392   0.915358   0.019545   0.021166   0.940444
0.398655   0.947260   0.548419   0.315706   0.112336   0.000327   0.967486   0.152506
0.201558   0.543857   0.826089   0.701684   0.987828   0.175131   0.922013   0.110981
0.855892   0.155526   0.343698   0.497754   0.944199   0.023978   0.093578   0.954918
0.837536   0.748394   0.940219   0.485995   0.973105   0.074835   0.094275   0.948218
0.389698   0.839804   0.620002   0.264975   0.188624   0.049220   0.944814   0.107263
0.800175   0.603772   0.854086   0.385194   0.934090   0.021706   0.046011   0.945920
0.281504   0.734288   0.870362   0.750583   0.953646   0.135318   0.998711   0.135954
0.127701   0.137488   0.933444   0.100241   0.189407   0.996666   0.175995   0.940431
0.697239   0.777190   0.878539   0.198526   0.075770   0.990125   0.004066   0.153380
0.374157   0.469811   0.421055   0.132764   0.984179   0.156003   0.941507   0.131982
0.299604   0.042714   0.438141   0.611683   0.196662   0.912609   0.155296   0.930604
0.124131   0.094310   0.332829   0.816905   0.180466   0.909854   0.149079   0.948245
0.082092   0.768195   0.707303   0.669299   0.199443   0.987291   0.107391   0.977931
0.973633   0.052075   0.193969   0.363756   0.966985   0.069856   0.068320   0.982080
0.457068   0.794341   0.808581   0.390522   0.107191   0.996395   0.034304   0.118979
0.848084   0.181044   0.384375   0.267891   0.980681   0.058819   0.085663   0.905714
0.835841   0.858693   0.076542   0.352426   0.927476   0.053164   0.056721   0.992488
0.946435   0.761378   0.711868   0.210996   0.916022   0.021984   0.038453   0.940106
0.482265   0.900473   0.073164   0.850051   0.177212   0.933821   0.915612   0.177285
0.829755   0.310889   0.381450   0.265195   0.980559   0.007453   0.011654   0.949050
0.567594   0.139136   0.104409   0.187844   0.161808   0.095709   0.951884   0.141882
0.606923   0.759841   0.474883   0.914637   0.000837   0.998469   0.901186   0.012067
0.494959   0.041235   0.765169   0.292435   0.944434   0.134680   0.904474   0.120813
0.295026   0.438317   0.170934   0.620610   0.178086   0.945016   0.191644   0.948767
0.886872   0.386838   0.806991   0.180107   0.958131   0.078784   0.051148   0.995452
0.172003   0.591331   0.761728   0.634476   0.136627   0.942159   0.195810   0.970518
0.295567   0.184059   0.402634   0.519827   0.156766   0.900973   0.183883   0.998282
0.260110   0.244281   0.216600   0.594101   0.183262   0.994912   0.148267   0.978123
0.053507   0.807581   0.772904   0.780458   0.167220   0.960685   0.115410   0.927016
0.642133   0.290302   0.503187   0.675857   0.128660   0.079200   0.993197   0.156327
0.744987   0.734609   0.544715   0.528335   0.902223   0.184842   0.103916   0.924009
0.763363   0.693343   0.432275   0.337168   0.929144   0.123196   0.136861   0.932151
0.125459   0.142949   0.373449   0.116553   0.116596   0.993625   0.122224   0.918978
0.474997   0.255563   0.641723   0.849856   0.956448   0.155831   0.922912   0.103525
0.158208   0.486530   0.635321   0.477479   0.141219   0.902864   0.170474   0.935474
0.656281   0.447623   0.908360   0.881126   0.118308   0.933369   0.086686   0.190213
0.307619   0.816372   0.603277   0.583385   0.127330   0.009160   0.997110   0.129181
0.681814   0.302595   0.584406   0.928687   0.159157   0.993148   0.984086   0.198157
0.925052   0.478959   0.126292   0.166503   0.947312   0.057433   0.033400   0.943884
0.780088   0.408968   0.623905   0.610633   0.194810   0.905947   0.913685   0.169162
0.165818   0.925834   0.627836   0.145479   0.175835   0.916357   0.184737   0.916649
0.492561   0.093888   0.631081   0.305023   0.911341   0.105618   0.930603   0.112122
0.788342   0.271049   0.308376   0.196272   0.129717   0.957068   0.974443   0.191059
0.843064   0.075241   0.177551   0.286770   0.984042   0.059227   0.078187   0.971960
0.241658   0.263156   0.871170   0.455630   0.128463   0.998467   0.165152   0.952529
0.069971   0.474842   0.153297   0.399273   0.144536   0.937183   0.138060   0.944060
0.253520   0.604250   0.426213   0.228874   0.926159   0.182061   0.920268   0.173459
0.617622   0.206328   0.875553   0.504074   0.106388   0.033929   0.064782   0.112582
0.356369   0.338683   0.859239   0.603539   0.959942   0.198663   0.049200   0.176918
0.126792   0.504146   0.859305   0.473640   0.159724   0.930988   0.171206   0.959270
0.779730   0.175742   0.776439   0.703570   0.189283   0.962549   0.958944   0.112881
0.349761   0.184370   0.377540   0.525672   0.956852   0.094584   0.171939   0.913854
0.628812   0.167305   0.101502   0.786041   0.146872   0.083491   0.961540   0.120549
0.145580   0.411954   0.208085   0.743743   0.157858   0.951190   0.137006   0.961065
0.168524   0.264329   0.175128   0.855103   0.139058   0.944194   0.194197   0.976018
0.158342   0.832573   0.568371   0.306468   0.158162   0.971658   0.119408   0.991323
0.430687   0.163583   0.322803   0.350132   0.928138   0.040393   0.196476   0.903851
0.305152   0.887560   0.457066   0.606409   0.114922   0.062687   0.976608   0.165269
0.539778   0.732359   0.387325   0.837758   0.166354   0.087283   0.905162   0.159187
0.495356   0.606604   0.398755   0.879367   0.040843   0.004459   0.977950   0.140067
0.208809   0.475902   0.811155   0.829822   0.129501   0.940966   0.112262   0.999956
0.348302   0.333175   0.353516   0.441127   0.970059   0.168403   0.952560   0.136489
0.090312   0.235632   0.316276   0.296330   0.135753   0.917498   0.178869   0.983471
0.028146   0.102673   0.298863   0.730571   0.154298   0.983782   0.141864   0.922726
0.011774   0.886024   0.489623   0.304219   0.136231   0.969992   0.180914   0.962023
0.231415   0.203679   0.058593   0.505759   0.148968   0.943665   0.167171   0.993712
0.650052   0.448044   0.310381   0.944096   0.136630   0.986977   0.930790   0.177007
0.151990   0.309106   0.838538   0.734417   0.198129   0.982339   0.166278   0.994375
0.241279   0.479484   0.186619   0.302753   0.188938   0.907764   0.155344   0.950184
0.739132   0.105317   0.827673   0.678101   0.184948   0.958195   0.991951   0.159532
0.714939   0.906431   0.520698   0.707289   0.916802   0.100425   0.104407   0.973549
0.063363   0.293572   0.490556   0.643957   0.189746   0.930092   0.173120   0.957004
0.668356   0.209809   0.182044   0.445261   0.145841   0.041408   0.928822   0.120202
0.122452   0.275389   0.223203   0.859436   0.117473   0.914292   0.164057   0.904248
0.737150   0.166307   0.526647   0.461573   0.125421   0.971948   0.939898   0.160147
0.775372   0.847518   0.102079   0.837979   0.920564   0.166094   0.196293   0.955388
0.702675   0.451423   0.696771   0.917092   0.101002   0.984372   0.981962   0.129775
0.689700   0.417554   0.146833   0.856056   0.106756   0.921939   0.998279   0.105246
0.248981   0.798500   0.454804   0.041248   0.943261   0.103891   0.911047   0.175445
0.508985   0.433403   0.379675   0.586221   0.076614   0.014115   0.994401   0.198671
0.309257   0.405314   0.372220   0.494891   0.930285   0.197382   0.917517   0.136889
0.510329   0.150769   0.211626   0.240592   0.072824   0.167937   0.949151   0.143870
0.850387   0.850768   0.381684   0.329797   0.935602   0.003929   0.068178   0.957818
0.842783   0.163771   0.970648   0.672747   0.951010   0.054646   0.042236   0.975400
0.136724   0.470656   0.608928   0.272410   0.168274   0.914443   0.161135   0.968770
0.352038   0.200236   0.096273   0.053823   0.922969   0.091841   0.918495   0.033360
0.124754   0.823419   0.211639   0.237474   0.179948   0.990718   0.104142   0.908597
0.040157   0.634129   0.068297   0.210733   0.184170   0.950622   0.150501   0.946306
0.577924   0.099791   0.859343   0.724643   0.132269   0.029650   0.096434   0.178000
0.087642   0.707437   0.670890   0.150475   0.149678   0.967429   0.161660   0.939816
0.158197   0.583296   0.352258   0.472759   0.185019   0.979854   0.155315   0.952727
0.128119   0.319324   0.574486   0.916289   0.186749   0.958480   0.198875   0.927343
0.231344   0.385364   0.259184   0.858149   0.164697   0.951308   0.184598   0.928634
0.532643   0.295513   0.786899   0.776600   0.970940   0.149275   0.954282   0.152591
0.839011   0.633908   0.097757   0.732755   0.967676   0.036457   0.005608   0.913858
0.207687   0.673130   0.038664   0.140772   0.976164   0.106126   0.943805   0.110892
0.846417   0.763304   0.104172   0.597335   0.964872   0.097267   0.098761   0.928948
0.390034   0.341813   0.991198   0.365171   0.948115   0.175402   0.082688   0.108840
0.573709   0.823555   0.823172   0.457892   0.085339   0.954919   0.115780   0.942853
0.599414   0.129793   0.946740   0.705319   0.177617   0.024091   0.017965   0.131696
0.444879   0.344204   0.639744   0.635088   0.972258   0.130287   0.900938   0.112391
0.413741   0.559481   0.289413   0.373001   0.953611   0.111278   0.930323   0.143226
0.483249   0.413916   0.359642   0.404046   0.027435   0.073054   0.989727   0.172742
0.147771   0.511658   0.330170   0.581785   0.191835   0.977462   0.167805   0.917962
0.051659   0.296146   0.158324   0.699122   0.137757   0.981014   0.184580   0.903677
0.774548   0.531352   0.529965   0.687628   0.900281   0.148229   0.176943   0.985428
0.699165   0.357622   0.637423   0.168806   0.195942   0.958837   0.954169   0.187348
0.649873   0.670437   0.120797   0.227116   0.128231   0.916284   0.915752   0.187424
0.546064   0.932006   0.750970   0.851518   0.196618   0.969086   0.929661   0.147367
0.271239   0.527796   0.319738   0.116032   0.938821   0.161489   0.916685   0.130934
0.620992   0.808767   0.829849   0.610704   0.031172   0.963796   0.161583   0.948785
0.494137   0.782357   0.417577   0.426561   0.117938   0.908000   0.913205   0.147411
0.158604   0.100415   0.167370   0.221837   0.146479   0.905166   0.177055   0.990435
0.150084   0.322877   0.305068   0.906280   0.157756   0.945926   0.131342   0.948612
0.844540   0.789642   0.778960   0.975517   0.961589   0.086610   0.009410   0.965408
0.379917   0.495976   0.347053   0.066893   0.938201   0.198063   0.988297   0.195615
0.569623   0.227817   0.988066   0.766044   0.148768   0.024934   0.045826   0.120483
0.540828   0.551767   0.542006   0.379089   0.037562   0.046438   0.939030   0.121077
0.912604   0.054939   0.426378   0.695679   0.906469   0.038423   0.041095   0.976560
0.301549   0.092032   0.107233   0.226372   0.950994   0.045166   0.127211   0.992034
0.800727   0.853395   0.257513   0.630986   0.934529   0.067552   0.051420   0.995523
0.111897   0.310985   0.421711   0.086587   0.193344   0.976513   0.179911   0.949248
0.594457   0.929956   0.622724   0.422633   0.014620   0.913147   0.193015   0.922318
0.110569   0.084508   0.524909   0.871944   0.110435   0.981555   0.148614   0.955572
0.459785   0.244317   0.465791   0.163217   0.013225   0.149342   0.955149   0.190780
0.507487   0.097332   0.332151   0.744712   0.996802   0.168700   0.927776   0.175448
0.111089   0.418941   0.102071   0.706717   0.165502   0.965500   0.143924   0.992035
0.308697   0.465750   0.794681   0.533823   0.973817   0.192364   0.992749   0.138652
0.940844   0.329270   0.793625   0.921463   0.963288   0.010267   0.099978   0.938758
0.640781   0.476036   0.156000   0.694661   0.120650   0.980774   0.922528   0.199974
0.766274   0.747844   0.514523   0.500180   0.973150   0.185942   0.164844   0.986672
0.877288   0.696243   0.848661   0.930753   0.939352   0.072060   0.062459   0.934363
0.395776   0.403321   0.920794   0.889069   0.991975   0.171228   0.057327   0.124273
0.871646   0.186522   0.890569   0.395365   0.996378   0.077116   0.099991   0.992996
0.127333   0.955120   0.772458   0.441580   0.156916   0.931111   0.120347   0.993218
0.172990   0.215555   0.653296   0.351976   0.122925   0.974451   0.188225   0.950400
0.107465   0.475509   0.597435   0.397015   0.149163   0.954095   0.171888   0.957936
0.329354   0.316592   0.591796   0.709309   0.936018   0.167223   0.970927   0.113393
0.114478   0.931225   0.692425   0.769965   0.119908   0.949363   0.186982   0.993738
0.445761   0.052095   0.385216   0.929944   0.991259   0.083462   0.156499   0.935986
0.086225   0.503303   0.102577   0.650877   0.181677   0.904406   0.105310   0.912662
0.011453   0.741879   0.550697   0.215137   0.120318   0.954150   0.153438   0.957190
0.801859   0.941652   0.660317   0.882166   0.978918   0.069399   0.074976   0.938810
0.563305   0.299484   0.091886   0.071454   0.185160   0.092946   0.902296   0.131749
0.825506   0.235705   0.489560   0.693109   0.914353   0.028104   0.036296   0.938582
0.415982   0.944952   0.339292   0.619118   0.191282   0.055124   0.902610   0.189826
0.752653   0.206026   0.392371   0.339419   0.152249   0.903264   0.952664   0.160551
0.718450   0.613228   0.905838   0.284566   0.907323   0.111756   0.180523   0.943203
0.793005   0.914373   0.316130   0.405617   0.919787   0.108268   0.184038   0.922577
0.068597   0.765575   0.550973   0.779352   0.132650   0.921294   0.140552   0.913536
0.133284   0.608646   0.325464   0.616264   0.190647   0.906234   0.117353   0.997910
0.589176   0.782875   0.894284   0.744837   0.063236   0.997368   0.018222   0.192131
0.611052   0.419666   0.635438   0.546793   0.115394   0.905142   0.985091   0.172054
0.230542   0.096016   0.106900   0.328456   0.187315   0.998141   0.197253   0.942115
0.104024   0.903795   0.237648   0.764488   0.181168   0.938420   0.183836   0.968922
0.401534   0.291465   0.747240   0.308043   0.912976   0.097730   0.996769   0.016356
0.199510   0.602053   0.836114   0.158620   0.122774   0.909918   0.153135   0.960194
0.240990   0.227952   0.439370   0.323470   0.171219   0.986498   0.142392   0.935311
0.731039   0.765825   0.965940   0.381023   0.981670   0.102140   0.131037   0.965103
0.465500   0.931722   0.826054   0.590404   0.159628   0.960867   0.990237   0.184125
0.102556   0.491259   0.667739   0.818323   0.109502   0.903099   0.141621   0.901262
0.115056   0.477774   0.583435   0.324045   0.118686   0.906943   0.150585   0.914405
0.132571   0.140512   0.789364   0.366436   0.147158   0.901675   0.134465   0.910615
0.619808   0.341612   0.347633   0.755244   0.145181   0.906868   0.929844   0.110040
0.326516   0.203738   0.391580   0.776904   0.947379   0.085335   0.965842   0.003136
0.872224   0.600999   0.150797   0.602812   0.912811   0.035268   0.009535   0.998517
0.810685   0.579924   0.383345   0.406658   0.967264   0.051986   0.084744   0.990020
0.151105   0.396572   0.692932   0.320649   0.141866   0.922897   0.127744   0.972739
0.645046   0.473629   0.623967   0.960915   0.174192   0.970128   0.943836   0.173241
0.492770   0.711681   0.466113   0.626005   0.163065   0.089585   0.906552   0.101343
0.080629   0.668175   0.295007   0.499916   0.181560   0.946200   0.117286   0.960395
0.225353   0.480317   0.657830   0.179505   0.118551   0.929969   0.147634   0.948155
0.364969   0.136548   0.335996   0.087033   0.977471   0.037333   0.171454   0.948957
0.317219   0.771072   0.381381   0.745448   0.120226   0.059476   0.983970   0.108630
0.153395   0.528927   0.812919   0.826700   0.153902   0.936513   0.164606   0.976449
0.856515   0.217420   0.103403   0.713476   0.910008   0.084050   0.020595   0.948346
0.150485   0.203959   0.078597   0.686424   0.182634   0.989275   0.172115   0.964764
0.826098   0.601384   0.754874   0.585618   0.965712   0.046184   0.027107   0.928835
0.848634   0.595267   0.712783   0.359454   0.934899   0.032907   0.006770   0.930120
0.795319   0.407933   0.094514   0.291879   0.156120   0.912541   0.915306   0.112082
0.422741   0.888064   0.807349   0.885998   0.198234   0.003356   0.003787   0.167767
0.450067   0.404865   0.579021   0.159526   0.049031   0.021149   0.951861   0.170008
0.191342   0.027342   0.242520   0.512373   0.142347   0.914378   0.169951   0.931457
0.869902   0.855906   0.684853   0.828692   0.915933   0.096676   0.085333   0.930857
0.567516   0.657849   0.790243   0.254244   0.176725   0.968510   0.936578   0.175261
0.892991   0.391886   0.823917   0.553385   0.900140   0.015126   0.075081   0.954650
0.120618   0.778245   0.722720   0.553030   0.104660   0.952480   0.160009   0.985932
0.717063   0.867304   0.950829   0.406318   0.920618   0.140488   0.163605   0.977327
0.859844   0.119053   0.311642   0.360147   0.964126   0.058917   0.003046   0.942122
0.846992   0.490967   0.307546   0.404190   0.963664   0.050285   0.049467   0.923052
0.070962   0.533233   0.438870   0.244378   0.112698   0.908510   0.153476   0.918903
0.801324   0.165256   0.404037   0.203900   0.965304   0.009338   0.008772   0.934248
0.472737   0.829537   0.746873   0.258064   0.148965   0.999573   0.912887   0.124708
0.331714   0.668226   0.661058   0.893041   0.974975   0.145666   0.964524   0.143031
0.966088   0.447819   0.446565   0.646731   0.913314   0.037659   0.024975   0.957453
0.422341   0.417424   0.024681   0.132351   0.933096   0.114585   0.914080   0.184724
0.859703   0.828664   0.265225   0.428332   0.981537   0.046346   0.054194   0.962736
0.403661   0.475369   0.205860   0.437867   0.905784   0.111410   0.999953   0.109706
0.420299   0.267902   0.538071   0.372951   0.986846   0.069668   0.965515   0.028035
0.857702   0.217592   0.494321   0.835101   0.989720   0.093909   0.091741   0.951413
0.404028   0.287012   0.687357   0.652550   0.977991   0.069974   0.926171   0.076213
0.897706   0.047747   0.353664   0.498670   0.915142   0.055061   0.081319   0.942017
0.407005   0.590231   0.361458   0.328684   0.954346   0.178637   0.935776   0.144661
0.894790   0.862100   0.845834   0.603547   0.900028   0.073043   0.093942   0.983041
0.385605   0.945213   0.710741   0.411965   0.147340   0.013820   0.949543   0.105452
0.565745   0.901739   0.851866   0.520067   0.057605   0.972719   0.104570   0.910914
0.889436   0.544424   0.223103   0.614402   0.989463   0.099239   0.050771   0.948789
0.256664   0.914833   0.507472   0.873458   0.991289   0.166532   0.959815   0.153852
0.260613   0.938344   0.814076   0.557689   0.967766   0.107012   0.933456   0.151563
0.670052   0.792354   0.628018   0.903606   0.003148   0.938588   0.937374   0.030145
0.719498   0.566602   0.263360   0.579451   0.908109   0.109116   0.180893   0.911394
0.509101   0.283073   0.510701   0.456382   0.913789   0.156921   0.961384   0.109993
0.160112   0.825177   0.033209   0.475316   0.122075   0.988423   0.161815   0.920268
0.179465   0.689364   0.103000   0.374767   0.119523   0.932174   0.137988   0.959329
0.354223   0.656158   0.555144   0.900748   0.943408   0.179091   0.933401   0.139912
0.408624   0.288797   0.573563   0.920278   0.972729   0.045353   0.997763   0.084646
0.140323   0.828302   0.863725   0.703674   0.179422   0.954167   0.153882   0.957261
0.337405   0.863729   0.330062   0.390629   0.129104   0.096327   0.986652   0.129312
0.558745   0.422177   0.614085   0.085994   0.157764   0.907038   0.990184   0.104194
0.347135   0.254767   0.846328   0.791334   0.977008   0.121976   0.075182   0.185125
0.274914   0.825378   0.904140   0.424334   0.970314   0.145282   0.970738   0.100848
0.455467   0.273142   0.167706   0.897301   0.981840   0.136000   0.968075   0.121820
0.909533   0.536767   0.901816   0.611115   0.904481   0.009756   0.062659   0.915707
0.842186   0.331633   0.315265   0.419981   0.928772   0.033192   0.027611   0.908875
0.900692   0.747941   0.529351   0.351598   0.902039   0.023800   0.001635   0.991360
0.160246   0.328498   0.313815   0.768648   0.187673   0.921247   0.165643   0.994838
0.293389   0.393526   0.462971   0.772925   0.181924   0.969310   0.179209   0.968265
0.430610   0.847932   0.671619   0.587406   0.141515   0.016603   0.985385   0.174534
0.471151   0.317087   0.116126   0.630685   0.051770   0.037560   0.995731   0.157356
0.486537   0.075162   0.680912   0.885426   0.988985   0.199884   0.940909   0.168707
0.448726   0.314481   0.672223   0.517882   0.993073   0.199973   0.928322   0.170124
0.223896   0.607185   0.731705   0.561960   0.904846   0.179101   0.914941   0.110021
0.281163   0.908867   0.094447   0.123120   0.938556   0.187229   0.901989   0.155621
0.478175   0.522216   0.554567   0.478830   0.052818   0.046224   0.964968   0.171201
0.111658   0.932354   0.857836   0.354522   0.111104   0.934458   0.156169   0.931215
0.623740   0.126156   0.146937   0.408266   0.143201   0.005348   0.978097   0.197566
0.064102   0.720585   0.737151   0.296857   0.142487   0.956684   0.121418   0.983922
0.587524   0.702537   0.213649   0.461868   0.087578   0.945549   0.997181   0.022017
0.285723   0.478758   0.819375   0.185215   0.115700   0.986872   0.139224   0.959456
0.517660   0.418047   0.921379   0.624708   0.097817   0.094795   0.946614   0.103313
0.658954   0.315534   0.879613   0.122784   0.192438   0.924768   0.017393   0.133728
0.699441   0.190786   0.443969   0.331161   0.120623   0.032314   0.973419   0.112761
0.407271   0.222870   0.366131   0.482302   0.989467   0.085396   0.974128   0.059153
0.489944   0.579235   0.124383   0.804550   0.078724   0.000304   0.904538   0.139081
0.514919   0.103435   0.089224   0.823630   0.922068   0.163219   0.917432   0.167782
0.914457   0.661848   0.462311   0.934864   0.966656   0.034687   0.092510   0.958006
0.666149   0.348363   0.166117   0.180332   0.113385   0.912930   0.954333   0.112635
0.535508   0.789340   0.562806   0.401046   0.135612   0.957169   0.948011   0.122885
0.936616   0.832000   0.197283   0.812504   0.910717   0.049011   0.074131   0.985192
0.152578   0.806799   0.733261   0.860804   0.132447   0.926611   0.120665   0.947779
0.448631   0.233276   0.059144   0.491493   0.989255   0.003407   0.905149   0.051400
0.712050   0.183789   0.167154   0.163460   0.133063   0.972293   0.989902   0.111332
0.566414   0.119185   0.775727   0.125713   0.150988   0.008178   0.900365   0.167750
0.946805   0.841584   0.698179   0.488286   0.941191   0.010653   0.030876   0.902155
0.210110   0.658425   0.218427   0.875698   0.959647   0.128016   0.944629   0.101815
0.208860   0.594098   0.668677   0.816378   0.954199   0.154080   0.900554   0.163838
0.312318   0.350942   0.754034   0.125924   0.940003   0.142938   0.972096   0.140137
0.689763   0.172333   0.746312   0.831831   0.158972   0.027491   0.964732   0.136593
0.612915   0.878885   0.311277   0.532676   0.010701   0.939987   0.177652   0.929110
0.602603   0.480357   0.812144   0.850632   0.116002   0.990529   0.089494   0.118835
0.644928   0.326737   0.301376   0.119010   0.178587   0.976403   0.915011   0.168337
0.739514   0.200587   0.708721   0.765251   0.169162   0.938483   0.987763   0.153969
0.725309   0.177696   0.607029   0.480434   0.181505   0.947096   0.905292   0.146205
0.301149   0.507814   0.288301   0.644967   0.934317   0.104101   0.985313   0.185120
0.857942   0.027134   0.032715   0.039580   0.933248   0.008988   0.092153   0.998191
0.907047   0.671071   0.406488   0.624326   0.990435   0.015417   0.093693   0.953537
0.544261   0.128581   0.246734   0.275572   0.073005   0.187008   0.984171   0.157446
0.654532   0.616038   0.122684   0.969721   0.190421   0.960126   0.920656   0.158872
0.832557   0.166614   0.426649   0.675100   0.900441   0.019776   0.085555   0.926873
0.434174   0.134172   0.222145   0.226759   0.972959   0.010439   0.180931   0.930932
0.349626   0.210927   0.688962   0.924448   0.984923   0.050549   0.959830   0.067897
0.738989   0.303738   0.599538   0.369653   0.182792   0.983501   0.973577   0.148862
0.446041   0.581823   0.893777   0.381929   0.975071   0.109069   0.060233   0.146706
0.253063   0.061285   0.546704   0.666003   0.141749   0.924593   0.148401   0.904135
0.828741   0.690764   0.452754   0.242556   0.998374   0.033473   0.001921   0.929223
0.556815   0.879441   0.942941   0.590961   0.067043   0.993401   0.148486   0.955806
0.367019   0.541851   0.118011   0.221235   0.962361   0.134071   0.969314   0.175866
0.515893   0.165292   0.252292   0.684876   0.924269   0.191898   0.930778   0.113927
0.182152   0.063483   0.195896   0.390695   0.115096   0.987214   0.182460   0.993569
0.357425   0.315503   0.386381   0.703486   0.953888   0.156220   0.912355   0.151428
0.511070   0.468058   0.591525   0.442807   0.007900   0.052406   0.987459   0.184380
0.186484   0.305792   0.606278   0.684333   0.150564   0.974237   0.172566   0.973490
0.698633   0.924171   0.752855   0.135963   0.043671   0.952159   0.187718   0.988805
0.159655   0.338354   0.428804   0.887299   0.174352   0.996679   0.184988   0.934832
0.118665   0.655954   0.376934   0.064969   0.150959   0.927570   0.124731   0.958962
0.828686   0.560202   0.769612   0.350045   0.985209   0.096877   0.084516   0.921561
0.914682   0.352574   0.137160   0.575686   0.941783   0.030157   0.019453   0.969728
0.692121   0.378435   0.879975   0.110724   0.165999   0.984943   0.079016   0.116867
0.683545   0.158110   0.178222   0.226307   0.115018   0.060041   0.915658   0.159730
0.612231   0.189937   0.675198   0.933004   0.133950   0.044558   0.904105   0.113821
0.444058   0.493020   0.873815   0.243363   0.912218   0.142307   0.001069   0.151584
0.528413   0.496796   0.655876   0.243319   0.091063   0.027553   0.994660   0.152858
0.047418   0.953715   0.061656   0.462825   0.181892   0.962248   0.154426   0.910457
0.479734   0.701601   0.804736   0.186821   0.152276   0.952446   0.009240   0.159354
0.936585   0.881334   0.547693   0.166384   0.910351   0.047871   0.086558   0.924544
0.685768   0.640705   0.744653   0.906633   0.126460   0.954424   0.943438   0.126757
0.186666   0.471614   0.575249   0.560663   0.101290   0.972073   0.131433   0.913437
0.826634   0.540216   0.667009   0.093572   0.932910   0.025055   0.009803   0.917299
0.271402   0.591105   0.780875   0.590019   0.936526   0.190005   0.936968   0.160766
0.238398   0.618696   0.931970   0.956912   0.975333   0.128770   0.945814   0.173772
0.186836   0.525033   0.416834   0.742582   0.167168   0.965288   0.149838   0.962484
0.796873   0.099880   0.576797   0.056841   0.177174   0.945700   0.999025   0.121944
0.902716   0.575477   0.604642   0.662595   0.925232   0.037028   0.053016   0.974225
0.262353   0.813714   0.088927   0.521206   0.903068   0.116325   0.936438   0.109661
0.294808   0.476413   0.809333   0.686882   0.136543   0.901355   0.174598   0.907975
0.644856   0.156759   0.420454   0.223161   0.182633   0.017040   0.914341   0.123061
0.765999   0.562754   0.463341   0.739012   0.970234   0.178179   0.171429   0.975480
0.603932   0.840909   0.449853   0.539843   0.068198   0.984445   0.178801   0.900250
0.727169   0.541127   0.110383   0.118393   0.932639   0.120792   0.199038   0.977527
0.392469   0.549830   0.186197   0.660527   0.957319   0.143892   0.944537   0.115766
0.013627   0.911193   0.618767   0.377772   0.157641   0.901208   0.121650   0.981858
0.495182   0.091691   0.896468   0.267466   0.928981   0.104696   0.953590   0.177432
0.698775   0.230403   0.853345   0.404451   0.146237   0.038477   0.009042   0.101701
0.658284   0.438000   0.420762   0.692527   0.178183   0.975607   0.950252   0.167429
0.825867   0.411679   0.714617   0.486381   0.951236   0.085164   0.067555   0.900694
0.074990   0.579737   0.260793   0.049717   0.132739   0.921918   0.107386   0.905759
0.557927   0.160258   0.897564   0.324244   0.117849   0.031883   0.038375   0.168468
0.094276   0.247049   0.273670   0.462910   0.167596   0.993062   0.122256   0.968169
0.909991   0.860608   0.136464   0.173262   0.960170   0.089244   0.019252   0.901434
0.115192   0.601036   0.928328   0.499893   0.138215   0.927367   0.177988   0.987870
0.158308   0.289758   0.899771   0.633443   0.175793   0.973455   0.122585   0.950213
0.688298   0.786774   0.205608   0.750059   0.030090   0.927576   0.903394   0.058807
0.486933   0.391363   0.249311   0.298464   0.076997   0.020176   0.957264   0.199252
0.140323   0.887607   0.586118   0.723428   0.145026   0.958754   0.197621   0.950528
0.212327   0.491707   0.898192   0.737449   0.138742   0.956217   0.120708   0.923340
0.862504   0.076849   0.632785   0.945158   0.996028   0.017217   0.071014   0.985434
0.529647   0.623178   0.317207   0.443186   0.077911   0.042268   0.923455   0.191075
0.385239   0.237077   0.620921   0.808279   0.932806   0.029379   0.983611   0.081993
0.355307   0.778852   0.907093   0.194499   0.190423   0.040001   0.005219   0.129320
0.843588   0.097988   0.478504   0.545812   0.926522   0.075283   0.003180   0.999044
0.714363   0.078636   0.606362   0.365739   0.137652   0.943503   0.986138   0.167987
0.660809   0.590250   0.297539   0.202750   0.139462   0.945795   0.947282   0.123451
0.811778   0.255630   0.651093   0.631856   0.933008   0.055586   0.046652   0.929867
0.407814   0.459711   0.045572   0.511503   0.978919   0.166121   0.903941   0.118045
0.405135   0.506387   0.132856   0.805910   0.938424   0.124336   0.954721   0.160677
0.814530   0.094649   0.244742   0.172462   0.978131   0.084374   0.054177   0.987371
0.286759   0.058009   0.335845   0.834353   0.128725   0.900574   0.149341   0.940382
0.823410   0.335378   0.849766   0.856918   0.929082   0.020021   0.036812   0.924304
0.301343   0.651090   0.486139   0.964168   0.991886   0.118557   0.967356   0.135731
0.456135   0.396436   0.667038   0.332151   0.078352   0.088479   0.921468   0.143662
0.344624   0.818772   0.157796   0.742865   0.128020   0.054190   0.944204   0.174080
0.841401   0.787552   0.500627   0.383252   0.900028   0.075397   0.044124   0.915589
0.303803   0.822093   0.110908   0.208214   0.198362   0.073162   0.920890   0.173869
0.394177   0.130646   0.162933   0.778350   0.905775   0.046067   0.145750   0.959731
0.625402   0.368328   0.494720   0.202740   0.165312   0.912138   0.976296   0.110692
0.555278   0.589113   0.916605   0.553695   0.180280   0.920681   0.031216   0.136701
0.213438   0.911402   0.252748   0.618923   0.979851   0.190013   0.993349   0.170099
0.757475   0.485469   0.643453   0.835909   0.145828   0.985192   0.932312   0.113988
0.918648   0.845425   0.467288   0.365898   0.934582   0.015792   0.024580   0.974067
0.793553   0.707933   0.670004   0.974570   0.936319   0.127537   0.180050   0.924423
0.349779   0.846486   0.476371   0.451945   0.196547   0.054342   0.935988   0.184236
0.190724   0.352883   0.902892   0.827855   0.182174   0.966987   0.179269   0.936102
0.509848   0.340176   0.941508   0.433796   0.036818   0.019661   0.971763   0.109459
0.522289   0.799654   0.041635   0.544600   0.113560   0.918339   0.940071   0.162500
0.865004   0.510972   0.371345   0.092179   0.917053   0.088192   0.017740   0.901455
0.390037   0.889633   0.868983   0.333358   0.139406   0.024173   0.008369   0.192190
0.331030   0.731641   0.582604   0.776265   0.117044   0.018458   0.916708   0.193896
0.882063   0.347074   0.609349   0.609114   0.988189   0.075290   0.082808   0.979729
0.878415   0.195928   0.592395   0.683022   0.940154   0.044991   0.007572   0.960248
0.362578   0.588065   0.692285   0.827003   0.958632   0.104334   0.993205   0.181664
0.879919   0.333078   0.295144   0.127797   0.991919   0.093160   0.013472   0.917007
0.101612   0.190281   0.593671   0.079945   0.154620   0.911059   0.184385   0.926248
0.431013   0.819088   0.102176   0.736393   0.184681   0.053708   0.906711   0.171007
0.663663   0.274017   0.412156   0.185999   0.199747   0.018245   0.967513   0.165491
0.398385   0.396652   0.781400   0.695074   0.910486   0.151794   0.943730   0.180181
0.914059   0.355105   0.659357   0.541053   0.933230   0.068723   0.044158   0.932943
0.077945   0.563231   0.198069   0.280763   0.129339   0.905301   0.173195   0.947049
0.178390   0.109375   0.520498   0.705409   0.131963   0.944867   0.115682   0.928560
0.737327   0.651774   0.572972   0.824058   0.912646   0.159238   0.196911   0.932103
0.800916   0.266410   0.561117   0.727449   0.996199   0.009410   0.026679   0.923391
0.924070   0.135065   0.395680   0.527979   0.932070   0.033173   0.077951   0.910652
0.395415   0.561254   0.669838   0.626627   0.930746   0.109529   0.905598   0.128968
0.885386   0.394983   0.549083   0.051952   0.985045   0.030104   0.097130   0.993995
0.176066   0.714702   0.300506   0.864181   0.125531   0.974450   0.141853   0.902737
0.173702   0.764994   0.754371   0.813716   0.125314   0.975874   0.173955   0.904268
0.203675   0.283607   0.424591   0.593338   0.154177   0.901822   0.172441   0.919937
0.680962   0.588058   0.722452   0.112401   0.129616   0.959184   0.945611   0.119523
0.274104   0.436974   0.817335   0.765479   0.143577   0.901889   0.172614   0.979187
0.297364   0.361253   0.617711   0.333581   0.155234   0.900888   0.155292   0.920402
0.172832   0.765818   0.656353   0.770882   0.180209   0.971963   0.159275   0.914233
0.560962   0.454176   0.466710   0.875284   0.190442   0.930529   0.943370   0.177343
0.480090   0.385565   0.636800   0.365356   0.037849   0.092419   0.929343   0.125779
0.012394   0.887240   0.144342   0.966018   0.106565   0.965406   0.130619   0.995239
0.249696   0.455183   0.071689   0.223528   0.119672   0.922443   0.172798   0.958578
0.634560   0.586863   0.747515   0.862985   0.144232   0.926447   0.982295   0.180023
0.407954   0.692089   0.462615   0.364846   0.936399   0.119679   0.974611   0.150482
0.867622   0.742848   0.352174   0.456242   0.973320   0.015536   0.011223   0.954191
0.679168   0.859890   0.732937   0.108224   0.093959   0.950060   0.162326   0.952418
0.505398   0.455604   0.390945   0.758409   0.064627   0.013510   0.993175   0.177016
0.679007   0.987029   0.106576   0.344891   0.021089   0.940355   0.124045   0.993874
0.474697   0.832118   0.517039   0.849496   0.162516   0.077550   0.982122   0.186346
0.731440   0.256137   0.091990   0.554100   0.191324   0.909484   0.982894   0.129519
0.038062   0.370493   0.067048   0.319568   0.131242   0.926844   0.164939   0.944512
0.364985   0.944053   0.736037   0.570331   0.123066   0.003277   0.902962   0.172405
0.546140   0.785221   0.475805   0.693708   0.183716   0.069341   0.923891   0.149567
0.717236   0.681580   0.643195   0.321542   0.921028   0.152634   0.107248   0.963182
0.840323   0.293181   0.343095   0.893891   0.942321   0.093064   0.001340   0.946832
0.737061   0.789090   0.663735   0.350038   0.979819   0.117990   0.129892   0.979524
0.883763   0.242318   0.714371   0.478600   0.977730   0.000858   0.044656   0.974233
0.461112   0.196599   0.533887   0.520504   0.974312   0.116587   0.993301   0.173732
0.578515   0.351162   0.839220   0.565488   0.116565   0.995894   0.013414   0.120898
0.415387   0.600701   0.152826   0.637403   0.982256   0.180443   0.930709   0.119319
0.373988   0.625172   0.694772   0.544780   0.969336   0.152192   0.975723   0.108157
0.455232   0.696229   0.860380   0.317646   0.037111   0.036214   0.984818   0.106957
0.344715   0.253967   0.515365   0.321376   0.971626   0.006476   0.913525   0.078419
0.724000   0.223288   0.661322   0.212548   0.102984   0.964703   0.989851   0.119742
0.879902   0.060592   0.805204   0.928472   0.950809   0.007912   0.054873   0.930433
0.808843   0.446111   0.812737   0.319576   0.930605   0.027000   0.014925   0.927691
0.493573   0.402939   0.191110   0.362952   0.054807   0.043724   0.977500   0.183780
0.156735   0.067571   0.383727   0.496076   0.123337   0.921608   0.168680   0.986087
0.509744   0.443556   0.933781   0.129830   0.039071   0.021284   0.948400   0.124242
0.572681   0.264176   0.652616   0.703450   0.102962   0.032015   0.973299   0.175067
0.347270   0.590509   0.274821   0.617158   0.971747   0.133362   0.958065   0.182857
0.934425   0.396789   0.298354   0.580279   0.905291   0.034168   0.019446   0.936473
0.170400   0.628209   0.165984   0.109232   0.162639   0.985357   0.187146   0.976657
0.685500   0.180921   0.595444   0.767063   0.105197   0.046196   0.955094   0.164855
0.348325   0.387782   0.264164   0.500306   0.974385   0.180042   0.971499   0.195277
0.532337   0.718676   0.146563   0.505482   0.167081   0.935690   0.977561   0.186951
0.938484   0.525503   0.157072   0.045435   0.905289   0.081830   0.035708   0.971924
0.929644   0.462233   0.300841   0.787655   0.995744   0.052604   0.083372   0.959120
0.405562   0.859433   0.094853   0.223371   0.130441   0.035813   0.979131   0.146740
0.365687   0.451985   0.432539   0.485159   0.931334   0.125187   0.923177   0.167178
0.233175   0.407648   0.020909   0.424471   0.153457   0.915216   0.154405   0.914577
0.698687   0.039453   0.124116   0.610184   0.196709   0.069111   0.947327   0.122220
0.774086   0.681207   0.072423   0.651390   0.956788   0.148057   0.131304   0.966212
0.592968   0.790683   0.140292   0.844634   0.020666   0.992348   0.909514   0.003949
0.465866   0.736885   0.699010   0.385290   0.164377   0.916889   0.935178   0.125256
0.141654   0.192213   0.362588   0.202809   0.191736   0.965175   0.164300   0.986476
0.042708   0.777047   0.120958   0.387758   0.122053   0.900890   0.141047   0.955580
0.787857   0.796817   0.370516   0.159830   0.967856   0.147303   0.137660   0.914091
0.636627   0.685787   0.881066   0.907641   0.156099   0.919317   0.039136   0.193733
0.168031   0.815135   0.599558   0.956393   0.138282   0.953749   0.131387   0.932951
0.070954   0.029677   0.963573   0.520966   0.113430   0.994439   0.125015   0.961739
0.277774   0.432021   0.676964   0.549702   0.113772   0.986822   0.169557   0.928620
0.691510   0.172867   0.239362   0.872023   0.169062   0.023050   0.916732   0.116813
0.332282   0.289520   0.778795   0.473568   0.955432   0.027870   0.967602   0.014161
0.332480   0.632485   0.955291   0.424934   0.998944   0.195063   0.097781   0.143185
0.030647   0.823864   0.760855   0.436503   0.187299   0.914450   0.170073   0.997962
0.704718   0.449407   0.601189   0.872639   0.125426   0.931797   0.975293   0.151810
0.307056   0.867268   0.925714   0.620905   0.110642   0.009714   0.020731   0.104775
0.291792   0.138734   0.555335   0.269057   0.148319   0.957629   0.106936   0.915046
0.246633   0.196307   0.565576   0.768325   0.160860   0.953156   0.165683   0.945320
0.074006   0.101343   0.431484   0.810201   0.192870   0.907529   0.169077   0.945091
0.354927   0.610725   0.593515   0.648123   0.905940   0.108381   0.972563   0.151527
0.835720   0.198700   0.698168   0.766442   0.970470   0.076560   0.035874   0.903429
0.632355   0.015125   0.816567   0.564480   0.118058   0.076623   0.010849   0.108637
0.610950   0.397483   0.746429   0.537693   0.181266   0.948050   0.943690   0.120075
0.226111   0.435640   0.219715   0.416816   0.150993   0.967664   0.164883   0.993398
0.669277   0.765957   0.757266   0.568616   0.067449   0.949935   0.994070   0.026587
0.257640   0.736805   0.494436   0.786143   0.969881   0.107734   0.951542   0.133482
0.579501   0.347584   0.711943   0.238515   0.198824   0.927979   0.974427   0.129991
0.726415   0.760979   0.775856   0.800554   0.925530   0.128410   0.185730   0.926577
0.736156   0.891908   0.899279   0.808570   0.933139   0.178563   0.172799   0.929203
0.430691   0.762772   0.661073   0.567120   0.148404   0.001157   0.910737   0.104986
0.199593   0.824207   0.747464   0.817687   0.186680   0.997779   0.185576   0.969872
0.206191   0.267251   0.208370   0.219194   0.144663   0.983818   0.116862   0.970063
0.183500   0.834964   0.273812   0.227151   0.144168   0.968001   0.188118   0.934367
0.220885   0.647974   0.769161   0.470128   0.954615   0.123138   0.922755   0.129434
0.205145   0.595623   0.868184   0.765128   0.927258   0.135562   0.907744   0.127912
0.849533   0.943031   0.629358   0.560136   0.953992   0.026073   0.012920   0.905962
0.074133   0.837361   0.476397   0.555348   0.142247   0.974989   0.113835   0.999890
0.704692   0.157707   0.225253   0.219340   0.117527   0.902493   0.945256   0.186700
0.835727   0.293107   0.336140   0.519286   0.983517   0.048050   0.092286   0.953459
0.826141   0.701637   0.560739   0.216929   0.956926   0.085739   0.007316   0.970991
0.117265   0.811664   0.043671   0.444436   0.197654   0.967420   0.153860   0.933524
0.320404   0.175979   0.723541   0.373968   0.920989   0.006379   0.184580   0.939358
0.296200   0.109337   0.326449   0.304404   0.166952   0.907613   0.100290   0.988445
0.183095   0.611001   0.453249   0.680973   0.150631   0.905649   0.102991   0.926268
0.658533   0.529323   0.191595   0.881926   0.115047   0.902490   0.953983   0.147026
0.768558   0.040037   0.783569   0.179374   0.146219   0.961606   0.968182   0.153784
0.717906   0.802959   0.364109   0.669867   0.974148   0.188535   0.175350   0.921068
0.779814   0.117706   0.525338   0.151023   0.142126   0.922245   0.999267   0.183013
0.560986   0.578244   0.327433   0.679503   0.196470   0.909364   0.923240   0.118957
0.525331   0.390693   0.087647   0.567365   0.008993   0.051144   0.999587   0.108878
0.266515   0.469868   0.393419   0.973233   0.191996   0.928066   0.129168   0.956146
0.629394   0.941703   0.443413   0.704562   0.050471   0.994237   0.124933   0.918798
0.039742   0.585188   0.493543   0.474715   0.104739   0.934884   0.103948   0.964800
0.548831   0.751553   0.882700   0.745046   0.179015   0.988104   0.053534   0.112252
0.399021   0.782653   0.668843   0.250135   0.189884   0.093955   0.930386   0.143500
0.189981   0.758127   0.452506   0.501673   0.137610   0.938063   0.197130   0.918328
0.512127   0.289036   0.982876   0.256093   0.962209   0.114963   0.088960   0.178628
0.507463   0.797040   0.375938   0.288606   0.113919   0.948331   0.904726   0.186877
0.258566   0.821211   0.797329   0.986928   0.956083   0.102900   0.975247   0.159187
0.679510   0.176424   0.281526   0.771558   0.110619   0.008640   0.981420   0.142062
0.306505   0.340376   0.769479   0.301660   0.983929   0.108524   0.973848   0.145255
0.984568   0.467660   0.794202   0.785463   0.916638   0.020514   0.047903   0.943556
0.726303   0.071954   0.146970   0.507405   0.153969   0.988940   0.902937   0.181510
0.468448   0.722132   0.051589   0.554733   0.108983   0.972849   0.977938   0.124812
0.302529   0.660379   0.407807   0.441807   0.988949   0.195999   0.923403   0.185842
0.934826   0.911662   0.254644   0.123948   0.941059   0.064885   0.082440   0.918993
0.332471   0.541980   0.105624   0.197691   0.968132   0.116460   0.981986   0.186240
0.307585   0.920790   0.519300   0.059777   0.182080   0.040932   0.995425   0.160792
0.102977   0.956825   0.392644   0.521715   0.103055   0.980120   0.141965   0.999678
0.432458   0.715137   0.335026   0.798492   0.163770   0.065592   0.904587   0.122628
0.879271   0.652128   0.796224   0.560742   0.947207   0.063212   0.010862   0.957255
0.752773   0.320596   0.618418   0.351037   0.184371   0.955642   0.970084   0.147983
0.211595   0.413221   0.477061   0.107562   0.157141   0.913374   0.147290   0.903391
0.856422   0.563334   0.369433   0.385743   0.922449   0.019460   0.029825   0.968112
0.679928   0.531425   0.886258   0.686456   0.158766   0.914732   0.092035   0.143191
0.852530   0.396153   0.717164   0.258734   0.987748   0.054584   0.084529   0.936062
0.486823   0.234849   0.743756   0.021688   0.036305   0.114698   0.945353   0.159688
0.115956   0.423582   0.823325   0.509909   0.183954   0.928148   0.182834   0.997498
0.589220   0.070167   0.616229   0.271064   0.189471   0.009711   0.906475   0.173926
0.666668   0.894748   0.121258   0.877693   0.033626   0.920831   0.144894   0.955395
0.175323   0.086443   0.587006   0.435187   0.170811   0.923860   0.170803   0.973309
0.815184   0.689529   0.274456   0.181398   0.985642   0.060743   0.079338   0.975332
0.389548   0.611532   0.329522   0.908785   0.998713   0.188544   0.951644   0.133319
0.300795   0.273520   0.945830   0.205496   0.919804   0.121782   0.082271   0.150046
0.477615   0.121561   0.226944   0.510755   0.975632   0.119560   0.987710   0.144431
0.378257   0.605031   0.298357   0.276451   0.916105   0.187508   0.928881   0.131745
0.687966   0.576475   0.210755   0.213890   0.118557   0.969317   0.922190   0.198152
0.859833   0.874081   0.111454   0.048776   0.928797   0.029679   0.070169   0.935107
0.294014   0.540083   0.308484   0.597977   0.948087   0.132503   0.918467   0.118949
0.629493   0.243995   0.252348   0.753895   0.189801   0.018219   0.958137   0.134339
0.654360   0.318872   0.660607   0.539858   0.187359   0.970340   0.982795   0.174361
0.250787   0.227008   0.542582   0.330085   0.188749   0.944611   0.158877   0.911371
0.392238   0.600068   0.798582   0.311767   0.976015   0.142514   0.928488   0.125588
0.127921   0.764918   0.363895   0.764484   0.170547   0.921441   0.159056   0.985163
0.891815   0.379980   0.897452   0.340706   0.982958   0.081294   0.013100   0.979624
0.365353   0.670364   0.089954   0.367892   0.927862   0.124568   0.905738   0.142234
0.297655   0.410064   0.287018   0.096931   0.183122   0.903232   0.167630   0.977330
0.782072   0.402528   0.807822   0.181198   0.114728   0.963314   0.978823   0.174086
0.191951   0.519833   0.359049   0.808903   0.129677   0.994143   0.122727   0.942953
0.447661   0.645585   0.657038   0.076401   0.962999   0.103842   0.966867   0.191565
0.865065   0.320207   0.689989   0.140282   0.962666   0.028903   0.041841   0.953005
0.091710   0.142168   0.169888   0.363973   0.180320   0.993073   0.188585   0.922602
0.947634   0.576579   0.501641   0.690391   0.950279   0.049485   0.090537   0.911423
0.752922   0.371469   0.691640   0.145459   0.186038   0.942784   0.910319   0.197629
0.903477   0.852649   0.625204   0.225691   0.902187   0.014197   0.027744   0.918591
0.883420   0.722526   0.308184   0.468012   0.950230   0.009817   0.003682   0.951311
0.588243   0.951749   0.448731   0.887634   0.089581   0.929165   0.153628   0.922708
0.905802   0.589649   0.311320   0.602626   0.940359   0.062751   0.024352   0.980264
0.478851   0.839521   0.455371   0.749653   0.115663   0.036802   0.931246   0.195968
0.163844   0.882751   0.054105   0.510454   0.107743   0.926272   0.169583   0.900448
0.822458   0.204477   0.588220   0.251837   0.919137   0.064276   0.008562   0.922919
0.935787   0.880906   0.225930   0.838456   0.923561   0.027596   0.046429   0.932547
0.648584   0.183215   0.812706   0.719164   0.194291   0.020220   0.007630   0.156549
0.486959   0.803772   0.374588   0.385406   0.119545   0.924778   0.957477   0.175621
0.828822   0.162474   0.359603   0.792248   0.917434   0.079991   0.033897   0.976513
0.372176   0.683833   0.127385   0.735372   0.917691   0.174060   0.989965   0.164761
0.296382   0.265040   0.121879   0.431157   0.177026   0.944606   0.156427   0.992247
0.673380   0.497573   0.098570   0.433655   0.145552   0.971978   0.957483   0.168972
0.597355   0.524446   0.701079   0.396092   0.109320   0.974310   0.984173   0.170134
0.168815   0.421391   0.908105   0.390095   0.178146   0.995560   0.196517   0.932857
0.552882   0.661579   0.564612   0.862338   0.177055   0.968709   0.995430   0.190205
0.961995   0.592063   0.473800   0.245904   0.984247   0.016850   0.002917   0.928427
0.696482   0.893418   0.578105   0.809717   0.041241   0.933687   0.146691   0.944626
0.833050   0.823831   0.572718   0.450310   0.957296   0.061318   0.056783   0.975828
0.269989   0.733240   0.560686   0.515054   0.963914   0.155510   0.939317   0.113564
0.845454   0.231035   0.397996   0.705614   0.972499   0.012265   0.092627   0.973130
0.210125   0.318784   0.332013   0.273183   0.184411   0.989254   0.107363   0.955211
0.893725   0.844675   0.501245   0.349341   0.920137   0.054538   0.096233   0.966941
0.290257   0.190257   0.311891   0.137919   0.156294   0.984618   0.122885   0.949860
0.351744   0.090979   0.302250   0.609914   0.938419   0.055648   0.128677   0.905032
0.515604   0.146848   0.645672   0.586747   0.930311   0.119696   0.907228   0.102226
0.649918   0.471293   0.096090   0.381060   0.147637   0.932887   0.903811   0.187031
0.485033   0.219666   0.405261   0.961530   0.906836   0.158878   0.930919   0.148579
0.321648   0.191834   0.916255   0.589362   0.946939   0.093351   0.161111   0.944896
0.073114   0.564474   0.409589   0.384233   0.160311   0.990774   0.179088   0.996101
0.550609   0.717145   0.324997   0.844325   0.058847   0.971570   0.967500   0.079540
0.419298   0.153618   0.390257   0.586367   0.921009   0.047150   0.117902   0.993321
0.457002   0.527494   0.187612   0.565463   0.082992   0.033459   0.966105   0.123713
0.083045   0.144226   0.307982   0.831422   0.140348   0.934070   0.134546   0.923259
0.610576   0.179601   0.871714   0.277551   0.147030   0.024046   0.066457   0.110799
0.687045   0.865751   0.189409   0.518643   0.045444   0.903137   0.193741   0.911737
0.873250   0.582450   0.321311   0.656160   0.984513   0.037724   0.068676   0.993334
0.410843   0.475057   0.730717   0.086476   0.942371   0.189815   0.967952   0.170680
0.732437   0.731887   0.073313   0.160766   0.922488   0.163191   0.193449   0.986635
0.468668   0.882591   0.643443   0.281887   0.122742   0.986522   0.928940   0.186831
0.112843   0.528691   0.905229   0.174646   0.153243   0.918722   0.185856   0.946941
0.306308   0.523633   0.593450   0.708611   0.999536   0.180027   0.945993   0.127320
0.779216   0.383691   0.716642   0.548177   0.141227   0.912257   0.990998   0.130950
0.065993   0.801454   0.655330   0.091068   0.183427   0.959512   0.165335   0.902681
0.894613   0.920769   0.122761   0.916617   0.912002   0.044140   0.097256   0.938341
0.858879   0.788578   0.793648   0.801400   0.917885   0.002104   0.025439   0.907304
0.349277   0.565031   0.490557   0.757643   0.914439   0.118025   0.936579   0.121750
0.001630   0.564623   0.622435   0.545313   0.120136   0.927241   0.128440   0.922022
0.783686   0.847284   0.073254   0.708570   0.999187   0.116999   0.103991   0.973414
0.137550   0.745431   0.805632   0.960956   0.107574   0.982297   0.183965   0.978304
0.657856   0.916652   0.462106   0.321052   0.041642   0.942785   0.133951   0.937810
0.177154   0.908554   0.204548   0.855732   0.118235   0.962951   0.126326   0.959011
0.718434   0.324450   0.528762   0.789782   0.117388   0.942171   0.986704   0.131880
0.605911   0.850797   0.611126   0.266975   0.052298   0.974856   0.164385   0.928455
0.092932   0.274680   0.227777   0.703530   0.190000   0.939688   0.162815   0.964485
0.111472   0.080545   0.593740   0.683974   0.132448   0.943537   0.175601   0.964482
0.562472   0.818381   0.281852   0.539852   0.049171   0.913963   0.114752   0.968598
0.405497   0.040635   0.499370   0.895479   0.995588   0.027447   0.149318   0.961806
0.363318   0.894822   0.399973   0.335916   0.132678   0.005148   0.980359   0.184513
0.647720   0.134267   0.269555   0.136606   0.169640   0.059632   0.918945   0.108752
0.178900   0.897528   0.133064   0.688935   0.147165   0.997193   0.127271   0.940300
0.527356   0.357161   0.543054   0.145436   0.090823   0.000708   0.989538   0.111657
0.760562   0.815967   0.071501   0.406149   0.998400   0.108813   0.138393   0.915706
0.685080   0.322005   0.032182   0.724061   0.174331   0.910545   0.958059   0.195056
0.769188   0.560729   0.415686   0.721041   0.933074   0.108449   0.152499   0.958696
0.402970   0.297161   0.622815   0.715701   0.973603   0.087050   0.958332   0.066964
0.612934   0.834130   0.751269   0.059361   0.044131   0.963045   0.176427   0.937117
0.298779   0.659631   0.431908   0.252589   0.977814   0.152657   0.919121   0.176731
0.027387   0.310917   0.750625   0.342991   0.166429   0.943410   0.127179   0.934493
0.773209   0.814027   0.789336   0.518715   0.934600   0.179888   0.127415   0.951666
0.781459   0.210618   0.648333   0.953215   0.123875   0.928549   0.903404   0.115991
0.746056   0.728133   0.831862   0.218245   0.963840   0.183126   0.182922   0.946951
0.924703   0.603085   0.083359   0.496027   0.927424   0.024099   0.076969   0.969894
0.057535   0.105064   0.210612   0.473937   0.193561   0.941347   0.180900   0.939572
0.924126   0.802805   0.732404   0.577888   0.997846   0.048265   0.097869   0.913161
0.134831   0.747010   0.996409   0.427461   0.129571   0.923705   0.164080   0.986168
0.536076   0.259918   0.278258   0.514850   0.990394   0.102440   0.921132   0.124230
0.511822   0.281057   0.174129   0.353012   0.067574   0.107662   0.993506   0.159349
0.467384   0.911708   0.079077   0.864977   0.169971   0.951085   0.937705   0.124233
0.081088   0.515855   0.190510   0.455222   0.179292   0.981801   0.193231   0.903858
0.077186   0.502292   0.596329   0.699214   0.134771   0.920456   0.196046   0.917651
0.578498   0.612739   0.093322   0.743346   0.199071   0.915156   0.946045   0.140510
0.893402   0.529229   0.872723   0.863116   0.977349   0.073956   0.069816   0.963418
0.420188   0.835959   0.784706   0.128538   0.176544   0.068883   0.924105   0.149182
0.365624   0.399379   0.694811   0.914163   0.944932   0.199284   0.973141   0.124242
0.837104   0.883715   0.839507   0.058954   0.977127   0.010238   0.073943   0.998553
0.466677   0.803350   0.409190   0.354285   0.159973   0.900986   0.940401   0.148261
0.476672   0.608486   0.519760   0.905536   0.046115   0.011697   0.925262   0.174176
0.252030   0.347755   0.646585   0.402109   0.163493   0.999713   0.179034   0.996369
0.372142   0.122127   0.080931   0.554290   0.993826   0.037957   0.114763   0.981262
0.414989   0.743175   0.215566   0.690030   0.195064   0.000471   0.992637   0.136851
0.164090   0.714815   0.619078   0.171476   0.145360   0.931289   0.115814   0.999132
0.433334   0.152927   0.654971   0.479116   0.982874   0.077412   0.151037   0.968068
0.754276   0.247198   0.035143   0.278256   0.129007   0.949535   0.907305   0.141766
0.889727   0.796514   0.180192   0.847907   0.928098   0.084301   0.008422   0.920171
0.914250   0.871248   0.849583   0.648566   0.993004   0.047749   0.022834   0.992258
0.621840   0.359147   0.310757   0.650384   0.139279   0.901058   0.940868   0.195922
0.370891   0.896304   0.223902   0.407323   0.108124   0.051420   0.974892   0.102555
0.250867   0.157439   0.930465   0.613942   0.198492   0.982391   0.159102   0.929743
0.636012   0.656045   0.487876   0.614348   0.127013   0.941641   0.914302   0.160872
0.721695   0.258427   0.591378   0.741199   0.168673   0.913107   0.982067   0.163172
0.044865   0.161651   0.071486   0.101488   0.132500   0.921886   0.182089   0.910059
0.628636   0.387339   0.054788   0.267979   0.132892   0.970230   0.972923   0.121943
0.679071   0.946743   0.591288   0.193064   0.019861   0.937954   0.134998   0.945465
0.434006   0.761689   0.697987   0.627355   0.127065   0.079247   0.978024   0.118986
0.473135   0.864592   0.924290   0.679163   0.198531   0.933837   0.062909   0.100948
0.133413   0.675778   0.142851   0.603889   0.114359   0.916954   0.179317   0.965072
0.945081   0.080931   0.796608   0.585579   0.934740   0.083503   0.071720   0.961541
0.344228   0.464675   0.788835   0.235877   0.977610   0.191706   0.997848   0.134754
0.830257   0.674460   0.918420   0.176504   0.986430   0.091433   0.048354   0.971166
0.715950   0.703027   0.080269   0.158922   0.904026   0.151153   0.164722   0.946114
0.787379   0.636664   0.430804   0.820905   0.900347   0.100692   0.123359   0.981892
0.591739   0.244190   0.720548   0.823643   0.128067   0.021760   0.967298   0.131303
0.081668   0.286514   0.163497   0.297730   0.152932   0.930548   0.109402   0.986205
0.728924   0.278593   0.343600   0.512970   0.187234   0.967828   0.970830   0.138709
0.883098   0.447804   0.443406   0.222428   0.949146   0.071177   0.033096   0.949520
0.146767   0.825821   0.677424   0.231973   0.112194   0.932190   0.104937   0.969212
0.298529   0.658674   0.630811   0.303301   0.936225   0.104550   0.990711   0.122712
0.867520   0.606516   0.734075   0.379218   0.958715   0.036635   0.066180   0.998982
0.806437   0.243410   0.887906   0.604644   0.979874   0.007317   0.008635   0.901824
0.426368   0.733827   0.864364   0.294566   0.143317   0.024537   0.062240   0.179912
0.234306   0.556040   0.420369   0.164511   0.947202   0.188957   0.994637   0.165451
0.069855   0.455855   0.962327   0.363875   0.149082   0.940563   0.180713   0.917537
0.071026   0.913051   0.408751   0.882197   0.179239   0.909919   0.114840   0.974841
0.059628   0.423715   0.491290   0.423369   0.193914   0.959904   0.178804   0.967792
0.677973   0.302000   0.894851   0.266753   0.176978   0.916468   0.093795   0.199006
0.826800   0.637057   0.855848   0.826278   0.921091   0.040534   0.034721   0.921646
0.858453   0.497627   0.343565   0.324778   0.970142   0.052661   0.076985   0.935638
0.014106   0.956469   0.929775   0.382184   0.189717   0.946461   0.108447   0.904618
0.684066   0.566692   0.710647   0.247423   0.155813   0.952130   0.968239   0.166602
0.353717   0.817797   0.659312   0.134121   0.191617   0.009529   0.903377   0.161648
0.309148   0.244575   0.635913   0.454202   0.916335   0.032341   0.965737   0.019401
0.403833   0.894699   0.103117   0.805960   0.113289   0.030714   0.946464   0.188962
0.845915   0.802434   0.802567   0.782945   0.909927   0.028766   0.024349   0.966471
0.385171   0.754172   0.455229   0.411849   0.146403   0.003944   0.918034   0.199235
0.452222   0.395413   0.360434   0.623137   0.092046   0.049219   0.969329   0.131900
0.635165   0.137842   0.329671   0.705177   0.104682   0.010837   0.921903   0.174830
0.724116   0.395864   0.603506   0.911177   0.182904   0.969548   0.936246   0.107588
0.935286   0.779743   0.716468   0.116074   0.985136   0.031879   0.029855   0.915644
0.522638   0.765914   0.714872   0.205991   0.154531   0.962029   0.984589   0.156988
0.295702   0.680818   0.968571   0.442047   0.961626   0.124691   0.939712   0.161265
0.580697   0.405085   0.450318   0.336316   0.159753   0.975598   0.945824   0.199420
0.775779   0.101405   0.649089   0.802720   0.167894   0.958437   0.916880   0.114396
0.531395   0.397140   0.951906   0.515895   0.096656   0.029401   0.982794   0.119082
0.367322   0.750996   0.076880   0.407591   0.173056   0.001202   0.951710   0.193158
0.116749   0.744687   0.690601   0.882612   0.189363   0.907871   0.150757   0.926386
0.664658   0.080464   0.600695   0.544042   0.190940   0.096240   0.971152   0.176429
0.075276   0.252604   0.297075   0.752180   0.111758   0.922104   0.106697   0.939509
0.539008   0.777646   0.546815   0.379704   0.160818   0.941498   0.999146   0.168269
0.875391   0.409997   0.224380   0.775961   0.967048   0.095196   0.062990   0.993028
0.517441   0.858877   0.499706   0.681874   0.107559   0.006020   0.957505   0.125279
0.634220   0.611479   0.389546   0.079396   0.137929   0.945882   0.936670   0.110601
0.308303   0.240824   0.438037   0.645793   0.953239   0.006626   0.936217   0.060869
0.526977   0.547752   0.387906   0.822479   0.028457   0.063503   0.948514   0.152214
0.139839   0.285076   0.822549   0.433468   0.127334   0.997031   0.103766   0.908488
0.137846   0.593699   0.573983   0.258021   0.118064   0.955664   0.132968   0.963508
0.118444   0.480130   0.096889   0.928933   0.172299   0.922351   0.136008   0.941238
0.594392   0.099025   0.292599   0.520908   0.186852   0.086066   0.903063   0.166335
0.911364   0.270050   0.685038   0.713704   0.979408   0.053881   0.076584   0.979131
0.613829   0.252865   0.850547   0.754626   0.183554   0.011495   0.017209   0.198159
0.619831   0.465061   0.283340   0.475928   0.137630   0.997114   0.909674   0.145158
0.583996   0.345290   0.053045   0.497001   0.157479   0.950371   0.993262   0.102275
0.337649   0.293162   0.583144   0.758993   0.953429   0.008171   0.982311   0.027596
0.283155   0.158687   0.695064   0.289054   0.160611   0.925613   0.187782   0.934490
0.552923   0.649273   0.341350   0.108330   0.191817   0.933246   0.943001   0.153589
0.181449   0.769637   0.265764   0.686840   0.158501   0.969923   0.104219   0.902753
0.625658   0.387627   0.629025   0.698594   0.135448   0.953592   0.993508   0.147556
0.607813   0.851144   0.130087   0.289583   0.095645   0.915053   0.181068   0.986502
0.355424   0.095311   0.660902   0.935175   0.949346   0.075007   0.167238   0.908269
0.678760   0.534291   0.254514   0.610334   0.177374   0.972269   0.949781   0.186777
0.514579   0.846454   0.703640   0.604755   0.185950   0.021292   0.931766   0.105161
0.577739   0.887255   0.424134   0.227406   0.026209   0.962747   0.141754   0.912596
0.883713   0.591336   0.165490   0.677515   0.982435   0.056421   0.062848   0.951230
0.666502   0.426379   0.113448   0.489493   0.127497   0.949335   0.930364   0.183665
0.448851   0.422651   0.695932   0.600044   0.903798   0.157521   0.939938   0.110073
0.728230   0.182851   0.703663   0.523958   0.109398   0.987807   0.958743   0.149016
0.815652   0.655511   0.316301   0.572703   0.989731   0.023315   0.000067   0.901373
0.240767   0.639046   0.669866   0.949526   0.957845   0.168022   0.956481   0.125264
0.247961   0.922238   0.398522   0.029765   0.973762   0.105636   0.919963   0.164464
0.227296   0.889479   0.592018   0.833641   0.994342   0.113810   0.966484   0.101253
0.069740   0.757799   0.128175   0.429034   0.109209   0.966461   0.138638   0.928905
0.971241   0.888205   0.518968   0.594951   0.992395   0.036340   0.029007   0.969297
0.972893   0.663048   0.672563   0.559267   0.978565   0.084945   0.039241   0.992082
0.786920   0.975337   0.103835   0.404681   0.961183   0.163534   0.167942   0.915739
0.261611   0.302366   0.554566   0.595972   0.102513   0.966653   0.135766   0.974095
0.842458   0.672396   0.425788   0.323924   0.943142   0.026475   0.091111   0.970296
0.655362   0.099787   0.068056   0.626135   0.163141   0.036143   0.942238   0.130893
0.722829   0.612435   0.690381   0.080217   0.962023   0.166850   0.172360   0.937610
0.873461   0.887618   0.942477   0.304244   0.926113   0.057152   0.076127   0.913324
0.100953   0.867760   0.014829   0.325950   0.135155   0.998520   0.181080   0.966454
0.171620   0.418687   0.141107   0.396843   0.146206   0.959364   0.191606   0.909055
0.554835   0.900076   0.092484   0.460279   0.085650   0.965940   0.161171   0.957467
0.502709   0.465247   0.748626   0.199635   0.067120   0.030016   0.906740   0.160811
0.404316   0.371027   0.386757   0.216103   0.952619   0.141611   0.997144   0.137448
0.610102   0.375320   0.878947   0.647431   0.107307   0.916539   0.022918   0.176810
0.892950   0.253730   0.601846   0.177966   0.993605   0.003432   0.077819   0.977029
0.151273   0.808163   0.605494   0.819360   0.110959   0.943408   0.169519   0.932772
0.277754   0.381055   0.037627   0.096118   0.105107   0.963268   0.182749   0.926324
0.785219   0.768607   0.272282   0.716697   0.935822   0.194358   0.182072   0.905529
0.427165   0.284666   0.551511   0.509228   0.993779   0.084703   0.937700   0.053712
0.624150   0.295261   0.392201   0.950356   0.126208   0.034395   0.997477   0.190625
0.604332   0.846166   0.916280   0.921116   0.011629   0.986809   0.196704   0.920822
0.774482   0.610034   0.667296   0.262414   0.918757   0.186660   0.111641   0.982322
0.113052   0.303228   0.291092   0.113033   0.145936   0.922147   0.155484   0.998188
0.922135   0.640589   0.151415   0.673927   0.932572   0.074583   0.009216   0.919760
0.097279   0.713605   0.941009   0.877380   0.130447   0.933104   0.155562   0.990576
0.595613   0.222171   0.637582   0.214628   0.153962   0.022834   0.906427   0.136788
0.478815   0.793471   0.653753   0.711733   0.127685   0.069943   0.996612   0.112393
0.157856   0.613452   0.726852   0.098298   0.133211   0.969151   0.104044   0.940557
