0.075699   0.099108   0.043708   0.046556   0.000000   1.000000   0.000000   1.000000
0.089546   0.003608   0.030137   0.254533   0.000000   1.000000   0.000000   1.000000
0.007452   0.085900   0.065049   0.412064   0.000000   1.000000   0.000000   1.000000
0.067785   0.069600   0.041404   0.663252   0.000000   1.000000   0.000000   1.000000
0.060439   0.019954   0.053624   0.840506   0.000000   1.000000   0.000000   1.000000
0.088092   0.011051   0.223338   0.080925   0.000000   1.000000   0.000000   1.000000
0.052231   0.049727   0.239416   0.209240   0.000000   1.000000   0.000000   1.000000
0.022923   0.050529   0.253380   0.419178   0.000000   1.000000   0.000000   1.000000
0.079658   0.021925   0.262830   0.625857   0.000000   1.000000   0.000000   1.000000
0.027926   0.083814   0.239237   0.810201   0.000000   1.000000   0.000000   1.000000
0.020790   0.020821   0.427175   0.087164   0.000000   1.000000   0.000000   1.000000
0.021273   0.022029   0.444113   0.221704   0.000000   1.000000   0.000000   1.000000
0.081721   0.065797   0.451833   0.463368   0.000000   1.000000   0.000000   1.000000
0.080822   0.055670   0.433989   0.696068   0.000000   1.000000   0.000000   1.000000
0.044828   0.094663   0.486350   0.895522   0.000000   1.000000   0.000000   1.000000
0.077161   0.004023   0.688497   0.033776   0.000000   1.000000   0.000000   1.000000
0.028906   0.012668   0.625768   0.283481   0.000000   1.000000   0.000000   1.000000
0.087294   0.059174   0.663732   0.444917   0.000000   1.000000   0.000000   1.000000
0.090520   0.031760   0.635067   0.658417   0.000000   1.000000   0.000000   1.000000
0.036664   0.026311   0.614160   0.880476   0.000000   1.000000   0.000000   1.000000
0.042413   0.008327   0.807303   0.024687   0.000000   1.000000   0.000000   1.000000
0.019057   0.041272   0.847477   0.244144   0.000000   1.000000   0.000000   1.000000
0.053759   0.040208   0.826133   0.441477   0.000000   1.000000   0.000000   1.000000
0.006238   0.002721   0.814240   0.615795   0.000000   1.000000   0.000000   1.000000
0.013246   0.075668   0.803275   0.825332   0.000000   1.000000   0.000000   1.000000
0.004672   0.282048   0.062152   0.063257   0.000000   1.000000   0.000000   1.000000
0.070683   0.273792   0.034281   0.284459   0.000000   1.000000   0.000000   1.000000
0.046772   0.243932   0.087669   0.460799   0.000000   1.000000   0.000000   1.000000
0.060757   0.262061   0.023098   0.607993   0.000000   1.000000   0.000000   1.000000
0.078400   0.248301   0.074455   0.824394   0.000000   1.000000   0.000000   1.000000
0.022212   0.253876   0.259989   0.043680   0.000000   1.000000   0.000000   1.000000
0.002907   0.255316   0.240735   0.298248   0.000000   1.000000   0.000000   1.000000
0.025491   0.211877   0.255719   0.421949   0.000000   1.000000   0.000000   1.000000
0.002876   0.267803   0.268972   0.609751   0.000000   1.000000   0.000000   1.000000
0.077972   0.284995   0.258816   0.890498   0.000000   1.000000   0.000000   1.000000
0.002804   0.231182   0.475664   0.008478   0.000000   1.000000   0.000000   1.000000
0.063788   0.252853   0.448656   0.241517   0.000000   1.000000   0.000000   1.000000
0.008604   0.287501   0.404878   0.487640   0.000000   1.000000   0.000000   1.000000
0.052609   0.214531   0.479023   0.613741   0.000000   1.000000   0.000000   1.000000
0.026691   0.275118   0.404502   0.827435   0.000000   1.000000   0.000000   1.000000
0.076299   0.271604   0.647363   0.041012   0.000000   1.000000   0.000000   1.000000
0.011629   0.221676   0.629647   0.257194   0.000000   1.000000   0.000000   1.000000
0.095723   0.273139   0.604254   0.427739   0.000000   1.000000   0.000000   1.000000
0.084007   0.271435   0.667563   0.645466   0.000000   1.000000   0.000000   1.000000
0.023782   0.280561   0.688506   0.858456   0.000000   1.000000   0.000000   1.000000
0.002611   0.292189   0.882373   0.060475   0.000000   1.000000   0.000000   1.000000
0.071559   0.207111   0.807212   0.258375   0.000000   1.000000   0.000000   1.000000
0.005298   0.297152   0.840951   0.414209   0.000000   1.000000   0.000000   1.000000
0.030369   0.243013   0.886179   0.699340   0.000000   1.000000   0.000000   1.000000
0.039858   0.249158   0.844537   0.861889   0.000000   1.000000   0.000000   1.000000
0.083956   0.464184   0.036257   0.094098   0.000000   1.000000   0.000000   1.000000
0.086117   0.415196   0.097984   0.201619   0.000000   1.000000   0.000000   1.000000
0.060387   0.446887   0.013064   0.441528   0.000000   1.000000   0.000000   1.000000
0.078773   0.452898   0.076765   0.625875   0.000000   1.000000   0.000000   1.000000
0.003798   0.491939   0.016702   0.865868   0.000000   1.000000   0.000000   1.000000
0.075067   0.457949   0.250544   0.004154   0.000000   1.000000   0.000000   1.000000
0.098862   0.434887   0.262872   0.203031   0.000000   1.000000   0.000000   1.000000
0.072722   0.435312   0.206029   0.498271   0.000000   1.000000   0.000000   1.000000
0.055064   0.451289   0.299142   0.695608   0.000000   1.000000   0.000000   1.000000
0.046280   0.493368   0.298924   0.893499   0.000000   1.000000   0.000000   1.000000
0.006845   0.484737   0.451963   0.014912   0.000000   1.000000   0.000000   1.000000
0.028143   0.455477   0.457158   0.297903   0.000000   1.000000   0.000000   1.000000
0.082791   0.429898   0.432528   0.404685   0.000000   1.000000   0.000000   1.000000
0.002840   0.442489   0.468875   0.604567   0.000000   1.000000   0.000000   1.000000
0.056178   0.447827   0.418080   0.853090   0.000000   1.000000   0.000000   1.000000
0.063023   0.490891   0.673860   0.065791   0.000000   1.000000   0.000000   1.000000
0.048475   0.478598   0.684711   0.227288   0.000000   1.000000   0.000000   1.000000
0.027907   0.429625   0.679964   0.458271   0.000000   1.000000   0.000000   1.000000
0.087817   0.473161   0.665149   0.612126   0.000000   1.000000   0.000000   1.000000
0.072910   0.403475   0.688916   0.859132   0.000000   1.000000   0.000000   1.000000
0.036524   0.401616   0.878433   0.010713   0.000000   1.000000   0.000000   1.000000
0.076176   0.493474   0.812665   0.238481   0.000000   1.000000   0.000000   1.000000
0.076539   0.454537   0.881843   0.402024   0.000000   1.000000   0.000000   1.000000
0.020809   0.413505   0.867665   0.653105   0.000000   1.000000   0.000000   1.000000
0.047178   0.424199   0.861479   0.871843   0.000000   1.000000   0.000000   1.000000
0.045263   0.619314   0.064809   0.085729   0.000000   1.000000   0.000000   1.000000
0.026415   0.616726   0.013811   0.296115   0.000000   1.000000   0.000000   1.000000
0.091231   0.646412   0.045188   0.497534   0.000000   1.000000   0.000000   1.000000
0.081123   0.657115   0.009187   0.690136   0.000000   1.000000   0.000000   1.000000
0.083324   0.613170   0.080508   0.892885   0.000000   1.000000   0.000000   1.000000
0.013650   0.614845   0.262440   0.004021   0.000000   1.000000   0.000000   1.000000
0.002812   0.685265   0.281733   0.247645   0.000000   1.000000   0.000000   1.000000
0.034466   0.662044   0.229801   0.499448   0.000000   1.000000   0.000000   1.000000
0.008937   0.620691   0.237748   0.691790   0.000000   1.000000   0.000000   1.000000
0.020712   0.627108   0.246774   0.829977   0.000000   1.000000   0.000000   1.000000
0.083016   0.604648   0.443320   0.058407   0.000000   1.000000   0.000000   1.000000
0.068020   0.613501   0.421865   0.228246   0.000000   1.000000   0.000000   1.000000
0.014925   0.651023   0.418131   0.424768   0.000000   1.000000   0.000000   1.000000
0.004180   0.660382   0.484786   0.685600   0.000000   1.000000   0.000000   1.000000
0.033161   0.687343   0.417338   0.820043   0.000000   1.000000   0.000000   1.000000
0.007434   0.668787   0.695140   0.081557   0.000000   1.000000   0.000000   1.000000
0.046567   0.698318   0.695254   0.221654   0.000000   1.000000   0.000000   1.000000
0.022696   0.679934   0.635743   0.480552   0.000000   1.000000   0.000000   1.000000
0.062236   0.696899   0.651547   0.643046   0.000000   1.000000   0.000000   1.000000
0.063513   0.665579   0.672667   0.897088   0.000000   1.000000   0.000000   1.000000
0.078214   0.649507   0.811094   0.072085   0.000000   1.000000   0.000000   1.000000
0.043376   0.638667   0.862964   0.200290   0.000000   1.000000   0.000000   1.000000
0.026579   0.664570   0.897175   0.448086   0.000000   1.000000   0.000000   1.000000
0.002353   0.644194   0.880430   0.654033   0.000000   1.000000   0.000000   1.000000
0.090321   0.630084   0.898032   0.804301   0.000000   1.000000   0.000000   1.000000
0.021501   0.813368   0.005123   0.050345   0.000000   1.000000   0.000000   1.000000
0.054606   0.817630   0.058496   0.230670   0.000000   1.000000   0.000000   1.000000
0.063303   0.821898   0.045930   0.435997   0.000000   1.000000   0.000000   1.000000
0.096258   0.841184   0.002050   0.676980   0.000000   1.000000   0.000000   1.000000
0.006646   0.843394   0.033242   0.809421   0.000000   1.000000   0.000000   1.000000
0.042068   0.819283   0.271190   0.066258   0.000000   1.000000   0.000000   1.000000
0.066898   0.802200   0.274467   0.250902   0.000000   1.000000   0.000000   1.000000
0.018291   0.891338   0.282869   0.454768   0.000000   1.000000   0.000000   1.000000
0.000239   0.808574   0.280467   0.661924   0.000000   1.000000   0.000000   1.000000
0.037125   0.871455   0.220296   0.842546   0.000000   1.000000   0.000000   1.000000
0.088742   0.830172   0.443260   0.037480   0.000000   1.000000   0.000000   1.000000
0.025067   0.822684   0.466055   0.218762   0.000000   1.000000   0.000000   1.000000
0.032109   0.820723   0.446561   0.455258   0.000000   1.000000   0.000000   1.000000
0.004741   0.837850   0.405406   0.612381   0.000000   1.000000   0.000000   1.000000
0.065946   0.870435   0.432087   0.832761   0.000000   1.000000   0.000000   1.000000
0.041967   0.836260   0.683748   0.005310   0.000000   1.000000   0.000000   1.000000
0.097612   0.865295   0.688878   0.262710   0.000000   1.000000   0.000000   1.000000
0.065788   0.850481   0.667777   0.442573   0.000000   1.000000   0.000000   1.000000
0.018147   0.815899   0.695818   0.618098   0.000000   1.000000   0.000000   1.000000
0.069892   0.828530   0.603760   0.827332   0.000000   1.000000   0.000000   1.000000
0.055925   0.860551   0.895733   0.020975   0.000000   1.000000   0.000000   1.000000
0.082852   0.860697   0.840695   0.250623   0.000000   1.000000   0.000000   1.000000
0.031689   0.865819   0.887760   0.476798   0.000000   1.000000   0.000000   1.000000
0.050972   0.820013   0.893905   0.688660   0.000000   1.000000   0.000000   1.000000
0.062149   0.839613   0.863383   0.855770   0.000000   1.000000   0.000000   1.000000
0.256355   0.031076   0.072154   0.042692   0.000000   1.000000   0.000000   1.000000
0.278602   0.081245   0.078037   0.248090   0.000000   1.000000   0.000000   1.000000
0.258471   0.030438   0.008586   0.431338   0.000000   1.000000   0.000000   1.000000
0.250847   0.066032   0.072623   0.632036   0.000000   1.000000   0.000000   1.000000
0.294651   0.093560   0.079374   0.881768   0.000000   1.000000   0.000000   1.000000
0.271350   0.057792   0.208676   0.003972   0.000000   1.000000   0.000000   1.000000
0.208825   0.047674   0.229667   0.241167   0.000000   1.000000   0.000000   1.000000
0.279725   0.026264   0.293910   0.424232   0.000000   1.000000   0.000000   1.000000
0.261520   0.066271   0.224325   0.674208   0.000000   1.000000   0.000000   1.000000
0.272245   0.022387   0.222490   0.841528   0.000000   1.000000   0.000000   1.000000
0.283038   0.068393   0.456888   0.039976   0.000000   1.000000   0.000000   1.000000
0.230117   0.018126   0.475004   0.233185   0.000000   1.000000   0.000000   1.000000
0.282820   0.033673   0.408345   0.477210   0.000000   1.000000   0.000000   1.000000
0.298385   0.082987   0.496817   0.689625   0.000000   1.000000   0.000000   1.000000
0.231181   0.050177   0.495098   0.832036   0.000000   1.000000   0.000000   1.000000
0.271220   0.002834   0.665342   0.036381   0.000000   1.000000   0.000000   1.000000
0.221183   0.079984   0.699286   0.289077   0.000000   1.000000   0.000000   1.000000
0.288916   0.088179   0.665118   0.465363   0.000000   1.000000   0.000000   1.000000
0.223793   0.028258   0.651937   0.656901   0.000000   1.000000   0.000000   1.000000
0.228429   0.049309   0.667228   0.834355   0.000000   1.000000   0.000000   1.000000
0.208797   0.044851   0.821378   0.006229   0.000000   1.000000   0.000000   1.000000
0.225946   0.081365   0.855798   0.236998   0.000000   1.000000   0.000000   1.000000
0.274032   0.050541   0.825109   0.498625   0.000000   1.000000   0.000000   1.000000
0.295015   0.086966   0.838637   0.651843   0.000000   1.000000   0.000000   1.000000
0.287808   0.090192   0.861465   0.834153   0.000000   1.000000   0.000000   1.000000
0.253287   0.244584   0.064561   0.054305   0.000000   1.000000   0.000000   1.000000
0.288094   0.286315   0.079722   0.258511   0.000000   1.000000   0.000000   1.000000
0.205728   0.248950   0.099687   0.461791   0.000000   1.000000   0.000000   1.000000
0.210051   0.249785   0.085901   0.660641   0.000000   1.000000   0.000000   1.000000
0.294173   0.270970   0.060522   0.865046   0.000000   1.000000   0.000000   1.000000
0.228170   0.285169   0.260129   0.072517   0.000000   1.000000   0.000000   1.000000
0.264161   0.291609   0.203608   0.257694   0.000000   1.000000   0.000000   1.000000
0.281345   0.284499   0.239519   0.451805   0.000000   1.000000   0.000000   1.000000
0.220149   0.296960   0.209310   0.627419   0.000000   1.000000   0.000000   1.000000
0.235739   0.239863   0.236357   0.839018   0.000000   1.000000   0.000000   1.000000
0.201092   0.261776   0.434293   0.011237   0.000000   1.000000   0.000000   1.000000
0.243689   0.283413   0.497311   0.254181   0.000000   1.000000   0.000000   1.000000
0.287716   0.229194   0.424061   0.411663   0.000000   1.000000   0.000000   1.000000
0.279632   0.246413   0.440082   0.663985   0.000000   1.000000   0.000000   1.000000
0.204938   0.298781   0.413493   0.825759   0.000000   1.000000   0.000000   1.000000
0.249175   0.281206   0.620405   0.013089   0.000000   1.000000   0.000000   1.000000
0.261299   0.271384   0.696715   0.280080   0.000000   1.000000   0.000000   1.000000
0.243798   0.290839   0.622728   0.475751   0.000000   1.000000   0.000000   1.000000
0.289546   0.240138   0.663361   0.693138   0.000000   1.000000   0.000000   1.000000
0.243157   0.251844   0.639043   0.877937   0.000000   1.000000   0.000000   1.000000
0.238599   0.295511   0.861724   0.097885   0.000000   1.000000   0.000000   1.000000
0.249925   0.290724   0.885666   0.296864   0.000000   1.000000   0.000000   1.000000
0.290983   0.236701   0.890665   0.468226   0.000000   1.000000   0.000000   1.000000
0.270071   0.265680   0.858492   0.646304   0.000000   1.000000   0.000000   1.000000
0.240182   0.241609   0.827741   0.849394   0.000000   1.000000   0.000000   1.000000
0.204624   0.403664   0.069981   0.064580   0.000000   1.000000   0.000000   1.000000
0.203019   0.428859   0.059469   0.222944   0.000000   1.000000   0.000000   1.000000
0.246149   0.458266   0.019730   0.421894   0.000000   1.000000   0.000000   1.000000
0.232923   0.490022   0.081141   0.647711   0.000000   1.000000   0.000000   1.000000
0.278254   0.485858   0.055788   0.835333   0.000000   1.000000   0.000000   1.000000
0.296082   0.451615   0.218844   0.074705   0.000000   1.000000   0.000000   1.000000
0.206082   0.427843   0.201859   0.234162   0.000000   1.000000   0.000000   1.000000
0.278592   0.431837   0.244952   0.436583   0.000000   1.000000   0.000000   1.000000
0.275763   0.442255   0.294777   0.655208   0.000000   1.000000   0.000000   1.000000
0.262082   0.444308   0.247332   0.826811   0.000000   1.000000   0.000000   1.000000
0.217329   0.440865   0.473251   0.005958   0.000000   1.000000   0.000000   1.000000
0.236254   0.472242   0.412341   0.296050   0.000000   1.000000   0.000000   1.000000
0.267874   0.433106   0.439755   0.451022   0.000000   1.000000   0.000000   1.000000
0.202245   0.482136   0.443402   0.617613   0.000000   1.000000   0.000000   1.000000
0.273909   0.475132   0.400678   0.821639   0.000000   1.000000   0.000000   1.000000
0.214499   0.433338   0.615795   0.032052   0.000000   1.000000   0.000000   1.000000
0.212472   0.434132   0.604703   0.291829   0.000000   1.000000   0.000000   1.000000
0.264228   0.497431   0.623177   0.485536   0.000000   1.000000   0.000000   1.000000
0.282040   0.482780   0.660538   0.636565   0.000000   1.000000   0.000000   1.000000
0.276326   0.462119   0.643087   0.804921   0.000000   1.000000   0.000000   1.000000
0.200472   0.449471   0.837791   0.021265   0.000000   1.000000   0.000000   1.000000
0.224052   0.495027   0.871178   0.256867   0.000000   1.000000   0.000000   1.000000
0.236292   0.412254   0.834212   0.435596   0.000000   1.000000   0.000000   1.000000
0.277303   0.462633   0.804779   0.603798   0.000000   1.000000   0.000000   1.000000
0.281091   0.457104   0.820418   0.829095   0.000000   1.000000   0.000000   1.000000
0.276769   0.606839   0.068497   0.073890   0.000000   1.000000   0.000000   1.000000
0.295105   0.623419   0.044818   0.241571   0.000000   1.000000   0.000000   1.000000
0.237411   0.603020   0.014799   0.490445   0.000000   1.000000   0.000000   1.000000
0.213609   0.604662   0.034736   0.604508   0.000000   1.000000   0.000000   1.000000
0.209528   0.611277   0.037631   0.853167   0.000000   1.000000   0.000000   1.000000
0.265094   0.629653   0.284983   0.098383   0.000000   1.000000   0.000000   1.000000
0.265621   0.690488   0.200712   0.269274   0.000000   1.000000   0.000000   1.000000
0.264925   0.659868   0.285794   0.449211   0.000000   1.000000   0.000000   1.000000
0.246858   0.625373   0.215837   0.642346   0.000000   1.000000   0.000000   1.000000
0.201688   0.661406   0.277726   0.872245   0.000000   1.000000   0.000000   1.000000
0.231378   0.625946   0.439100   0.056324   0.000000   1.000000   0.000000   1.000000
0.266244   0.626263   0.403844   0.275142   0.000000   1.000000   0.000000   1.000000
0.236055   0.660836   0.426543   0.495930   0.000000   1.000000   0.000000   1.000000
0.299227   0.633073   0.426780   0.697627   0.000000   1.000000   0.000000   1.000000
0.232178   0.616430   0.405605   0.868052   0.000000   1.000000   0.000000   1.000000
0.225416   0.664266   0.681310   0.049893   0.000000   1.000000   0.000000   1.000000
0.284046   0.663060   0.601835   0.226575   0.000000   1.000000   0.000000   1.000000
0.243474   0.623730   0.634327   0.447802   0.000000   1.000000   0.000000   1.000000
0.231299   0.685194   0.632824   0.657034   0.000000   1.000000   0.000000   1.000000
0.209072   0.662172   0.619984   0.801862   0.000000   1.000000   0.000000   1.000000
0.207591   0.620867   0.875451   0.052558   0.000000   1.000000   0.000000   1.000000
0.208177   0.661045   0.880700   0.236615   0.000000   1.000000   0.000000   1.000000
0.269922   0.663365   0.845230   0.478245   0.000000   1.000000   0.000000   1.000000
0.277096   0.680822   0.849712   0.692955   0.000000   1.000000   0.000000   1.000000
0.210476   0.606032   0.812440   0.871829   0.000000   1.000000   0.000000   1.000000
0.217999   0.821965   0.084069   0.058744   0.000000   1.000000   0.000000   1.000000
0.220697   0.835157   0.093448   0.229608   0.000000   1.000000   0.000000   1.000000
0.270992   0.806890   0.031578   0.494853   0.000000   1.000000   0.000000   1.000000
0.294714   0.813752   0.076933   0.630064   0.000000   1.000000   0.000000   1.000000
0.274270   0.879419   0.061921   0.873932   0.000000   1.000000   0.000000   1.000000
0.283790   0.803436   0.281677   0.087605   0.000000   1.000000   0.000000   1.000000
0.207232   0.807405   0.200605   0.261761   0.000000   1.000000   0.000000   1.000000
0.273672   0.826300   0.272993   0.488159   0.000000   1.000000   0.000000   1.000000
0.277359   0.831010   0.257064   0.615947   0.000000   1.000000   0.000000   1.000000
0.265199   0.866092   0.203365   0.880607   0.000000   1.000000   0.000000   1.000000
0.252208   0.818352   0.418297   0.073831   0.000000   1.000000   0.000000   1.000000
0.262477   0.828460   0.434753   0.226552   0.000000   1.000000   0.000000   1.000000
0.202980   0.814247   0.478819   0.454425   0.000000   1.000000   0.000000   1.000000
0.230301   0.859052   0.493804   0.653658   0.000000   1.000000   0.000000   1.000000
0.239339   0.877946   0.448611   0.836158   0.000000   1.000000   0.000000   1.000000
0.241362   0.811921   0.673290   0.045455   0.000000   1.000000   0.000000   1.000000
0.216236   0.867213   0.636993   0.284062   0.000000   1.000000   0.000000   1.000000
0.209984   0.811083   0.614989   0.478949   0.000000   1.000000   0.000000   1.000000
0.214424   0.874577   0.660120   0.674431   0.000000   1.000000   0.000000   1.000000
0.298131   0.850307   0.631280   0.872121   0.000000   1.000000   0.000000   1.000000
0.265699   0.820005   0.806344   0.062057   0.000000   1.000000   0.000000   1.000000
0.206459   0.859652   0.867334   0.207327   0.000000   1.000000   0.000000   1.000000
0.207539   0.850112   0.814546   0.458218   0.000000   1.000000   0.000000   1.000000
0.261749   0.871031   0.868585   0.609149   0.000000   1.000000   0.000000   1.000000
0.292949   0.845366   0.895730   0.896191   0.000000   1.000000   0.000000   1.000000
0.625715   0.060227   0.018613   0.097312   1.000000   0.000000   0.000000   1.000000
0.674978   0.057749   0.005197   0.213973   1.000000   0.000000   0.000000   1.000000
0.632963   0.024462   0.012908   0.446652   1.000000   0.000000   0.000000   1.000000
0.611691   0.052308   0.068436   0.683882   1.000000   0.000000   0.000000   1.000000
0.688605   0.016367   0.054727   0.824045   1.000000   0.000000   0.000000   1.000000
0.631471   0.075634   0.224882   0.037590   1.000000   0.000000   0.000000   1.000000
0.643370   0.077786   0.254179   0.219402   1.000000   0.000000   0.000000   1.000000
0.647078   0.006094   0.248098   0.439080   1.000000   0.000000   0.000000   1.000000
0.696925   0.029143   0.291121   0.605022   1.000000   0.000000   0.000000   1.000000
0.640051   0.095172   0.204782   0.895703   1.000000   0.000000   0.000000   1.000000
0.664460   0.039790   0.416379   0.093099   1.000000   0.000000   0.000000   1.000000
0.641846   0.017218   0.462455   0.276789   1.000000   0.000000   0.000000   1.000000
0.620012   0.062428   0.453548   0.426815   1.000000   0.000000   0.000000   1.000000
0.695698   0.037075   0.444752   0.603873   1.000000   0.000000   0.000000   1.000000
0.614538   0.015416   0.414656   0.806061   1.000000   0.000000   0.000000   1.000000
0.620920   0.057526   0.618002   0.021097   1.000000   0.000000   0.000000   1.000000
0.649951   0.061305   0.650830   0.219723   1.000000   0.000000   0.000000   1.000000
0.681820   0.064166   0.622829   0.477983   1.000000   0.000000   0.000000   1.000000
0.660484   0.074869   0.646721   0.696221   1.000000   0.000000   0.000000   1.000000
0.684362   0.058043   0.626099   0.828212   1.000000   0.000000   0.000000   1.000000
0.692985   0.003093   0.831530   0.029407   1.000000   0.000000   0.000000   1.000000
0.600425   0.056152   0.832087   0.285885   1.000000   0.000000   0.000000   1.000000
0.667549   0.067350   0.832793   0.433201   1.000000   0.000000   0.000000   1.000000
0.697892   0.027214   0.808187   0.607143   1.000000   0.000000   0.000000   1.000000
0.629458   0.049669   0.878578   0.874718   1.000000   0.000000   0.000000   1.000000
0.683894   0.268684   0.055465   0.018607   1.000000   0.000000   0.000000   1.000000
0.652582   0.224632   0.078918   0.273033   1.000000   0.000000   0.000000   1.000000
0.645873   0.249366   0.032738   0.430936   1.000000   0.000000   0.000000   1.000000
0.648193   0.253475   0.001339   0.626641   1.000000   0.000000   0.000000   1.000000
0.654273   0.240211   0.089418   0.831619   1.000000   0.000000   0.000000   1.000000
0.651424   0.253647   0.272632   0.003706   1.000000   0.000000   0.000000   1.000000
0.666210   0.225573   0.290463   0.243101   1.000000   0.000000   0.000000   1.000000
0.649216   0.241429   0.224806   0.433247   1.000000   0.000000   0.000000   1.000000
0.609060   0.249407   0.230527   0.617993   1.000000   0.000000   0.000000   1.000000
0.649129   0.269844   0.239398   0.835104   1.000000   0.000000   0.000000   1.000000
0.630988   0.246560   0.413050   0.062477   1.000000   0.000000   0.000000   1.000000
0.607368   0.238376   0.498991   0.233804   1.000000   0.000000   0.000000   1.000000
0.626959   0.229800   0.449628   0.405660   1.000000   0.000000   0.000000   1.000000
0.619377   0.231064   0.471518   0.675990   1.000000   0.000000   0.000000   1.000000
0.686651   0.240779   0.423802   0.880476   1.000000   0.000000   0.000000   1.000000
0.609748   0.243747   0.647370   0.091635   1.000000   0.000000   0.000000   1.000000
0.624179   0.240449   0.661095   0.226192   1.000000   0.000000   0.000000   1.000000
0.631787   0.226776   0.688315   0.421784   1.000000   0.000000   0.000000   1.000000
0.681648   0.224896   0.630917   0.636925   1.000000   0.000000   0.000000   1.000000
0.602915   0.278608   0.655102   0.803792   1.000000   0.000000   0.000000   1.000000
0.648377   0.236678   0.855466   0.007001   1.000000   0.000000   0.000000   1.000000
0.637245   0.281866   0.826531   0.235347   1.000000   0.000000   0.000000   1.000000
0.649088   0.236010   0.897261   0.407889   1.000000   0.000000   0.000000   1.000000
0.673542   0.278230   0.828687   0.617760   1.000000   0.000000   0.000000   1.000000
0.674109   0.205715   0.816344   0.869978   1.000000   0.000000   0.000000   1.000000
0.623773   0.452592   0.016610   0.050053   1.000000   0.000000   0.000000   1.000000
0.662824   0.495220   0.063277   0.298224   1.000000   0.000000   0.000000   1.000000
0.629053   0.449188   0.060924   0.436292   1.000000   0.000000   0.000000   1.000000
0.614945   0.464867   0.029164   0.671664   1.000000   0.000000   0.000000   1.000000
0.691743   0.455845   0.051178   0.859836   1.000000   0.000000   0.000000   1.000000
0.605163   0.422254   0.261572   0.045606   1.000000   0.000000   0.000000   1.000000
0.608727   0.489562   0.257064   0.202854   1.000000   0.000000   0.000000   1.000000
0.664189   0.402046   0.232631   0.496056   1.000000   0.000000   0.000000   1.000000
0.686308   0.473623   0.253154   0.683311   1.000000   0.000000   0.000000   1.000000
0.632015   0.496542   0.249155   0.812039   1.000000   0.000000   0.000000   1.000000
0.693475   0.444600   0.479624   0.046529   1.000000   0.000000   0.000000   1.000000
0.674707   0.494295   0.451618   0.241498   1.000000   0.000000   0.000000   1.000000
0.658353   0.436602   0.477774   0.473195   1.000000   0.000000   0.000000   1.000000
0.664117   0.412419   0.481984   0.653836   1.000000   0.000000   0.000000   1.000000
0.616280   0.484781   0.468202   0.860215   1.000000   0.000000   0.000000   1.000000
0.659476   0.470994   0.674081   0.051229   1.000000   0.000000   0.000000   1.000000
0.628165   0.450509   0.629953   0.240079   1.000000   0.000000   0.000000   1.000000
0.673149   0.468158   0.642430   0.421960   1.000000   0.000000   0.000000   1.000000
0.681094   0.408711   0.636621   0.617448   1.000000   0.000000   0.000000   1.000000
0.642775   0.460401   0.681573   0.843427   1.000000   0.000000   0.000000   1.000000
0.664657   0.454822   0.833965   0.096951   1.000000   0.000000   0.000000   1.000000
0.609253   0.496228   0.818091   0.204186   1.000000   0.000000   0.000000   1.000000
0.647522   0.494371   0.832768   0.497273   1.000000   0.000000   0.000000   1.000000
0.629899   0.427145   0.844177   0.668907   1.000000   0.000000   0.000000   1.000000
0.631716   0.448362   0.851838   0.880051   1.000000   0.000000   0.000000   1.000000
0.629706   0.611847   0.039352   0.068910   1.000000   0.000000   0.000000   1.000000
0.688789   0.657605   0.087788   0.225201   1.000000   0.000000   0.000000   1.000000
0.676002   0.664390   0.019592   0.420510   1.000000   0.000000   0.000000   1.000000
0.601518   0.628233   0.041998   0.618148   1.000000   0.000000   0.000000   1.000000
0.690289   0.663027   0.008996   0.897028   1.000000   0.000000   0.000000   1.000000
0.626792   0.636426   0.263517   0.098346   1.000000   0.000000   0.000000   1.000000
0.643036   0.637250   0.282731   0.246916   1.000000   0.000000   0.000000   1.000000
0.675799   0.669050   0.290542   0.495363   1.000000   0.000000   0.000000   1.000000
0.629499   0.613736   0.247040   0.680555   1.000000   0.000000   0.000000   1.000000
0.660050   0.645850   0.212069   0.882197   1.000000   0.000000   0.000000   1.000000
0.683886   0.695825   0.470840   0.076353   1.000000   0.000000   0.000000   1.000000
0.620981   0.644479   0.414911   0.293500   1.000000   0.000000   0.000000   1.000000
0.628447   0.618249   0.499390   0.453397   1.000000   0.000000   0.000000   1.000000
0.690685   0.601124   0.409960   0.639126   1.000000   0.000000   0.000000   1.000000
0.697070   0.686993   0.490745   0.837966   1.000000   0.000000   0.000000   1.000000
0.687623   0.660296   0.615268   0.031851   1.000000   0.000000   0.000000   1.000000
0.663513   0.667320   0.663839   0.245812   1.000000   0.000000   0.000000   1.000000
0.648178   0.666383   0.660613   0.427364   1.000000   0.000000   0.000000   1.000000
0.659448   0.669745   0.601429   0.692025   1.000000   0.000000   0.000000   1.000000
0.666661   0.605465   0.623110   0.887621   1.000000   0.000000   0.000000   1.000000
0.602423   0.600532   0.876549   0.041365   1.000000   0.000000   0.000000   1.000000
0.671524   0.616495   0.842735   0.209407   1.000000   0.000000   0.000000   1.000000
0.668807   0.603476   0.807936   0.499990   1.000000   0.000000   0.000000   1.000000
0.600583   0.690757   0.814375   0.636978   1.000000   0.000000   0.000000   1.000000
0.626378   0.656932   0.849107   0.879345   1.000000   0.000000   0.000000   1.000000
0.636372   0.853365   0.049668   0.027665   1.000000   0.000000   0.000000   1.000000
0.687672   0.857874   0.059830   0.296467   1.000000   0.000000   0.000000   1.000000
0.616629   0.853920   0.032970   0.414426   1.000000   0.000000   0.000000   1.000000
0.632363   0.800754   0.086321   0.653519   1.000000   0.000000   0.000000   1.000000
0.620576   0.820130   0.040268   0.866072   1.000000   0.000000   0.000000   1.000000
0.683195   0.883579   0.280553   0.052888   1.000000   0.000000   0.000000   1.000000
0.681056   0.827048   0.222765   0.211626   1.000000   0.000000   0.000000   1.000000
0.628635   0.836852   0.299222   0.453534   1.000000   0.000000   0.000000   1.000000
0.651819   0.867373   0.228583   0.646596   1.000000   0.000000   0.000000   1.000000
0.656825   0.831907   0.219229   0.863889   1.000000   0.000000   0.000000   1.000000
0.690671   0.810197   0.431727   0.056926   1.000000   0.000000   0.000000   1.000000
0.635151   0.802704   0.493898   0.290328   1.000000   0.000000   0.000000   1.000000
0.620506   0.803939   0.470159   0.483417   1.000000   0.000000   0.000000   1.000000
0.671910   0.831627   0.433544   0.648427   1.000000   0.000000   0.000000   1.000000
0.676349   0.870458   0.475238   0.809940   1.000000   0.000000   0.000000   1.000000
0.621391   0.891386   0.693183   0.020600   1.000000   0.000000   0.000000   1.000000
0.650155   0.868224   0.666354   0.291836   1.000000   0.000000   0.000000   1.000000
0.610483   0.801432   0.690918   0.404461   1.000000   0.000000   0.000000   1.000000
0.680122   0.830103   0.633387   0.687115   1.000000   0.000000   0.000000   1.000000
0.676489   0.841329   0.625887   0.857147   1.000000   0.000000   0.000000   1.000000
0.633793   0.810283   0.811784   0.009985   1.000000   0.000000   0.000000   1.000000
0.617773   0.888429   0.822692   0.264626   1.000000   0.000000   0.000000   1.000000
0.654685   0.874436   0.817277   0.472868   1.000000   0.000000   0.000000   1.000000
0.677822   0.868182   0.838053   0.601804   1.000000   0.000000   0.000000   1.000000
0.668349   0.815198   0.880943   0.813820   1.000000   0.000000   0.000000   1.000000
0.815817   0.005414   0.033882   0.098490   1.000000   0.000000   0.000000   1.000000
0.871485   0.082989   0.061545   0.236555   1.000000   0.000000   0.000000   1.000000
0.884606   0.052372   0.078508   0.416435   1.000000   0.000000   0.000000   1.000000
0.805417   0.016570   0.018296   0.675718   1.000000   0.000000   0.000000   1.000000
0.803469   0.019034   0.068814   0.879212   1.000000   0.000000   0.000000   1.000000
0.816963   0.099925   0.272614   0.086463   1.000000   0.000000   0.000000   1.000000
0.889505   0.046859   0.247854   0.218399   1.000000   0.000000   0.000000   1.000000
0.803299   0.009450   0.261812   0.443424   1.000000   0.000000   0.000000   1.000000
0.804563   0.001798   0.245350   0.658017   1.000000   0.000000   0.000000   1.000000
0.854028   0.037349   0.212253   0.861931   1.000000   0.000000   0.000000   1.000000
0.882013   0.067201   0.471338   0.075067   1.000000   0.000000   0.000000   1.000000
0.875467   0.074999   0.439082   0.208927   1.000000   0.000000   0.000000   1.000000
0.881029   0.077283   0.497627   0.453216   1.000000   0.000000   0.000000   1.000000
0.891594   0.087080   0.427537   0.639761   1.000000   0.000000   0.000000   1.000000
0.862235   0.084198   0.465687   0.827600   1.000000   0.000000   0.000000   1.000000
0.875562   0.099428   0.690387   0.070033   1.000000   0.000000   0.000000   1.000000
0.878431   0.048728   0.647138   0.259976   1.000000   0.000000   0.000000   1.000000
0.883407   0.086532   0.671531   0.435316   1.000000   0.000000   0.000000   1.000000
0.859295   0.004666   0.631506   0.633374   1.000000   0.000000   0.000000   1.000000
0.849791   0.074143   0.672390   0.863683   1.000000   0.000000   0.000000   1.000000
0.891969   0.033201   0.835296   0.071328   1.000000   0.000000   0.000000   1.000000
0.848033   0.027547   0.831315   0.222797   1.000000   0.000000   0.000000   1.000000
0.830086   0.024318   0.834002   0.404905   1.000000   0.000000   0.000000   1.000000
0.802462   0.051544   0.823630   0.655873   1.000000   0.000000   0.000000   1.000000
0.812590   0.052728   0.854650   0.804433   1.000000   0.000000   0.000000   1.000000
0.898185   0.256788   0.036002   0.080809   1.000000   0.000000   0.000000   1.000000
0.816077   0.208201   0.009240   0.244574   1.000000   0.000000   0.000000   1.000000
0.851851   0.228088   0.013404   0.479010   1.000000   0.000000   0.000000   1.000000
0.848481   0.299504   0.011940   0.667172   1.000000   0.000000   0.000000   1.000000
0.898575   0.210287   0.056563   0.821954   1.000000   0.000000   0.000000   1.000000
0.898391   0.267586   0.211172   0.006652   1.000000   0.000000   0.000000   1.000000
0.880089   0.221530   0.280666   0.202632   1.000000   0.000000   0.000000   1.000000
0.819352   0.205877   0.247930   0.456873   1.000000   0.000000   0.000000   1.000000
0.848606   0.244212   0.244798   0.624454   1.000000   0.000000   0.000000   1.000000
0.838425   0.229956   0.229245   0.823193   1.000000   0.000000   0.000000   1.000000
0.890940   0.244793   0.486029   0.022299   1.000000   0.000000   0.000000   1.000000
0.851614   0.270908   0.445379   0.242125   1.000000   0.000000   0.000000   1.000000
0.831878   0.205205   0.437984   0.489266   1.000000   0.000000   0.000000   1.000000
0.875335   0.267621   0.413867   0.629282   1.000000   0.000000   0.000000   1.000000
0.891922   0.218252   0.424132   0.809936   1.000000   0.000000   0.000000   1.000000
0.882105   0.233203   0.633249   0.068113   1.000000   0.000000   0.000000   1.000000
0.892680   0.265904   0.646816   0.232462   1.000000   0.000000   0.000000   1.000000
0.889013   0.240417   0.633444   0.414402   1.000000   0.000000   0.000000   1.000000
0.836948   0.215862   0.657069   0.682917   1.000000   0.000000   0.000000   1.000000
0.887085   0.294943   0.643252   0.823456   1.000000   0.000000   0.000000   1.000000
0.832439   0.291432   0.872830   0.031350   1.000000   0.000000   0.000000   1.000000
0.839832   0.290291   0.865730   0.236059   1.000000   0.000000   0.000000   1.000000
0.866107   0.203568   0.858471   0.468680   1.000000   0.000000   0.000000   1.000000
0.828032   0.218331   0.807085   0.627058   1.000000   0.000000   0.000000   1.000000
0.860861   0.269743   0.880169   0.804484   1.000000   0.000000   0.000000   1.000000
0.829684   0.441523   0.098751   0.007255   1.000000   0.000000   0.000000   1.000000
0.894906   0.495220   0.084646   0.244691   1.000000   0.000000   0.000000   1.000000
0.847204   0.409789   0.051344   0.472043   1.000000   0.000000   0.000000   1.000000
0.819763   0.473179   0.078573   0.635813   1.000000   0.000000   0.000000   1.000000
0.818980   0.484959   0.086198   0.882219   1.000000   0.000000   0.000000   1.000000
0.809464   0.411807   0.263636   0.022840   1.000000   0.000000   0.000000   1.000000
0.849432   0.450990   0.247318   0.293870   1.000000   0.000000   0.000000   1.000000
0.851895   0.405285   0.253401   0.427865   1.000000   0.000000   0.000000   1.000000
0.812666   0.459159   0.258907   0.604999   1.000000   0.000000   0.000000   1.000000
0.875076   0.409147   0.208711   0.826125   1.000000   0.000000   0.000000   1.000000
0.846633   0.421947   0.450388   0.059981   1.000000   0.000000   0.000000   1.000000
0.822127   0.412787   0.486878   0.237897   1.000000   0.000000   0.000000   1.000000
0.847514   0.416786   0.473015   0.418839   1.000000   0.000000   0.000000   1.000000
0.850934   0.445082   0.422540   0.623086   1.000000   0.000000   0.000000   1.000000
0.851052   0.452414   0.441742   0.876864   1.000000   0.000000   0.000000   1.000000
0.898965   0.422354   0.631888   0.010241   1.000000   0.000000   0.000000   1.000000
0.864647   0.448644   0.652625   0.206569   1.000000   0.000000   0.000000   1.000000
0.806598   0.470960   0.679490   0.422273   1.000000   0.000000   0.000000   1.000000
0.822751   0.421887   0.646756   0.696793   1.000000   0.000000   0.000000   1.000000
0.803193   0.453215   0.677006   0.875504   1.000000   0.000000   0.000000   1.000000
0.817567   0.497644   0.864024   0.056000   1.000000   0.000000   0.000000   1.000000
0.853145   0.469489   0.830330   0.217559   1.000000   0.000000   0.000000   1.000000
0.814702   0.419691   0.837572   0.487410   1.000000   0.000000   0.000000   1.000000
0.848123   0.471839   0.878692   0.621394   1.000000   0.000000   0.000000   1.000000
0.810776   0.405981   0.845047   0.834948   1.000000   0.000000   0.000000   1.000000
0.873471   0.638385   0.002345   0.007551   1.000000   0.000000   0.000000   1.000000
0.814060   0.661654   0.019893   0.293587   1.000000   0.000000   0.000000   1.000000
0.886054   0.666732   0.045391   0.415519   1.000000   0.000000   0.000000   1.000000
0.848237   0.657305   0.025751   0.629776   1.000000   0.000000   0.000000   1.000000
0.814057   0.667998   0.090254   0.854839   1.000000   0.000000   0.000000   1.000000
0.828421   0.669227   0.202263   0.074244   1.000000   0.000000   0.000000   1.000000
0.894946   0.623436   0.259328   0.232665   1.000000   0.000000   0.000000   1.000000
0.871227   0.678996   0.277920   0.475727   1.000000   0.000000   0.000000   1.000000
0.890700   0.601531   0.243266   0.633742   1.000000   0.000000   0.000000   1.000000
0.802725   0.635710   0.216402   0.859578   1.000000   0.000000   0.000000   1.000000
0.822406   0.670479   0.409814   0.019982   1.000000   0.000000   0.000000   1.000000
0.858293   0.611948   0.447663   0.200034   1.000000   0.000000   0.000000   1.000000
0.878736   0.695662   0.478034   0.402446   1.000000   0.000000   0.000000   1.000000
0.812790   0.687693   0.401431   0.622146   1.000000   0.000000   0.000000   1.000000
0.833749   0.624397   0.451701   0.823441   1.000000   0.000000   0.000000   1.000000
0.838475   0.625433   0.612391   0.090806   1.000000   0.000000   0.000000   1.000000
0.818301   0.695131   0.659255   0.231099   1.000000   0.000000   0.000000   1.000000
0.876783   0.618247   0.670061   0.422096   1.000000   0.000000   0.000000   1.000000
0.898316   0.674207   0.629463   0.686402   1.000000   0.000000   0.000000   1.000000
0.875935   0.665563   0.635241   0.848322   1.000000   0.000000   0.000000   1.000000
0.885289   0.633688   0.845709   0.044012   1.000000   0.000000   0.000000   1.000000
0.839043   0.691056   0.818185   0.210560   1.000000   0.000000   0.000000   1.000000
0.810369   0.652585   0.814333   0.419636   1.000000   0.000000   0.000000   1.000000
0.824387   0.674348   0.862432   0.631439   1.000000   0.000000   0.000000   1.000000
0.888801   0.692162   0.867263   0.850186   1.000000   0.000000   0.000000   1.000000
0.874797   0.805912   0.024170   0.048164   1.000000   0.000000   0.000000   1.000000
0.821966   0.812300   0.031398   0.281713   1.000000   0.000000   0.000000   1.000000
0.835701   0.825519   0.057148   0.445607   1.000000   0.000000   0.000000   1.000000
0.881821   0.816123   0.001714   0.696597   1.000000   0.000000   0.000000   1.000000
0.852570   0.824926   0.013017   0.803951   1.000000   0.000000   0.000000   1.000000
0.865545   0.897103   0.228415   0.008584   1.000000   0.000000   0.000000   1.000000
0.838332   0.878070   0.271657   0.271286   1.000000   0.000000   0.000000   1.000000
0.856172   0.824063   0.225028   0.438070   1.000000   0.000000   0.000000   1.000000
0.849041   0.840260   0.265519   0.620317   1.000000   0.000000   0.000000   1.000000
0.806867   0.883072   0.277262   0.865758   1.000000   0.000000   0.000000   1.000000
0.810849   0.856721   0.447652   0.074220   1.000000   0.000000   0.000000   1.000000
0.809617   0.822642   0.481745   0.261395   1.000000   0.000000   0.000000   1.000000
0.876957   0.859002   0.499821   0.489444   1.000000   0.000000   0.000000   1.000000
0.807321   0.808254   0.450615   0.680479   1.000000   0.000000   0.000000   1.000000
0.815295   0.816212   0.436483   0.802416   1.000000   0.000000   0.000000   1.000000
0.892950   0.847945   0.692443   0.067970   1.000000   0.000000   0.000000   1.000000
0.869020   0.808822   0.610636   0.208148   1.000000   0.000000   0.000000   1.000000
0.856750   0.879917   0.656411   0.461928   1.000000   0.000000   0.000000   1.000000
0.823465   0.896788   0.640094   0.664748   1.000000   0.000000   0.000000   1.000000
0.876860   0.849137   0.688729   0.812781   1.000000   0.000000   0.000000   1.000000
0.815667   0.822218   0.890632   0.087565   1.000000   0.000000   0.000000   1.000000
0.832337   0.820645   0.817621   0.219859   1.000000   0.000000   0.000000   1.000000
0.886790   0.836645   0.880671   0.437096   1.000000   0.000000   0.000000   1.000000
0.806089   0.847231   0.863125   0.643251   1.000000   0.000000   0.000000   1.000000
0.803224   0.814620   0.846953   0.808008   1.000000   0.000000   0.000000   1.000000
