0.131800   0.609390   0.620292   0.671963   0.123771   0.990765   0.168674   0.986226
0.111104   0.726036   0.187329   0.527216   0.188968   0.920247   0.193072   0.929682
0.844202   0.598162   0.122584   0.387588   0.926371   0.070727   0.034641   0.929299
0.691219   0.733331   0.561157   0.641557   0.092374   0.961944   0.005421   0.995722
0.119520   0.452964   0.149346   0.162738   0.183926   0.929982   0.134959   0.971560
0.530146   0.786669   0.895653   0.917893   0.169349   0.972962   0.042020   0.197301
0.352439   0.114388   0.115365   0.459825   0.929162   0.066065   0.190828   0.932704
0.522896   0.420449   0.417746   0.526599   0.041834   0.011774   0.992433   0.191277
0.320210   0.919793   0.062758   0.433661   0.100970   0.052724   0.909778   0.179950
0.246388   0.838317   0.573853   0.314351   0.112041   0.947116   0.199368   0.924034
0.789884   0.140219   0.887466   0.551482   0.999671   0.178864   0.122181   0.918475
0.090556   0.220435   0.339610   0.843204   0.129838   0.962335   0.180049   0.983787
0.593985   0.325459   0.369199   0.051939   0.125071   0.987847   0.974640   0.185772
0.057509   0.758214   0.793536   0.479748   0.103623   0.960141   0.194651   0.904087
0.433975   0.741072   0.069794   0.357014   0.172564   0.062569   0.920835   0.187744
0.693064   0.427364   0.264528   0.423096   0.121856   0.988787   0.925347   0.123148
0.764514   0.129401   0.211790   0.206953   0.906730   0.111312   0.186561   0.971690
0.667175   0.730547   0.525178   0.166218   0.041942   0.989092   0.024171   0.906126
0.559457   0.109993   0.189791   0.709203   0.104825   0.082854   0.958638   0.134326
0.490501   0.147807   0.395562   0.899991   0.089910   0.196202   0.982743   0.135939
0.657304   0.669671   0.298277   0.049267   0.129176   0.962040   0.958645   0.174144
0.521480   0.445371   0.250790   0.084876   0.054997   0.049390   0.927465   0.107811
0.135490   0.553860   0.253359   0.684708   0.116970   0.963205   0.119139   0.933291
0.565978   0.534454   0.515550   0.953199   0.130740   0.970986   0.970696   0.146110
0.059257   0.563170   0.694447   0.084489   0.143325   0.912964   0.128443   0.968491
0.528369   0.107758   0.261988   0.499723   0.074773   0.189934   0.907015   0.168081
0.154482   0.239992   0.406240   0.441987   0.178968   0.966812   0.123034   0.988749
0.877790   0.712871   0.259855   0.894172   0.914214   0.022995   0.068739   0.921659
0.333546   0.486507   0.795821   0.562822   0.977382   0.157563   0.964448   0.165231
0.706348   0.846781   0.254563   0.318699   0.182300   0.904873   0.901590   0.142079
0.322117   0.523825   0.855325   0.119032   0.907170   0.191796   0.020510   0.149166
0.534145   0.865885   0.669370   0.372918   0.120160   0.938398   0.930215   0.172390
0.555388   0.653099   0.262753   0.765599   0.168842   0.969195   0.927102   0.182041
0.724323   0.248263   0.865857   0.227615   0.927939   0.124415   0.103876   0.984992
0.490444   0.404771   0.029677   0.265263   0.093126   0.020639   0.951058   0.176075
0.773501   0.764996   0.307889   0.414609   0.185385   0.957273   0.969522   0.115753
0.466377   0.428390   0.072862   0.923814   0.014758   0.051696   0.939526   0.158556
0.089251   0.036154   0.885968   0.041724   0.188929   0.980733   0.112314   0.931595
0.681698   0.638890   0.573813   0.216400   0.198034   0.978085   0.987896   0.140128
0.645625   0.887876   0.241694   0.152218   0.095876   0.903213   0.011200   0.901516
0.081846   0.624391   0.535052   0.477862   0.113220   0.933079   0.156843   0.940647
0.170314   0.478900   0.235052   0.134235   0.105017   0.946708   0.198689   0.977018
0.085913   0.383545   0.842742   0.436969   0.112968   0.905700   0.172791   0.957406
0.567353   0.676257   0.114034   0.367859   0.195660   0.956999   0.920211   0.113225
0.113650   0.207314   0.770072   0.752193   0.120679   0.906567   0.100222   0.934189
0.326839   0.915706   0.470097   0.773273   0.118483   0.051708   0.956949   0.190653
0.339644   0.883122   0.894929   0.086454   0.102877   0.053284   0.016488   0.112475
0.542260   0.922599   0.578136   0.807068   0.148463   0.989719   0.984563   0.105902
0.858799   0.241164   0.331265   0.239594   0.952631   0.004560   0.014290   0.955827
0.142735   0.679091   0.095893   0.597096   0.105476   0.936482   0.110521   0.938582
0.339738   0.599969   0.489480   0.403146   0.910308   0.197424   0.914349   0.153662
0.919974   0.163756   0.245331   0.242290   0.993189   0.022126   0.087915   0.977113
0.118392   0.864237   0.591316   0.509735   0.153728   0.926372   0.108915   0.951607
0.949052   0.839007   0.522148   0.762810   0.903119   0.099989   0.056542   0.914156
0.541095   0.931444   0.203869   0.212551   0.162497   0.990113   0.959257   0.134979
0.708267   0.559248   0.571534   0.227399   0.131999   0.991275   0.913005   0.138534
0.768525   0.650583   0.493428   0.836138   0.122292   0.931777   0.995754   0.185573
0.439536   0.765918   0.473034   0.350348   0.161716   0.006154   0.997196   0.110993
0.221799   0.858217   0.744510   0.554835   0.142686   0.917331   0.167445   0.935727
0.425219   0.220313   0.289346   0.682952   0.961894   0.031857   0.102456   0.941952
0.810088   0.390396   0.749997   0.672339   0.947666   0.071534   0.073776   0.978707
0.464152   0.859584   0.303610   0.045079   0.163728   0.939990   0.924438   0.199350
0.200690   0.269874   0.597463   0.845204   0.966344   0.141005   0.903678   0.172371
0.129230   0.303587   0.277878   0.293764   0.147131   0.923195   0.147826   0.901193
0.285564   0.841607   0.700499   0.097681   0.150428   0.907677   0.192627   0.909846
0.096820   0.842662   0.251014   0.594706   0.124309   0.983279   0.187714   0.931300
0.311207   0.203031   0.848217   0.676892   0.036933   0.138096   0.045983   0.110389
0.436390   0.214642   0.246050   0.149562   0.916283   0.031848   0.101145   0.926729
0.121001   0.250885   0.728681   0.408971   0.154077   0.991918   0.159195   0.904409
0.583573   0.682498   0.715740   0.870736   0.176263   0.979576   0.947754   0.196205
0.359667   0.749299   0.413509   0.152488   0.116360   0.056306   0.999703   0.167772
0.332790   0.643020   0.270945   0.413447   0.964442   0.102642   0.953487   0.177333
0.720555   0.819157   0.802059   0.868836   0.198931   0.956609   0.971212   0.122416
0.826707   0.342305   0.343163   0.966517   0.965432   0.083212   0.077862   0.976409
0.877541   0.446947   0.351827   0.109899   0.953618   0.076252   0.083091   0.912687
0.506187   0.083089   0.253966   0.316846   0.945549   0.150410   0.982985   0.124331
0.234810   0.759238   0.492073   0.563270   0.100811   0.977983   0.193462   0.961745
0.309729   0.789726   0.634098   0.453933   0.166818   0.070668   0.926933   0.151088
0.241607   0.985003   0.780304   0.482512   0.116284   0.948591   0.193029   0.960275
0.127157   0.180066   0.087204   0.146774   0.109784   0.937937   0.184861   0.926713
0.440713   0.782860   0.027072   0.237211   0.130040   0.020016   0.984573   0.127733
0.960571   0.384990   0.263844   0.622062   0.916622   0.071840   0.039020   0.949801
0.578011   0.477864   0.422395   0.296076   0.146953   0.925455   0.977283   0.180972
0.562849   0.741973   0.914019   0.620439   0.976615   0.143829   0.042443   0.179244
0.565749   0.984053   0.201534   0.269182   0.054607   0.963608   0.144751   0.925115
0.291676   0.234980   0.868972   0.197852   0.966264   0.100386   0.910060   0.191183
0.479288   0.903559   0.438307   0.841930   0.103968   0.997124   0.946586   0.128318
0.510447   0.395588   0.562678   0.744056   0.053047   0.050942   0.930754   0.127178
0.189644   0.493118   0.704202   0.852639   0.194198   0.980225   0.194435   0.921863
0.148538   0.587992   0.403975   0.366540   0.139384   0.976760   0.136489   0.988674
0.605125   0.390512   0.105157   0.597481   0.109628   0.983718   0.989652   0.197857
0.663729   0.181044   0.598886   0.250341   0.150319   0.074297   0.928086   0.102453
0.261629   0.902860   0.197007   0.664515   0.136008   0.953240   0.144669   0.968877
0.267292   0.555255   0.887825   0.380310   0.111576   0.945866   0.166004   0.918684
0.706217   0.747275   0.324946   0.815418   0.110319   0.965707   0.954973   0.109787
0.516632   0.695374   0.872607   0.297280   0.067894   0.089012   0.935082   0.140032
0.061276   0.205543   0.373164   0.498603   0.114141   0.936386   0.138267   0.983241
0.947279   0.479525   0.493900   0.842338   0.935229   0.067027   0.001864   0.901447
0.569110   0.858952   0.783293   0.334346   0.068976   0.915464   0.002931   0.933860
0.239584   0.728434   0.149854   0.222688   0.106438   0.935738   0.166367   0.936332
0.093426   0.352783   0.321160   0.493034   0.159202   0.992727   0.117197   0.991675
0.083452   0.184476   0.909728   0.657688   0.193030   0.937841   0.123397   0.981174
0.968624   0.121107   0.918062   0.269905   0.930310   0.036134   0.079337   0.914097
0.475142   0.069989   0.903015   0.101479   0.980696   0.178975   0.956680   0.120871
0.675364   0.255646   0.623008   0.259987   0.137438   0.072468   0.990755   0.123723
0.655006   0.356113   0.545188   0.377862   0.100604   0.927002   0.938253   0.195735
0.744352   0.325297   0.269931   0.261385   0.958025   0.192678   0.155225   0.989345
0.802345   0.599124   0.700461   0.857933   0.988910   0.070967   0.053848   0.924312
0.232391   0.429323   0.570238   0.271539   0.946266   0.106772   0.973529   0.132485
0.398564   0.202736   0.457597   0.048485   0.956104   0.052056   0.197905   0.951194
0.938514   0.680640   0.472932   0.390104   0.956903   0.080530   0.067695   0.954382
0.719812   0.636240   0.551532   0.167481   0.171484   0.924828   0.928914   0.117565
0.196935   0.388589   0.978655   0.586129   0.147429   0.904648   0.187220   0.994213
0.981319   0.863441   0.761757   0.646926   0.929231   0.077785   0.020720   0.983681
0.406786   0.363175   0.306990   0.679648   0.958464   0.157973   0.986611   0.169513
0.065878   0.151191   0.075237   0.767276   0.110940   0.905955   0.166938   0.947870
0.663311   0.599293   0.451796   0.764787   0.103813   0.910805   0.926762   0.173947
0.154417   0.643326   0.479767   0.563158   0.116538   0.943075   0.131628   0.921598
0.549057   0.459268   0.523417   0.434970   0.079932   0.014954   0.992547   0.103059
0.261790   0.292989   0.668713   0.735258   0.943432   0.145976   0.935609   0.127949
0.230626   0.456088   0.441982   0.202594   0.952918   0.141137   0.976221   0.180366
0.831833   0.159807   0.826405   0.473113   0.913838   0.042276   0.066640   0.935732
0.875142   0.694654   0.235673   0.165274   0.919285   0.027476   0.054369   0.967721
0.586413   0.262499   0.245730   0.457697   0.164973   0.059738   0.915103   0.157792
0.078608   0.115400   0.103418   0.440181   0.111982   0.985532   0.150989   0.903963
0.857964   0.049777   0.239615   0.767743   0.943379   0.052132   0.099408   0.970915
0.018554   0.685876   0.680185   0.186617   0.187909   0.921361   0.167411   0.946423
0.609411   0.777465   0.881630   0.208888   0.977187   0.169518   0.041576   0.159131
0.427861   0.835918   0.430646   0.248298   0.113468   0.089358   0.983249   0.117651
0.056089   0.439284   0.186794   0.202675   0.181048   0.941939   0.171681   0.961352
0.391404   0.819165   0.442707   0.621697   0.163766   0.033223   0.975374   0.145888
0.572368   0.164634   0.646442   0.396730   0.154563   0.093530   0.914541   0.185206
0.637592   0.622892   0.746709   0.566772   0.128111   0.998594   0.962073   0.198328
0.498935   0.666276   0.114825   0.762506   0.028586   0.056777   0.955226   0.122056
0.671328   0.268000   0.638071   0.879950   0.149229   0.095844   0.960028   0.175052
0.710857   0.298116   0.839277   0.537155   0.971960   0.164240   0.139880   0.919110
0.838180   0.299229   0.512982   0.145844   0.974193   0.092994   0.030929   0.951601
0.085216   0.880447   0.179130   0.192222   0.145997   0.937000   0.159948   0.973107
0.606245   0.501170   0.731157   0.664587   0.133086   0.923836   0.989471   0.134269
0.234984   0.763559   0.530207   0.778807   0.107354   0.914587   0.167458   0.956414
0.486645   0.117322   0.263922   0.212205   0.909257   0.178441   0.974204   0.179720
0.686705   0.661986   0.794181   0.867168   0.187392   0.926457   0.943455   0.145932
0.591723   0.567284   0.806372   0.674041   0.102852   0.905608   0.059898   0.109172
0.809969   0.937560   0.361498   0.563439   0.988469   0.021724   0.060859   0.999337
0.659288   0.584464   0.331807   0.872037   0.107928   0.908864   0.990995   0.116981
0.912824   0.645357   0.963585   0.455608   0.998436   0.050376   0.018374   0.982932
0.273138   0.407016   0.582773   0.478834   0.941082   0.129083   0.915925   0.117169
0.814975   0.679787   0.707304   0.622780   0.949581   0.068290   0.006586   0.996653
0.100394   0.827759   0.845321   0.253745   0.171621   0.937826   0.118302   0.941552
0.430358   0.749789   0.695214   0.545356   0.133682   0.033379   0.915710   0.184105
0.344041   0.203323   0.636561   0.133893   0.959117   0.033823   0.174355   0.967639
0.819843   0.573753   0.758457   0.163393   0.902640   0.092074   0.095496   0.981388
0.879952   0.257638   0.447712   0.681109   0.941707   0.078990   0.040152   0.931277
0.683278   0.820371   0.162467   0.385093   0.083675   0.996410   0.077389   0.968912
0.733533   0.327383   0.865557   0.202623   0.998929   0.191178   0.134951   0.911503
0.251240   0.768897   0.669429   0.719463   0.127305   0.992524   0.151915   0.963558
0.205572   0.388481   0.343536   0.677912   0.969666   0.143869   0.978252   0.169936
0.469208   0.399808   0.741807   0.396718   0.071749   0.084191   0.999847   0.131634
0.260971   0.849407   0.438575   0.753829   0.161505   0.968547   0.159996   0.938711
0.456943   0.743854   0.800048   0.968289   0.130415   0.957636   0.020080   0.117571
0.711199   0.231313   0.917565   0.825996   0.930873   0.167030   0.108093   0.967218
0.951382   0.820081   0.924839   0.128207   0.979043   0.060270   0.022695   0.944243
0.853804   0.553377   0.138483   0.373089   0.943133   0.040052   0.074939   0.926293
0.185610   0.241229   0.781504   0.801262   0.183388   0.996272   0.132421   0.993916
0.617388   0.468234   0.898718   0.929235   0.198620   0.932697   0.043143   0.190485
0.488877   0.650829   0.340105   0.846114   0.015753   0.054424   0.983443   0.134171
0.742069   0.646139   0.125624   0.487199   0.132485   0.942618   0.927525   0.125716
0.731991   0.360197   0.268141   0.167465   0.990286   0.160938   0.104975   0.931669
0.315395   0.431603   0.932322   0.096713   0.945668   0.145310   0.024191   0.174378
0.695289   0.344389   0.654393   0.556371   0.199952   0.913331   0.964340   0.153149
0.508799   0.175194   0.416933   0.571048   0.005771   0.136983   0.900808   0.162827
0.152552   0.222172   0.178779   0.245650   0.133347   0.983584   0.173887   0.962397
0.071114   0.859384   0.436374   0.902726   0.169175   0.951288   0.126178   0.973184
0.834999   0.524198   0.634784   0.321687   0.965449   0.026407   0.025027   0.921458
0.737640   0.743712   0.247032   0.439640   0.193105   0.979925   0.940893   0.159085
0.772145   0.385481   0.940094   0.211803   0.918547   0.152173   0.102980   0.924056
0.908237   0.724983   0.831932   0.182158   0.918214   0.026048   0.041838   0.915758
0.066195   0.086427   0.976426   0.769922   0.124019   0.991818   0.160651   0.955984
0.310953   0.771143   0.650587   0.283256   0.196165   0.088951   0.965945   0.136079
0.714734   0.555865   0.324898   0.412446   0.102048   0.998220   0.924978   0.194783
0.135434   0.405109   0.595889   0.839969   0.187659   0.905923   0.185463   0.929716
0.497758   0.775186   0.108175   0.864412   0.155557   0.051364   0.915979   0.184173
0.273059   0.705161   0.891550   0.495430   0.195601   0.948482   0.192113   0.910038
0.767053   0.556587   0.524845   0.078886   0.184138   0.922404   0.932433   0.164654
0.611300   0.277052   0.301604   0.494386   0.167856   0.035054   0.923659   0.145724
0.817540   0.414166   0.464584   0.662153   0.976828   0.004764   0.000782   0.917862
0.172013   0.209557   0.285259   0.294842   0.141194   0.985472   0.188950   0.937089
0.159271   0.377027   0.383352   0.186811   0.156304   0.935147   0.127876   0.976138
0.667378   0.855802   0.892718   0.358430   0.918880   0.121169   0.050403   0.193280
0.129442   0.666535   0.845689   0.400666   0.164071   0.959178   0.138509   0.909245
0.566739   0.500015   0.351126   0.514690   0.180196   0.901692   0.932776   0.160795
0.650519   0.436908   0.796552   0.258556   0.118817   0.994225   0.985215   0.143201
0.719911   0.662297   0.399231   0.176394   0.171989   0.959014   0.961366   0.173485
0.964668   0.445395   0.801672   0.645986   0.979696   0.013798   0.040425   0.961382
0.497368   0.674467   0.413995   0.138029   0.076155   0.093389   0.937286   0.123381
0.334697   0.852674   0.960655   0.436551   0.176948   0.072058   0.075684   0.125893
0.588851   0.518495   0.312093   0.244296   0.137813   0.988956   0.944675   0.156119
0.991560   0.502904   0.190852   0.519143   0.936921   0.069949   0.090563   0.982890
0.583557   0.595596   0.605089   0.923296   0.152122   0.995141   0.979655   0.143002
0.924249   0.702389   0.377427   0.614315   0.987191   0.012740   0.003606   0.918777
0.742530   0.987710   0.478071   0.316274   0.175626   0.935091   0.900875   0.147677
0.695474   0.235429   0.466744   0.412433   0.192763   0.005775   0.925060   0.132949
0.201142   0.481394   0.935616   0.157613   0.922194   0.124903   0.956513   0.103086
0.839916   0.247698   0.259563   0.402822   0.990119   0.044715   0.073292   0.980910
0.265220   0.554992   0.308189   0.621105   0.180024   0.965071   0.158143   0.959930
0.604455   0.042717   0.206841   0.644156   0.127769   0.044415   0.955517   0.143949
0.546718   0.307414   0.307439   0.849161   0.043131   0.092647   0.946030   0.154209
0.236397   0.629478   0.159802   0.812155   0.151745   0.910002   0.131104   0.943891
0.765929   0.901962   0.137137   0.688048   0.101624   0.917216   0.937644   0.134288
0.786405   0.570256   0.416233   0.554254   0.173344   0.916838   0.917295   0.136906
0.557242   0.825420   0.665816   0.383429   0.039148   0.903393   0.033067   0.901313
0.642140   0.889680   0.899326   0.752382   0.940996   0.191261   0.061817   0.184806
0.517521   0.122790   0.258903   0.934902   0.047652   0.199771   0.979663   0.156685
0.168254   0.559028   0.453014   0.272588   0.108219   0.917158   0.128360   0.977911
0.415661   0.618879   0.113178   0.622974   0.939885   0.147119   0.910518   0.133418
0.427111   0.778862   0.783642   0.560711   0.160962   0.042294   0.916611   0.163052
0.403061   0.469862   0.185189   0.639279   0.901868   0.148616   0.945315   0.135237
0.960507   0.280595   0.534511   0.604165   0.910675   0.035241   0.040492   0.969417
0.378647   0.292789   0.594534   0.292905   0.915628   0.029319   0.114393   0.908893
0.837063   0.836658   0.408519   0.339680   0.918771   0.003234   0.079084   0.997241
0.857213   0.527866   0.275340   0.886211   0.905155   0.089546   0.062795   0.992191
0.813325   0.588018   0.602203   0.829427   0.979365   0.004977   0.094551   0.991927
0.473949   0.505684   0.497958   0.629948   0.013802   0.027546   0.901342   0.157924
0.623881   0.203199   0.953712   0.542670   0.100397   0.012563   0.005751   0.137052
0.446355   0.740484   0.101422   0.946338   0.134464   0.028459   0.970711   0.169305
0.866597   0.320324   0.661995   0.581241   0.959740   0.083284   0.040526   0.969225
0.705799   0.674637   0.886396   0.356990   0.178881   0.911827   0.944919   0.156870
0.684933   0.446212   0.312466   0.715446   0.197644   0.991868   0.907239   0.149483
0.682185   0.164698   0.405566   0.671347   0.161944   0.073023   0.965147   0.142560
0.127150   0.863087   0.850425   0.288224   0.177974   0.923319   0.194289   0.954837
0.259248   0.301829   0.614610   0.400520   0.924102   0.150330   0.927344   0.105984
0.059454   0.406160   0.628146   0.134618   0.184484   0.985318   0.122259   0.978220
0.134439   0.647136   0.464473   0.421633   0.178801   0.946833   0.138629   0.929571
0.229436   0.796471   0.708038   0.855587   0.199174   0.918086   0.112449   0.928300
0.151469   0.719142   0.596585   0.754596   0.123831   0.994836   0.153518   0.906925
0.533252   0.098279   0.211558   0.916168   0.941403   0.189921   0.922179   0.149814
0.103850   0.457063   0.336798   0.515042   0.114619   0.992526   0.190533   0.978819
0.528107   0.894595   0.562825   0.646183   0.103371   0.016379   0.920074   0.134153
0.702473   0.229046   0.556245   0.256765   0.967571   0.146025   0.174090   0.930827
0.438135   0.974837   0.110800   0.584380   0.122831   0.041446   0.924256   0.119985
0.094909   0.777854   0.344408   0.364042   0.187580   0.913253   0.128624   0.925126
0.427707   0.191022   0.696991   0.314841   0.925829   0.081064   0.192642   0.942491
0.215189   0.349128   0.222532   0.902159   0.915931   0.131922   0.934089   0.187873
0.260616   0.274025   0.572671   0.594295   0.910642   0.117395   0.923835   0.148802
0.655972   0.951019   0.136029   0.561006   0.023231   0.982385   0.122780   0.918659
0.956302   0.571155   0.527112   0.683706   0.908177   0.059034   0.025701   0.918848
0.134835   0.185871   0.964278   0.151332   0.115903   0.981110   0.126226   0.978056
0.685125   0.849976   0.586799   0.332396   0.023163   0.995711   0.063293   0.972352
0.137989   0.805508   0.273588   0.127342   0.115846   0.969587   0.133055   0.907196
0.265206   0.577005   0.384811   0.228990   0.170079   0.966175   0.145939   0.955193
0.867075   0.846646   0.786991   0.201640   0.923296   0.089589   0.075122   0.947879
0.765800   0.075792   0.792781   0.803089   0.978779   0.103886   0.125201   0.918539
0.913314   0.280627   0.787570   0.150861   0.943633   0.008052   0.098151   0.935047
0.049870   0.694167   0.399050   0.448757   0.114232   0.934710   0.110257   0.956801
0.474374   0.339936   0.129573   0.116454   0.078558   0.030359   0.981028   0.193236
0.657977   0.102312   0.264400   0.205304   0.190327   0.093131   0.914077   0.185593
0.851497   0.808877   0.370688   0.514987   0.969756   0.013045   0.083542   0.948432
0.613193   0.606185   0.635977   0.100163   0.187618   0.961460   0.908946   0.102917
0.684142   0.919200   0.475987   0.075087   0.081293   0.981134   0.113870   0.986217
0.485565   0.360343   0.710220   0.071019   0.068416   0.040363   0.926641   0.156408
0.391636   0.344908   0.541578   0.691614   0.926853   0.138710   0.958874   0.179288
0.401546   0.860090   0.380275   0.304338   0.164100   0.043390   0.935701   0.190158
0.903771   0.537683   0.202753   0.455717   0.967723   0.077667   0.083942   0.947196
0.090095   0.630945   0.112179   0.801099   0.164102   0.923278   0.193786   0.926871
0.876525   0.944711   0.834497   0.830363   0.990649   0.061985   0.004436   0.976043
0.291017   0.774212   0.511257   0.318092   0.114928   0.929243   0.185183   0.957275
0.895476   0.539760   0.373549   0.584668   0.927136   0.024028   0.068492   0.978394
0.892732   0.493835   0.301987   0.803312   0.904396   0.092504   0.026069   0.959943
0.627370   0.725603   0.461472   0.877756   0.021487   0.996236   0.056772   0.957846
0.289783   0.513122   0.202910   0.342830   0.177195   0.929783   0.102103   0.949831
0.852916   0.144961   0.725294   0.151382   0.986713   0.081873   0.076658   0.972725
0.435290   0.352327   0.582386   0.140174   0.954561   0.173438   0.904099   0.132866
0.788316   0.542533   0.697441   0.206666   0.185857   0.926228   0.935673   0.131309
0.344795   0.257642   0.038327   0.629179   0.969895   0.001329   0.136085   0.950113
0.183010   0.341819   0.176350   0.616318   0.175678   0.970060   0.181093   0.974191
0.751238   0.423241   0.112629   0.464492   0.995828   0.140732   0.142709   0.998548
0.405290   0.252071   0.730252   0.703283   0.917507   0.033742   0.126097   0.983650
0.146390   0.182217   0.729372   0.073635   0.113450   0.996758   0.182149   0.955438
0.473672   0.477069   0.269887   0.840327   0.006259   0.017844   0.964218   0.129872
0.181813   0.152228   0.612796   0.762533   0.183863   0.935038   0.113121   0.918895
0.278014   0.356805   0.174607   0.133098   0.944217   0.174422   0.940875   0.113503
0.783248   0.769192   0.744169   0.721819   0.181009   0.940169   0.986290   0.187678
0.724925   0.353587   0.896946   0.111164   0.947552   0.107777   0.196100   0.947443
0.956920   0.649285   0.133149   0.571263   0.942370   0.080186   0.062454   0.964315
0.746276   0.767956   0.206067   0.469038   0.145529   0.961837   0.983030   0.120043
0.369797   0.223549   0.555215   0.199442   0.915968   0.020178   0.132306   0.988716
0.391861   0.669195   0.051568   0.189972   0.902273   0.199878   0.998099   0.119456
0.455255   0.161915   0.889655   0.896520   0.909959   0.150732   0.069935   0.193925
0.441387   0.853120   0.597863   0.316794   0.150588   0.051210   0.996627   0.199024
0.848125   0.790107   0.751004   0.786150   0.965949   0.088470   0.018321   0.978284
0.079847   0.133781   0.364404   0.350068   0.121442   0.972042   0.187378   0.951540
0.290025   0.498195   0.785292   0.343874   0.958239   0.160431   0.940685   0.129800
0.762323   0.753724   0.722360   0.554050   0.125600   0.912219   0.930963   0.162019
0.932269   0.744962   0.123617   0.593474   0.915124   0.071189   0.051610   0.997345
0.521952   0.728229   0.947630   0.447082   0.179513   0.995297   0.050351   0.142948
0.728930   0.120646   0.455374   0.817313   0.905959   0.146143   0.179103   0.987403
0.581802   0.981381   0.711213   0.522895   0.013724   0.924429   0.183619   0.931267
0.385668   0.266187   0.780936   0.490030   0.990026   0.053700   0.127606   0.936235
0.386649   0.405325   0.790631   0.407033   0.951893   0.175128   0.907722   0.172114
0.105040   0.231469   0.523856   0.270687   0.132448   0.982139   0.115694   0.989399
0.475293   0.331444   0.575743   0.403953   0.044563   0.043885   0.903497   0.123279
0.752705   0.418610   0.772445   0.763596   0.944533   0.141415   0.147414   0.923621
0.396101   0.795663   0.908493   0.207132   0.170703   0.081474   0.094842   0.195181
0.978092   0.052023   0.362866   0.300910   0.947319   0.049069   0.059892   0.993285
0.771766   0.687379   0.346080   0.804180   0.155019   0.998566   0.926133   0.164021
0.502671   0.707370   0.265999   0.898602   0.129772   0.033143   0.982754   0.134234
0.255749   0.566046   0.865637   0.598129   0.151708   0.962418   0.100802   0.987781
0.894404   0.463541   0.201793   0.167204   0.975345   0.018508   0.020650   0.935770
0.876875   0.453930   0.720293   0.343617   0.965500   0.032310   0.008098   0.977472
0.935784   0.225140   0.563554   0.805101   0.965864   0.066497   0.018478   0.930551
0.377690   0.885645   0.811048   0.811515   0.178766   0.026825   0.057436   0.147071
0.919863   0.928424   0.909502   0.890784   0.914615   0.092568   0.082468   0.915123
0.754474   0.673047   0.542147   0.195658   0.160475   0.961993   0.953199   0.118082
0.220804   0.960910   0.321841   0.084064   0.177739   0.956333   0.176309   0.976514
0.669635   0.572627   0.111869   0.324371   0.141779   0.926705   0.967397   0.133042
0.496430   0.922930   0.661662   0.114970   0.161200   0.933854   0.922122   0.110585
0.221446   0.752267   0.880382   0.377243   0.145852   0.901926   0.111859   0.980003
0.757288   0.796636   0.149482   0.920697   0.115100   0.904918   0.915985   0.195850
0.598773   0.248861   0.851360   0.474429   0.106027   0.097799   0.040715   0.167703
0.022757   0.790406   0.152034   0.373012   0.179434   0.973480   0.131569   0.998660
0.886823   0.721413   0.305146   0.654529   0.902039   0.075815   0.003065   0.925944
0.630846   0.327483   0.783764   0.227447   0.109511   0.994157   0.980998   0.136615
0.489320   0.836365   0.313634   0.218103   0.177784   0.987243   0.922513   0.136610
0.428695   0.765812   0.404377   0.138786   0.117536   0.004737   0.922057   0.178899
0.021260   0.869770   0.076458   0.037765   0.188087   0.976433   0.165543   0.930526
0.447657   0.945977   0.881872   0.666074   0.177028   0.021901   0.070566   0.178994
0.712119   0.273575   0.311982   0.558515   0.949175   0.176756   0.166491   0.978574
0.457404   0.937459   0.509537   0.625921   0.139259   0.927846   0.905682   0.144561
0.468087   0.249174   0.731428   0.833553   0.098624   0.138851   0.915974   0.180879
0.408992   0.388420   0.317189   0.228880   0.977998   0.135824   0.994405   0.132982
0.328674   0.258014   0.380369   0.663287   0.975431   0.031489   0.127322   0.900441
0.961704   0.358311   0.192109   0.867417   0.960032   0.031772   0.098653   0.986185
0.563915   0.552160   0.732193   0.336075   0.128467   0.995306   0.934459   0.112301
0.853175   0.276509   0.589398   0.645809   0.989586   0.043594   0.095272   0.910040
0.658798   0.963189   0.921422   0.360912   0.059301   0.915448   0.160036   0.983080
0.846886   0.107980   0.325749   0.775987   0.906695   0.080013   0.065125   0.957721
0.601323   0.289951   0.469489   0.185085   0.197918   0.007924   0.956689   0.117211
0.722130   0.363509   0.328959   0.478749   0.933927   0.157870   0.115398   0.983502
0.298974   0.217991   0.207961   0.740750   0.996863   0.180873   0.981873   0.113872
0.120985   0.110415   0.339222   0.623339   0.110649   0.930749   0.170451   0.929714
0.853769   0.439957   0.504325   0.644148   0.972099   0.014174   0.026164   0.980254
0.371158   0.715482   0.883994   0.142141   0.137534   0.014454   0.047569   0.182121
0.224394   0.489324   0.764689   0.139800   0.928277   0.156839   0.940884   0.109761
0.212075   0.278109   0.612232   0.067559   0.940799   0.161174   0.959639   0.158830
0.341225   0.079656   0.645200   0.298163   0.907799   0.068829   0.167462   0.911976
0.788160   0.919996   0.814049   0.836651   0.167276   0.911600   0.906025   0.181789
0.505201   0.603421   0.356179   0.244635   0.077557   0.099513   0.989754   0.188860
0.761926   0.488058   0.362864   0.472702   0.901384   0.155239   0.143147   0.935714
0.034665   0.168235   0.767799   0.712534   0.165910   0.965483   0.149484   0.980031
0.613565   0.882706   0.188854   0.809292   0.081429   0.988408   0.041270   0.974522
0.438773   0.668042   0.278213   0.856224   0.914349   0.158596   0.993755   0.128037
0.267877   0.768562   0.363831   0.931149   0.138730   0.921075   0.113778   0.996241
0.138731   0.386006   0.808193   0.625633   0.120251   0.977187   0.194822   0.998206
0.907167   0.325230   0.520347   0.811413   0.929058   0.057222   0.084057   0.980384
0.376781   0.785586   0.367648   0.177444   0.190537   0.001928   0.944755   0.188701
0.618721   0.321255   0.634529   0.290123   0.141555   0.960223   0.957026   0.129468
0.702580   0.229885   0.177746   0.580699   0.933218   0.192201   0.139052   0.980057
0.087629   0.286532   0.796413   0.392073   0.182855   0.952408   0.199265   0.992833
0.226252   0.105338   0.379228   0.477877   0.975975   0.117824   0.939424   0.154656
0.382247   0.798622   0.071874   0.302530   0.147434   0.092957   0.995507   0.114429
0.229791   0.767353   0.581606   0.450624   0.124783   0.913115   0.103896   0.985958
0.058693   0.081190   0.117002   0.266091   0.192384   0.949799   0.182893   0.947105
0.878325   0.535734   0.644286   0.177833   0.926629   0.004064   0.070282   0.944763
0.829004   0.169273   0.130807   0.158710   0.930985   0.037847   0.030179   0.968176
0.400314   0.562469   0.721125   0.481021   0.910515   0.113349   0.932156   0.158547
0.771335   0.772489   0.374315   0.313333   0.192120   0.925489   0.907242   0.151241
0.151688   0.131161   0.234280   0.335139   0.188628   0.951728   0.122414   0.939898
0.530696   0.162406   0.886075   0.740028   0.948735   0.145345   0.007418   0.171539
0.354173   0.394336   0.101050   0.446143   0.901047   0.141943   0.976622   0.196584
0.408972   0.676003   0.520195   0.878219   0.916366   0.192216   0.964061   0.186446
0.589435   0.771340   0.515755   0.762409   0.027946   0.942139   0.018377   0.966471
0.644009   0.692452   0.685661   0.418093   0.100035   0.916372   0.963570   0.194246
0.475935   0.413655   0.624738   0.433813   0.041463   0.016594   0.956179   0.109887
0.880847   0.251178   0.148929   0.595900   0.913787   0.045029   0.079992   0.983681
0.342951   0.657533   0.781358   0.490312   0.969489   0.136819   0.947606   0.137335
0.630306   0.096275   0.728082   0.470866   0.119363   0.049234   0.925942   0.153043
0.587910   0.982927   0.374706   0.421476   0.014331   0.902467   0.105064   0.990834
0.206667   0.149860   0.418125   0.817014   0.947115   0.134670   0.929493   0.179015
0.115747   0.658296   0.290023   0.413043   0.101097   0.954621   0.147797   0.948344
0.847143   0.429906   0.170896   0.384330   0.912497   0.032715   0.036020   0.968439
0.767231   0.635209   0.716193   0.645693   0.191221   0.909396   0.931260   0.141315
0.780454   0.075988   0.728790   0.342966   0.961138   0.188049   0.107902   0.910183
0.566161   0.804043   0.677620   0.418874   0.077407   0.969872   0.052025   0.975932
0.857852   0.811460   0.368869   0.476995   0.943501   0.042020   0.004552   0.969654
0.834489   0.779912   0.207547   0.275968   0.979917   0.055634   0.037440   0.997519
0.417472   0.810635   0.214255   0.335818   0.131714   0.043061   0.956207   0.166360
0.564326   0.356075   0.236626   0.232201   0.156012   0.936534   0.937680   0.156843
0.147327   0.678958   0.788783   0.903946   0.119124   0.997431   0.133099   0.939429
0.503558   0.666679   0.271387   0.138027   0.084711   0.085447   0.959046   0.129391
0.461192   0.603918   0.892957   0.434835   0.004648   0.094781   0.940449   0.165314
0.883611   0.411860   0.788014   0.555812   0.994234   0.067662   0.048794   0.950118
0.542969   0.372953   0.140640   0.719348   0.049816   0.089098   0.996542   0.172658
0.807206   0.588860   0.361181   0.652461   0.920306   0.012366   0.025801   0.949213
0.634367   0.517183   0.515659   0.734163   0.119258   0.987376   0.962153   0.121104
0.088773   0.855661   0.579346   0.838811   0.101457   0.968649   0.138193   0.937107
0.378735   0.617257   0.937640   0.922567   0.910170   0.117649   0.042301   0.185089
0.484556   0.205830   0.814567   0.939287   0.932538   0.138736   0.064610   0.104459
0.670201   0.559520   0.474429   0.159206   0.162123   0.910600   0.947518   0.176876
0.827661   0.123667   0.656092   0.697051   0.979482   0.063054   0.051214   0.939668
0.355977   0.271849   0.881937   0.486998   0.013161   0.108774   0.059472   0.177412
0.338571   0.397986   0.031568   0.834636   0.969359   0.175645   0.960909   0.127404
0.120809   0.870244   0.299834   0.616595   0.128282   0.926363   0.107294   0.911723
0.433710   0.644970   0.880114   0.073446   0.955418   0.132315   0.002478   0.125470
0.551823   0.677225   0.510236   0.324080   0.115136   0.972134   0.967944   0.197827
0.420423   0.941906   0.477126   0.704692   0.147131   0.025350   0.980232   0.120406
0.609451   0.777775   0.784174   0.940459   0.055372   0.941032   0.029792   0.933275
0.373246   0.287204   0.405842   0.358228   0.946677   0.022817   0.117911   0.948157
0.586315   0.654598   0.968379   0.748887   0.110211   0.993268   0.087233   0.146869
0.515608   0.384653   0.875776   0.454446   0.009321   0.071187   0.976861   0.135275
0.578005   0.357970   0.920140   0.545914   0.133776   0.992604   0.064214   0.105417
0.224183   0.083639   0.351135   0.306995   0.953943   0.106047   0.941085   0.103291
0.600486   0.516263   0.610276   0.842691   0.197247   0.907534   0.928921   0.118806
0.337442   0.196229   0.114877   0.478107   0.901308   0.026710   0.139298   0.900663
0.609006   0.158995   0.109709   0.764674   0.171837   0.041544   0.962893   0.117473
0.729240   0.590013   0.761402   0.553351   0.143779   0.908952   0.913842   0.121625
0.385304   0.853903   0.722090   0.588880   0.115737   0.056594   0.993215   0.100965
0.048368   0.723398   0.395211   0.944405   0.144886   0.954907   0.174796   0.959368
0.459612   0.048806   0.048577   0.101539   0.929256   0.194097   0.954393   0.152083
0.704383   0.090485   0.676276   0.374494   0.938940   0.191364   0.142820   0.918835
0.142655   0.743373   0.377223   0.085606   0.144808   0.925380   0.164969   0.975061
0.635660   0.190062   0.657643   0.745594   0.114171   0.009388   0.921835   0.138386
0.186540   0.898395   0.222866   0.600966   0.173185   0.912639   0.168993   0.970723
0.297191   0.544339   0.305116   0.133276   0.183572   0.923289   0.182772   0.945171
0.153951   0.520449   0.314139   0.514462   0.136073   0.988074   0.190095   0.965841
0.466570   0.330804   0.058460   0.852289   0.027946   0.000496   0.926532   0.120875
0.356569   0.077382   0.352718   0.572984   0.958699   0.082248   0.135885   0.947054
0.434448   0.326387   0.386395   0.889788   0.938894   0.182734   0.913505   0.165617
0.174208   0.430505   0.436486   0.638738   0.180985   0.911437   0.185756   0.902251
0.813810   0.762341   0.834824   0.270604   0.965979   0.084035   0.098973   0.960260
0.937124   0.405216   0.137175   0.880639   0.907329   0.005156   0.044705   0.933329
0.025834   0.262249   0.319545   0.553030   0.129846   0.972849   0.106499   0.991949
0.738793   0.135354   0.386246   0.216171   0.985149   0.120061   0.175719   0.943933
0.551776   0.123532   0.282503   0.790709   0.119726   0.093136   0.948494   0.194537
0.779378   0.407405   0.298465   0.304653   0.902683   0.157338   0.172987   0.942546
0.878005   0.518926   0.397140   0.569722   0.998671   0.036719   0.058169   0.979767
0.534601   0.958565   0.749624   0.474135   0.109394   0.929487   0.987539   0.160863
0.098033   0.788249   0.355021   0.314658   0.157094   0.982520   0.103527   0.909809
0.107175   0.306383   0.643324   0.863690   0.155935   0.973695   0.119534   0.971781
0.698920   0.134833   0.876026   0.230073   0.146782   0.041083   0.036309   0.105832
0.794683   0.533219   0.389476   0.747770   0.161182   0.969504   0.915404   0.179255
0.317881   0.018050   0.927755   0.530702   0.913021   0.006798   0.118907   0.993639
0.656151   0.791902   0.274275   0.221429   0.071678   0.926147   0.028677   0.980059
0.762006   0.642451   0.422602   0.786304   0.150998   0.978958   0.970769   0.148140
0.703243   0.134059   0.504234   0.141740   0.933865   0.158702   0.165533   0.963073
0.817053   0.548865   0.371578   0.801501   0.987955   0.059516   0.032041   0.982340
0.133798   0.683660   0.925287   0.401345   0.160167   0.916585   0.199401   0.981030
0.435154   0.848085   0.085890   0.531618   0.136874   0.031788   0.968466   0.132525
0.130426   0.465661   0.622151   0.400287   0.115028   0.955045   0.184435   0.981358
0.678827   0.563029   0.945684   0.532507   0.137423   0.914135   0.008526   0.189252
0.291999   0.045452   0.661626   0.346763   0.900953   0.118349   0.939256   0.192187
0.813016   0.292389   0.636242   0.202852   0.918743   0.053238   0.038076   0.944760
0.789703   0.238450   0.576820   0.307226   0.930033   0.111193   0.191041   0.952439
0.920013   0.242989   0.649240   0.817775   0.959234   0.012772   0.065989   0.904626
0.336350   0.139841   0.394673   0.335812   0.995226   0.064748   0.103375   0.956200
0.543792   0.821719   0.820602   0.855965   0.129375   0.999521   0.002095   0.143448
0.509920   0.800741   0.503552   0.533667   0.138294   0.929507   0.992489   0.137855
0.383610   0.434018   0.553253   0.367580   0.923204   0.130471   0.903185   0.176638
0.051294   0.468549   0.436193   0.414982   0.121420   0.932137   0.140901   0.917639
0.268378   0.600525   0.226361   0.312830   0.122275   0.947364   0.128329   0.949631
0.491455   0.056668   0.596660   0.910057   0.914426   0.168399   0.932888   0.199141
0.279777   0.104168   0.466896   0.050315   0.939439   0.138431   0.935480   0.122567
0.191353   0.773914   0.647319   0.281754   0.197726   0.979755   0.124706   0.988305
0.409343   0.148246   0.691614   0.161560   0.951272   0.039067   0.176978   0.977423
0.076412   0.513244   0.787900   0.553408   0.152244   0.915226   0.181444   0.988760
0.647819   0.459491   0.687993   0.981376   0.124998   0.977042   0.997175   0.100572
0.217500   0.651285   0.832934   0.515213   0.137628   0.929006   0.195406   0.910421
0.410120   0.764229   0.827306   0.080555   0.134989   0.037018   0.098101   0.103902
0.149972   0.311232   0.418757   0.824957   0.169388   0.903912   0.129398   0.988704
0.194176   0.332303   0.828190   0.244942   0.135314   0.914554   0.115228   0.926942
0.214857   0.542484   0.765085   0.822630   0.177944   0.927889   0.127535   0.951639
0.836797   0.358083   0.696551   0.274619   0.905851   0.026394   0.088755   0.901015
0.499064   0.557054   0.590424   0.761447   0.069748   0.082240   0.959024   0.163992
0.582472   0.908527   0.599101   0.482222   0.034191   0.965935   0.173056   0.969581
0.236378   0.583178   0.860412   0.190524   0.106443   0.917711   0.189608   0.987437
0.432579   0.176258   0.585150   0.423630   0.909927   0.094863   0.192654   0.917009
0.760991   0.394622   0.752776   0.367036   0.984074   0.174405   0.156212   0.936615
0.092031   0.530770   0.259610   0.077712   0.182967   0.955095   0.132435   0.920201
0.246004   0.077197   0.678041   0.763318   0.999129   0.131734   0.934436   0.173070
0.532800   0.065299   0.180201   0.548662   0.917023   0.126311   0.940543   0.191452
0.807697   0.531667   0.470182   0.639707   0.936932   0.002591   0.054283   0.962817
0.397295   0.181439   0.527502   0.900757   0.989744   0.096575   0.131425   0.994553
0.101729   0.196955   0.471570   0.242174   0.191890   0.942381   0.160098   0.900540
0.775621   0.507434   0.176309   0.795323   0.105193   0.966623   0.957659   0.187680
0.853324   0.008853   0.613915   0.251265   0.955299   0.046235   0.047428   0.935663
0.539146   0.353579   0.166932   0.624141   0.037205   0.093219   0.998721   0.177514
0.812751   0.185257   0.264972   0.072305   0.967110   0.034743   0.049200   0.931950
0.117141   0.351892   0.942536   0.853744   0.142591   0.989190   0.102511   0.913067
0.051955   0.742647   0.576902   0.676634   0.181204   0.997561   0.107366   0.967314
0.499863   0.255182   0.592644   0.799792   0.064443   0.135717   0.997598   0.124395
0.386436   0.775146   0.657160   0.308743   0.197482   0.068860   0.931918   0.100896
0.369308   0.557259   0.188392   0.545591   0.918935   0.185458   0.963602   0.187731
0.871627   0.374765   0.676390   0.485600   0.960891   0.067398   0.069643   0.985487
0.613404   0.186823   0.529583   0.573830   0.182872   0.071558   0.930954   0.159418
0.056503   0.082803   0.467202   0.584034   0.191976   0.911958   0.140655   0.996036
0.481809   0.790822   0.338450   0.750465   0.178293   0.003831   0.926931   0.115394
0.778557   0.288933   0.877896   0.986095   0.956874   0.160695   0.164975   0.928979
0.097834   0.391477   0.200581   0.842209   0.104738   0.937226   0.142178   0.986600
0.090358   0.774170   0.458894   0.823198   0.116368   0.903967   0.101562   0.978791
0.658317   0.596891   0.663209   0.310678   0.143211   0.934812   0.925559   0.132257
0.040323   0.189097   0.618671   0.586541   0.137286   0.920978   0.178180   0.958988
