0.837440   0.145329   0.131580   0.913301   0.926476   0.138820
0.289135   0.412781   0.108223   0.926133   0.111635   0.957126
0.732374   0.384897   0.143041   0.928240   0.976441   0.114886
0.567392   0.253698   0.183121   0.116466   0.971661   0.113074
0.596737   0.505809   0.155759   0.153409   0.978731   0.150297
0.119231   0.530018   0.146124   0.919249   0.112057   0.982964
0.928244   0.294907   0.120912   0.924449   0.174629   0.966042
0.866939   0.311952   0.189477   0.978206   0.967246   0.180821
0.057746   0.900824   0.164924   0.958650   0.180813   0.986989
0.312749   0.086259   0.995270   0.140751   0.938000   0.175232
0.355308   0.199996   0.968202   0.123398   0.943920   0.135871
0.551618   0.656969   0.131449   0.175984   0.956137   0.135597
0.264852   0.838652   0.958560   0.128585   0.946170   0.174488
0.243657   0.004954   0.948783   0.167007   0.981306   0.143754
0.400826   0.907594   0.149207   0.998997   0.983242   0.194633
0.167836   0.728539   0.959215   0.151957   0.983591   0.153250
0.124341   0.052596   0.934399   0.121519   0.927337   0.185806
0.441963   0.252873   0.179076   0.127710   0.906190   0.161796
0.296026   0.625003   0.170309   0.903053   0.177350   0.960914
0.420150   0.732941   0.158102   0.149475   0.941329   0.140870
0.126148   0.835753   0.966393   0.107055   0.938241   0.141106
0.390481   0.123239   0.914241   0.163313   0.983456   0.109808
0.733506   0.118240   0.158130   0.968963   0.950140   0.182201
0.905342   0.049983   0.169453   0.902530   0.125397   0.999897
0.133805   0.391876   0.173586   0.900376   0.114606   0.936918
0.511853   0.411966   0.178426   0.105665   0.970981   0.130289
0.446263   0.360597   0.194373   0.159678   0.904142   0.193865
0.918439   0.828908   0.125106   0.944443   0.110214   0.900747
0.527781   0.170247   0.977380   0.160603   0.964373   0.142388
0.570272   0.380068   0.105983   0.175073   0.905107   0.169521
0.694613   0.645856   0.192220   0.968476   0.955769   0.100165
0.115080   0.035213   0.968617   0.183909   0.967347   0.106326
0.275598   0.059258   0.935101   0.174126   0.957839   0.163206
0.832867   0.144139   0.194606   0.935961   0.910301   0.167299
0.643242   0.057028   0.962943   0.167794   0.926486   0.160535
0.651773   0.382528   0.156832   0.958795   0.927341   0.113396
0.582873   0.141094   0.943241   0.182734   0.998496   0.101181
0.637329   0.543677   0.135536   0.987860   0.959076   0.137241
0.767939   0.064583   0.150020   0.918899   0.971932   0.136547
0.965613   0.692343   0.154282   0.942027   0.122308   0.963120
0.396676   0.312650   0.981834   0.110628   0.964034   0.159370
0.363533   0.756237   0.185000   0.937315   0.960880   0.152911
0.561393   0.402359   0.131630   0.171613   0.930589   0.136708
0.322936   0.880606   0.173186   0.996749   0.951461   0.143838
0.602619   0.395813   0.112638   0.903138   0.978700   0.106679
0.899160   0.123524   0.164351   0.942610   0.944506   0.149800
0.475107   0.192019   0.976685   0.108153   0.900306   0.153355
0.413669   0.815585   0.188811   0.985152   0.945503   0.117749
0.569144   0.727774   0.141022   0.116045   0.936631   0.107668
0.314184   0.585038   0.951639   0.168893   0.991236   0.173788
0.325166   0.501127   0.976398   0.188602   0.932510   0.170184
0.832474   0.438852   0.178138   0.933410   0.994532   0.147948
0.801098   0.308282   0.147833   0.903517   0.927023   0.197025
0.705539   0.312766   0.189540   0.906582   0.943205   0.188010
0.749665   0.447207   0.111570   0.994397   0.906637   0.143907
0.450914   0.745192   0.183630   0.117039   0.957631   0.169196
0.903207   0.247580   0.170860   0.969743   0.190712   0.911799
0.666576   0.667937   0.190780   0.966301   0.976559   0.192240
0.373379   0.538203   0.986540   0.141733   0.971535   0.193951
0.745620   0.616836   0.146922   0.907961   0.907774   0.134199
0.440010   0.954532   0.150425   0.917467   0.936947   0.160460
0.879720   0.304779   0.180676   0.912769   0.969306   0.192625
0.444724   0.208464   0.173640   0.168852   0.900086   0.163997
0.271334   0.605867   0.154787   0.978232   0.115121   0.910924
0.900981   0.510995   0.185754   0.958043   0.166881   0.945346
0.487518   0.361338   0.113151   0.157772   0.926933   0.108062
0.206784   0.413280   0.179963   0.926535   0.150923   0.904362
0.192961   0.183347   0.918488   0.184710   0.995703   0.139836
0.550506   0.222210   0.151882   0.126540   0.952148   0.139613
0.116902   0.433933   0.180369   0.901120   0.178039   0.906764
0.425137   0.957345   0.175373   0.985990   0.929362   0.180204
0.861401   0.516446   0.133429   0.988367   0.943997   0.142467
0.169770   0.054443   0.917146   0.152066   0.959355   0.132314
0.850365   0.403586   0.178525   0.966053   0.989175   0.144665
0.285296   0.078189   0.905559   0.160219   0.992301   0.101084
0.913205   0.589037   0.159117   0.929936   0.175152   0.994982
0.370786   0.534662   0.999172   0.197534   0.938836   0.166096
0.127992   0.426024   0.185092   0.969999   0.102290   0.932310
0.127684   0.004649   0.965839   0.112420   0.918386   0.161115
0.694188   0.092925   0.955095   0.155736   0.991932   0.146483
0.723944   0.735952   0.954208   0.165684   0.123219   0.982586
0.851624   0.685561   0.149280   0.975246   0.917954   0.143268
0.518774   0.087944   0.978347   0.133418   0.922069   0.170658
0.267503   0.467943   0.136325   0.994621   0.163080   0.957875
0.615060   0.436701   0.113403   0.979847   0.913171   0.176704
0.813441   0.747498   0.943378   0.138579   0.165016   0.995050
0.607142   0.908961   0.118990   0.917465   0.963134   0.133044
0.368853   0.522379   0.981758   0.197014   0.994418   0.111030
0.175720   0.674993   0.112188   0.952592   0.141336   0.988806
0.526379   0.589378   0.196403   0.150860   0.928628   0.197939
0.147466   0.715675   0.969848   0.171725   0.958172   0.118158
0.536674   0.919285   0.156712   0.911346   0.907253   0.173760
0.893909   0.866496   0.954194   0.147292   0.129908   0.982608
0.690501   0.626954   0.145360   0.985494   0.963511   0.145321
0.370538   0.819048   0.104381   0.961363   0.919425   0.123119
0.804962   0.648504   0.116159   0.926826   0.951740   0.100254
0.541459   0.455265   0.155507   0.135221   0.976633   0.146053
0.201966   0.366909   0.124534   0.996260   0.154280   0.955133
0.669460   0.440283   0.176924   0.970323   0.996170   0.179420
0.121985   0.787593   0.920457   0.143412   0.925145   0.115353
0.257434   0.500748   0.196161   0.979870   0.129091   0.917316
0.779754   0.367661   0.107854   0.956800   0.910086   0.139112
0.604031   0.419226   0.161090   0.974036   0.926471   0.177550
0.166503   0.446475   0.156168   0.907126   0.144850   0.936068
0.573278   0.742031   0.133046   0.195061   0.961249   0.104535
0.157921   0.391390   0.169205   0.984007   0.165133   0.952164
0.683312   0.539185   0.111478   0.963086   0.975186   0.161875
0.629878   0.382647   0.113197   0.900176   0.992689   0.184891
0.800038   0.463987   0.131702   0.968520   0.968830   0.123048
0.243047   0.596883   0.147273   0.935248   0.174299   0.920119
0.323977   0.141864   0.964156   0.129777   0.921802   0.121014
0.169258   0.591023   0.109813   0.980046   0.106060   0.963620
0.704654   0.227176   0.198268   0.987747   0.964219   0.156630
0.656260   0.077735   0.951512   0.137028   0.971725   0.117377
0.204853   0.137111   0.999605   0.154457   0.982856   0.136112
0.944035   0.404530   0.178901   0.934874   0.180915   0.980300
0.075867   0.657411   0.114587   0.959442   0.133478   0.968655
0.291835   0.709396   0.942384   0.193321   0.962772   0.149482
0.603955   0.217361   0.942757   0.113704   0.958479   0.168247
0.088180   0.430978   0.152105   0.977948   0.123585   0.905071
0.191408   0.754093   0.929901   0.105020   0.974740   0.124891
0.174183   0.097215   0.993635   0.161092   0.958282   0.178451
0.042550   0.511392   0.106039   0.998294   0.135632   0.931441
0.134933   0.354624   0.118593   0.937005   0.155656   0.932400
0.568610   0.728574   0.131292   0.136870   0.966369   0.165979
0.541470   0.466091   0.121591   0.147429   0.979857   0.138717
0.331255   0.460771   0.907257   0.172328   0.930718   0.158465
0.107265   0.903473   0.930054   0.156937   0.971965   0.156377
0.659057   0.843870   0.157344   0.945207   0.959347   0.135185
0.837038   0.675216   0.123138   0.941439   0.966001   0.142550
0.218284   0.611190   0.129097   0.981705   0.181377   0.981894
0.328930   0.778456   0.188275   0.988060   0.933080   0.143091
0.765407   0.517757   0.116350   0.992686   0.993863   0.101338
0.602758   0.385899   0.154628   0.993586   0.913840   0.193510
0.749229   0.893654   0.929041   0.125237   0.185244   0.901048
0.691959   0.732598   0.141647   0.999401   0.948347   0.106578
0.661484   0.106231   0.988042   0.117834   0.944852   0.197390
0.634635   0.390520   0.100513   0.966618   0.906250   0.123287
0.712342   0.894817   0.944691   0.117637   0.192934   0.980412
0.837967   0.049874   0.101030   0.917280   0.995688   0.177387
0.106487   0.733660   0.979862   0.126729   0.914738   0.182570
0.487090   0.635978   0.123313   0.110836   0.908993   0.121592
0.223331   0.449460   0.166430   0.960143   0.106004   0.959786
0.189321   0.805968   0.995945   0.172016   0.955842   0.169122
0.222583   0.794428   0.966205   0.184151   0.975556   0.179677
0.233220   0.388753   0.129939   0.999052   0.156047   0.905877
0.940744   0.665923   0.189625   0.922318   0.152326   0.922894
0.750905   0.466011   0.172021   0.922283   0.985452   0.115435
0.094680   0.820671   0.101915   0.981182   0.124457   0.919568
0.816099   0.728444   0.905135   0.114427   0.137069   0.939842
0.393311   0.356095   0.999120   0.196509   0.989662   0.170063
0.264562   0.439932   0.105447   0.995736   0.177161   0.957515
0.361796   0.273469   0.907673   0.164388   0.919859   0.182279
0.203809   0.360092   0.133394   0.989512   0.152590   0.947967
0.631069   0.458126   0.159691   0.969306   0.974084   0.100958
0.330688   0.572260   0.921319   0.113182   0.997050   0.129090
0.817347   0.425252   0.105199   0.984585   0.900672   0.199572
0.281965   0.274173   0.933102   0.141748   0.958384   0.193049
0.325642   0.633823   0.975713   0.125338   0.982175   0.161050
0.359797   0.313666   0.957848   0.178805   0.912709   0.179131
0.207225   0.940452   0.994777   0.109345   0.989596   0.107257
0.705489   0.605038   0.146988   0.936561   0.958920   0.159454
0.721531   0.318937   0.191852   0.926869   0.945704   0.164161
0.543734   0.157298   0.972873   0.183812   0.996332   0.104127
0.267289   0.554043   0.112397   0.994669   0.133218   0.976093
0.769416   0.812463   0.923821   0.151954   0.136335   0.945327
0.114111   0.108319   0.948826   0.113368   0.902741   0.177412
0.324027   0.450260   0.914202   0.100502   0.933514   0.185438
0.884963   0.182682   0.109880   0.968344   0.921956   0.105903
0.345544   0.723319   0.141070   0.978058   0.966704   0.162607
0.793322   0.414128   0.140036   0.936801   0.994172   0.143189
0.176234   0.254983   0.938121   0.112507   0.944564   0.160194
0.544094   0.879748   0.137180   0.936995   0.917092   0.128965
0.663908   0.907553   0.135423   0.942769   0.971766   0.176155
0.422554   0.559085   0.197641   0.109617   0.927787   0.114956
0.747421   0.614687   0.111875   0.970291   0.979677   0.109926
0.397384   0.356352   0.932135   0.136696   0.933978   0.173074
0.602867   0.206348   0.924559   0.107579   0.925939   0.144893
0.303866   0.813464   0.111566   0.915263   0.983558   0.168693
0.154400   0.524023   0.140205   0.905821   0.134320   0.981054
0.302265   0.945872   0.194994   0.981768   0.967330   0.155763
0.670798   0.853229   0.164491   0.975862   0.915104   0.183100
0.236313   0.906739   0.922750   0.167064   0.971227   0.122379
0.255115   0.640054   0.152628   0.903006   0.127308   0.948232
0.875952   0.255246   0.175247   0.995236   0.973926   0.140916
0.127010   0.457637   0.119320   0.906976   0.144110   0.942007
0.843157   0.523794   0.176324   0.980905   0.959857   0.149687
0.903843   0.881566   0.174879   0.974583   0.108193   0.944230
0.144353   0.589663   0.198425   0.955444   0.167409   0.945194
0.675790   0.330038   0.129590   0.911858   0.926041   0.152999
0.891318   0.440719   0.186153   0.981750   0.902400   0.102493
0.084862   0.197405   0.184699   0.989538   0.176944   0.947889
0.185807   0.802927   0.981048   0.146206   0.946592   0.148636
0.860150   0.780119   0.900628   0.161916   0.190481   0.945871
0.801880   0.733081   0.979810   0.136924   0.184101   0.987106
0.506884   0.229673   0.182084   0.140507   0.934181   0.199353
0.656769   0.560212   0.101232   0.937792   0.967836   0.116027
0.826810   0.244133   0.148116   0.990131   0.931133   0.185811
0.081478   0.917495   0.147823   0.944616   0.149345   0.916440
0.794536   0.542374   0.178175   0.965579   0.996047   0.115031
0.403174   0.759995   0.183987   0.175005   0.921828   0.181059
0.140957   0.269514   0.927421   0.185169   0.973794   0.169034
0.628859   0.741991   0.132613   0.992652   0.999032   0.151973
0.274727   0.768474   0.967583   0.110848   0.978880   0.176359
0.319357   0.440127   0.948657   0.177290   0.940319   0.131653
0.828609   0.807433   0.947754   0.174922   0.142980   0.979349
0.679032   0.633718   0.193771   0.916093   0.952933   0.130491
0.850664   0.752278   0.915265   0.182771   0.108680   0.963357
0.839627   0.159404   0.122875   0.957676   0.917477   0.143356
0.284818   0.360671   0.198383   0.962907   0.148238   0.960258
0.679485   0.276728   0.992222   0.113840   0.967554   0.138952
0.311452   0.528394   0.974116   0.172626   0.980241   0.194284
0.135461   0.621334   0.103890   0.925456   0.178867   0.990523
0.536005   0.352203   0.181138   0.138117   0.939590   0.127595
0.411835   0.695473   0.171131   0.147807   0.916676   0.161299
0.355158   0.380473   0.915092   0.194774   0.928089   0.179742
0.770624   0.274647   0.101670   0.933123   0.987142   0.138703
0.289533   0.675146   0.132352   0.991664   0.161164   0.993074
0.886722   0.387127   0.110145   0.972758   0.949776   0.177404
0.873307   0.498834   0.195069   0.940146   0.965853   0.168568
0.541658   0.362710   0.162562   0.199948   0.954631   0.147949
0.387476   0.741760   0.182258   0.965058   0.942091   0.108111
0.378366   0.711108   0.165914   0.997965   0.984292   0.113023
0.536029   0.398160   0.164111   0.121786   0.938387   0.130875
0.704856   0.023506   0.137643   0.975704   0.991106   0.125557
0.233862   0.427595   0.135331   0.926563   0.107100   0.927329
0.140819   0.528485   0.184891   0.943685   0.114885   0.954807
0.836991   0.733593   0.990703   0.127336   0.116185   0.994379
0.840588   0.957836   0.900462   0.106801   0.185924   0.919932
0.143331   0.732297   0.939545   0.138526   0.926674   0.167157
0.396758   0.105544   0.976384   0.153810   0.916559   0.191443
0.740261   0.256877   0.133202   0.906711   0.996933   0.164383
0.726549   0.529755   0.152961   0.904403   0.958611   0.103235
0.527823   0.846099   0.158000   0.940164   0.957945   0.161700
0.531917   0.667117   0.125662   0.193554   0.980697   0.113534
0.320304   0.742078   0.183856   0.998718   0.971786   0.145696
0.315849   0.293569   0.911774   0.198305   0.931460   0.194567
0.603752   0.142853   0.973578   0.159326   0.901548   0.175973
0.500315   0.620635   0.146032   0.192461   0.985743   0.186680
0.527432   0.367375   0.164327   0.193142   0.937888   0.159420
0.540736   0.178509   0.959416   0.149053   0.906973   0.115481
0.312750   0.624263   0.925631   0.179648   0.959551   0.197604
0.449446   0.440940   0.194830   0.156422   0.906134   0.127132
0.337409   0.738497   0.107449   0.981617   0.968502   0.154345
0.377168   0.328973   0.926593   0.162576   0.972709   0.106704
0.677827   0.593484   0.144304   0.977951   0.987386   0.132446
0.911105   0.130903   0.152616   0.951055   0.133403   0.983460
0.130516   0.123248   0.911283   0.163897   0.938534   0.159654
0.823664   0.291436   0.185506   0.920832   0.923347   0.116634
0.931761   0.356000   0.178438   0.944041   0.154254   0.962730
0.605883   0.547556   0.198113   0.913434   0.933176   0.132018
0.494314   0.524725   0.168938   0.199878   0.988951   0.145049
0.118972   0.722393   0.941262   0.170860   0.941109   0.101999
0.051174   0.919747   0.196354   0.995401   0.194614   0.957550
0.200981   0.887399   0.981194   0.144183   0.991698   0.102645
0.577134   0.514515   0.128908   0.113462   0.972530   0.191684
0.196568   0.174554   0.945419   0.133973   0.927958   0.197104
0.678717   0.848458   0.179044   0.913998   0.913983   0.103729
0.406144   0.136595   0.990693   0.156533   0.918052   0.143188
0.531862   0.110360   0.980945   0.192210   0.923368   0.199689
0.662166   0.583797   0.198342   0.983698   0.932167   0.129005
0.089627   0.467096   0.124213   0.909993   0.159312   0.940716
0.420389   0.479156   0.111572   0.125527   0.972915   0.185325
0.844773   0.748850   0.961082   0.163191   0.139798   0.977702
0.871745   0.486610   0.108663   0.955151   0.979881   0.151137
0.338530   0.702875   0.109035   0.971240   0.960215   0.120901
0.494919   0.543662   0.187380   0.198759   0.955782   0.196201
0.209969   0.458833   0.150718   0.942764   0.140531   0.987257
0.268311   0.453418   0.189016   0.916732   0.165004   0.922844
0.242495   0.339603   0.182583   0.977868   0.199005   0.963019
0.172681   0.478346   0.138735   0.983946   0.107479   0.997318
0.216603   0.924303   0.987554   0.126482   0.917608   0.128152
0.287870   0.381375   0.183808   0.946469   0.102144   0.917145
0.522201   0.587298   0.197505   0.144338   0.918671   0.185785
0.690218   0.792496   0.143426   0.979158   0.900785   0.113853
0.897667   0.062936   0.139846   0.985688   0.941532   0.116410
0.287752   0.047909   0.988082   0.100991   0.965026   0.179359
0.208430   0.661251   0.176603   0.908134   0.143532   0.939312
0.796989   0.082466   0.165804   0.993341   0.984786   0.177165
0.810388   0.529868   0.114977   0.904504   0.976401   0.188470
0.753723   0.792340   0.966649   0.131612   0.168218   0.909391
0.711886   0.194591   0.115429   0.944984   0.963486   0.152209
0.484472   0.069295   0.928407   0.197177   0.985144   0.169951
0.278982   0.817205   0.919284   0.128957   0.921387   0.105154
0.346768   0.121804   0.970413   0.102459   0.934427   0.114783
0.128992   0.275259   0.916922   0.123805   0.952003   0.156330
0.802434   0.185038   0.148218   0.982584   0.947964   0.116399
0.613009   0.899172   0.122249   0.905075   0.958307   0.178330
0.533994   0.401044   0.104064   0.102335   0.918917   0.149908
0.318998   0.321306   0.952753   0.106615   0.907436   0.164809
0.125939   0.360148   0.160744   0.932315   0.109066   0.936530
0.814368   0.671322   0.128087   0.925120   0.946238   0.149786
0.700356   0.671767   0.111546   0.969458   0.978645   0.123805
0.765015   0.574144   0.121451   0.917573   0.926058   0.171098
0.837880   0.709652   0.955278   0.163216   0.199871   0.901699
0.629665   0.642463   0.161523   0.985587   0.964419   0.152162
0.893066   0.407385   0.119159   0.962640   0.988135   0.137420
0.456386   0.296962   0.173029   0.146022   0.962391   0.101887
0.812695   0.287604   0.186009   0.995033   0.942382   0.180075
0.587252   0.072058   0.980652   0.135315   0.906411   0.184385
0.393592   0.375527   0.945122   0.169217   0.950382   0.145129
0.655734   0.507175   0.131906   0.928349   0.942774   0.108245
0.954303   0.173282   0.181970   0.908375   0.125248   0.916982
0.720157   0.932782   0.951230   0.104723   0.199828   0.980198
0.488016   0.575903   0.140566   0.103370   0.927905   0.142810
0.870242   0.506774   0.163958   0.975908   0.946068   0.112948
0.768418   0.271003   0.143166   0.998457   0.918755   0.104405
0.442027   0.049621   0.996255   0.136959   0.935038   0.152909
0.186372   0.522541   0.126199   0.907055   0.139328   0.971538
0.742347   0.915069   0.999971   0.132779   0.131402   0.969693
0.055729   0.570033   0.172226   0.980554   0.134130   0.913047
0.154138   0.178417   0.987998   0.116543   0.967145   0.190474
0.209091   0.064257   0.966025   0.135949   0.909531   0.142068
0.664862   0.251173   0.904557   0.196464   0.972140   0.147356
0.476916   0.519902   0.113476   0.138388   0.920799   0.187583
0.639832   0.730359   0.116530   0.917687   0.989960   0.136386
0.352395   0.048783   0.946682   0.170754   0.989249   0.119023
0.555157   0.313256   0.192080   0.167895   0.990219   0.156707
0.208868   0.500463   0.137233   0.968665   0.182806   0.953677
0.108538   0.788881   0.970739   0.191814   0.954101   0.148934
0.475619   0.753970   0.171314   0.133714   0.941103   0.141411
0.209935   0.796596   0.951957   0.190369   0.946231   0.143438
0.419803   0.463048   0.125388   0.165883   0.934344   0.161554
0.724280   0.696910   0.171073   0.964141   0.914364   0.187430
0.386865   0.315121   0.997468   0.100520   0.952263   0.139713
0.923634   0.226905   0.140094   0.974570   0.171989   0.980572
0.873625   0.344238   0.128120   0.901116   0.982557   0.157764
0.726180   0.738272   0.934136   0.137849   0.141017   0.978638
0.201448   0.628693   0.199739   0.966117   0.178838   0.976236
0.221766   0.750608   0.907901   0.103227   0.948654   0.147047
0.539567   0.299536   0.176975   0.110439   0.981514   0.137362
0.432583   0.371827   0.165102   0.124528   0.984217   0.136616
0.140595   0.561618   0.146087   0.970366   0.161337   0.986573
0.319808   0.545890   0.977603   0.193140   0.998520   0.155366
0.673506   0.782526   0.110413   0.954248   0.918997   0.117988
0.248781   0.760904   0.987750   0.103963   0.993016   0.107802
0.709128   0.036195   0.186786   0.946211   0.952317   0.154756
0.454909   0.198268   0.933521   0.195147   0.991200   0.117662
0.126178   0.431174   0.121573   0.936219   0.187544   0.934267
0.119849   0.198188   0.932318   0.109196   0.944442   0.124498
0.552191   0.784871   0.110419   0.125237   0.912008   0.186664
0.950791   0.286031   0.196251   0.917145   0.171636   0.985926
0.313068   0.682528   0.957950   0.188970   0.906939   0.159063
0.929270   0.323327   0.196480   0.960974   0.174250   0.960468
0.078847   0.565932   0.134248   0.970783   0.141690   0.915569
0.476843   0.105735   0.950640   0.121755   0.929585   0.144638
0.689244   0.708492   0.137273   0.954534   0.941733   0.125961
0.703734   0.567171   0.170478   0.975438   0.951579   0.104184
0.810142   0.703883   0.969418   0.197100   0.157681   0.921999
0.638109   0.939770   0.192662   0.917048   0.916128   0.188464
0.876562   0.660121   0.165015   0.917406   0.957958   0.159474
0.278042   0.352163   0.156401   0.936439   0.134283   0.968158
0.482117   0.423102   0.174770   0.178236   0.957502   0.164521
0.380638   0.224551   0.972285   0.116390   0.950592   0.166572
0.794562   0.837419   0.902953   0.124419   0.130062   0.964258
0.660397   0.843932   0.162167   0.926134   0.983244   0.127006
0.119973   0.294143   0.988105   0.135745   0.909837   0.180661
0.257480   0.612728   0.127057   0.901360   0.177821   0.925361
0.820186   0.762095   0.995363   0.155782   0.153448   0.937775
0.598051   0.908760   0.157017   0.996660   0.990080   0.108022
0.146670   0.198755   0.931439   0.139304   0.951446   0.168924
0.634160   0.429954   0.170414   0.937246   0.977275   0.155313
0.542308   0.536878   0.124219   0.102617   0.974460   0.130727
0.610946   0.592107   0.186638   0.911920   0.960758   0.103319
0.230079   0.867088   0.940470   0.168231   0.998814   0.155516
0.769673   0.463019   0.105732   0.946258   0.998145   0.117242
0.083227   0.935825   0.190801   0.985180   0.124663   0.968379
0.103745   0.138373   0.901533   0.101363   0.996215   0.176983
0.412757   0.134805   0.936790   0.141662   0.925897   0.137454
0.574577   0.912981   0.144894   0.934033   0.922135   0.162311
0.769206   0.685799   0.146606   0.984602   0.900224   0.118018
0.691701   0.775022   0.103191   0.985859   0.997521   0.149546
0.323166   0.725030   0.196190   0.919387   0.941811   0.137867
0.704543   0.381507   0.118227   0.943349   0.935393   0.105579
0.483655   0.625063   0.124699   0.144760   0.927944   0.133748
0.859862   0.758762   0.973972   0.130271   0.109624   0.955322
0.255344   0.453880   0.116618   0.912731   0.104821   0.983139
0.853804   0.978655   0.913999   0.112140   0.185292   0.925602
0.763181   0.118937   0.167286   0.919039   0.921899   0.112384
0.817475   0.497681   0.173995   0.959680   0.995783   0.112822
0.368893   0.789257   0.114598   0.985313   0.958807   0.163127
0.922286   0.645218   0.124298   0.947895   0.147106   0.952266
0.720272   0.889327   0.967111   0.115898   0.199729   0.962450
0.299561   0.543890   0.182210   0.904301   0.190302   0.910273
0.799114   0.898806   0.904252   0.117738   0.129321   0.955282
0.718492   0.206546   0.175196   0.927128   0.946882   0.106335
0.435333   0.434188   0.165483   0.185332   0.960479   0.114944
0.614548   0.858849   0.111155   0.932986   0.947362   0.158055
0.884944   0.760681   0.986131   0.196901   0.101094   0.931465
0.221889   0.377378   0.151345   0.955679   0.150389   0.930770
0.537294   0.859998   0.151566   0.903716   0.974730   0.170281
0.679302   0.440917   0.123224   0.935767   0.947493   0.168408
0.780381   0.552643   0.105521   0.979963   0.902296   0.156849
0.360598   0.708422   0.158339   0.928522   0.985560   0.131070
0.894428   0.277502   0.136796   0.911953   0.931779   0.107086
0.819180   0.705192   0.960870   0.101156   0.131551   0.962771
0.853305   0.266959   0.173910   0.921185   0.908512   0.122268
0.873267   0.837831   0.949064   0.187420   0.127159   0.917208
0.738779   0.695885   0.165174   0.955126   0.923413   0.148358
0.139827   0.945462   0.965278   0.153832   0.991252   0.101621
0.927675   0.032953   0.197956   0.949037   0.154470   0.937704
0.414924   0.236767   0.104751   0.150346   0.964764   0.181492
0.853165   0.517917   0.191704   0.924828   0.921092   0.172289
0.268797   0.171323   0.981648   0.173006   0.924090   0.116327
0.269584   0.205660   0.976180   0.126660   0.975238   0.114077
0.849969   0.937491   0.987723   0.131653   0.193623   0.967720
0.942547   0.429720   0.102380   0.995711   0.139225   0.937299
0.622150   0.086820   0.910894   0.166462   0.992701   0.163050
0.940203   0.874528   0.164907   0.918646   0.148504   0.985034
0.229515   0.811596   0.911303   0.199702   0.907512   0.132911
0.765184   0.368997   0.163673   0.989063   0.961663   0.100956
0.101229   0.574913   0.135342   0.903348   0.155667   0.969456
0.362498   0.412691   0.989062   0.158164   0.989559   0.176584
0.367980   0.603976   0.904939   0.167216   0.939631   0.109459
0.361498   0.309571   0.939696   0.178123   0.928488   0.129788
0.164274   0.457863   0.135883   0.941260   0.164704   0.976063
0.432188   0.385635   0.117862   0.168832   0.972637   0.130119
0.178692   0.705082   0.961777   0.114007   0.991325   0.162122
0.451590   0.802132   0.191995   0.910326   0.949591   0.161820
0.642007   0.093297   0.995786   0.194953   0.968736   0.194739
0.632956   0.887570   0.171931   0.945169   0.985181   0.144164
0.813685   0.452947   0.117195   0.928974   0.936740   0.137531
0.267133   0.376182   0.160665   0.933663   0.173085   0.909094
0.962231   0.800306   0.189043   0.939581   0.150376   0.984032
0.465748   0.170112   0.914759   0.175645   0.986638   0.112682
0.178245   0.477613   0.123735   0.909121   0.152117   0.975791
0.361829   0.566584   0.963683   0.112004   0.956885   0.185683
0.625647   0.070603   0.978730   0.165684   0.960452   0.172744
0.333552   0.414635   0.944596   0.104144   0.973241   0.180961
0.919862   0.399587   0.189629   0.931793   0.177148   0.925980
0.511109   0.871865   0.146686   0.986515   0.966683   0.119689
0.172591   0.844491   0.981711   0.167936   0.962979   0.163238
0.721258   0.575712   0.143869   0.928851   0.967050   0.111086
0.063939   0.445799   0.108533   0.908924   0.129742   0.981637
0.852772   0.832335   0.993535   0.128240   0.134869   0.990811
0.640656   0.135183   0.960097   0.161547   0.964294   0.103830
0.733367   0.765079   0.991769   0.148182   0.118011   0.990128
0.580397   0.746167   0.161801   0.188203   0.950555   0.127872
0.716686   0.289733   0.188318   0.949818   0.966756   0.189704
0.122746   0.265180   0.936357   0.197326   0.975475   0.172684
0.784208   0.477047   0.185689   0.982004   0.995966   0.140367
0.686637   0.304023   0.167619   0.920594   0.920736   0.191189
0.825754   0.375633   0.112864   0.911541   0.974364   0.149679
0.171080   0.216857   0.958687   0.119785   0.914083   0.191793
0.181050   0.430978   0.112621   0.962292   0.171507   0.967994
0.452448   0.631190   0.110356   0.114171   0.953900   0.137481
0.903831   0.413824   0.176820   0.950868   0.122913   0.984437
0.808957   0.180554   0.177763   0.983831   0.926816   0.195401
0.733594   0.797353   0.950169   0.193341   0.188722   0.940321
0.392673   0.432187   0.934770   0.134051   0.919510   0.142895
0.918260   0.881525   0.127531   0.964697   0.181492   0.927686
0.526338   0.376762   0.101025   0.132297   0.916139   0.118361
0.787341   0.687008   0.105318   0.905042   0.985607   0.193171
0.093861   0.555109   0.124252   0.942670   0.140223   0.902994
0.304206   0.596605   0.927085   0.106452   0.925873   0.125757
0.732560   0.557970   0.120413   0.928387   0.972033   0.172232
0.505089   0.461845   0.179887   0.145548   0.922875   0.108867
0.788104   0.727945   0.970828   0.105255   0.197321   0.963350
0.104058   0.213550   0.999597   0.108404   0.951794   0.133150
0.523104   0.305501   0.120558   0.151827   0.930909   0.144953
0.734357   0.419735   0.155136   0.975360   0.977312   0.192222
0.643911   0.845829   0.170650   0.975369   0.929824   0.115881
0.214901   0.673539   0.150702   0.956808   0.119809   0.947518
0.457398   0.320627   0.119489   0.138359   0.957912   0.151221
0.326212   0.410407   0.930268   0.185844   0.970200   0.109595
0.726975   0.900311   0.986449   0.174225   0.128096   0.903665
0.448939   0.694034   0.163521   0.117880   0.904629   0.179386
0.415006   0.847836   0.191893   0.917519   0.932713   0.149842
0.761445   0.239913   0.136241   0.971431   0.918954   0.176496
0.084831   0.241357   0.111092   0.990607   0.189436   0.925892
0.898043   0.896339   0.975660   0.171133   0.181266   0.965764
0.372030   0.769313   0.128479   0.939466   0.925975   0.159900
0.686319   0.434602   0.113722   0.915906   0.938668   0.105465
0.712895   0.409361   0.198672   0.908803   0.992902   0.159246
0.243843   0.150196   0.927463   0.174556   0.988505   0.149270
0.225420   0.173605   0.982944   0.127366   0.940810   0.161634
0.598729   0.696255   0.178552   0.187740   0.963637   0.104864
0.776427   0.037089   0.140427   0.914993   0.909571   0.194356
0.115160   0.481761   0.114615   0.911503   0.139079   0.987082
0.639712   0.651944   0.147238   0.923747   0.975942   0.127611
0.124527   0.525239   0.100868   0.948336   0.183922   0.920612
0.307158   0.747912   0.130788   0.963079   0.991324   0.111623
0.124890   0.921441   0.915468   0.154854   0.929255   0.169821
0.694921   0.494556   0.126159   0.943319   0.926613   0.138326
0.138546   0.155286   0.922233   0.156287   0.959019   0.109671
0.649111   0.108372   0.912668   0.134034   0.922156   0.109245
0.111812   0.256544   0.997711   0.128737   0.929146   0.114396
0.868365   0.851399   0.933506   0.103192   0.174414   0.906228
0.853188   0.798961   0.978789   0.132269   0.187437   0.991999
0.882469   0.302219   0.174000   0.916907   0.938340   0.121176
0.480583   0.722961   0.170276   0.161747   0.966518   0.106545
0.350149   0.554610   0.954461   0.109161   0.973282   0.165720
0.823633   0.723771   0.900545   0.189147   0.151072   0.963937
0.131154   0.650669   0.193318   0.990102   0.103724   0.980944
0.227584   0.446383   0.155995   0.995254   0.191988   0.988319
0.750359   0.251218   0.184596   0.962524   0.995798   0.144713
0.407286   0.206988   0.169527   0.128792   0.916923   0.158068
0.857826   0.686158   0.161413   0.904803   0.902508   0.153907
0.118122   0.810996   0.913940   0.124383   0.987910   0.128780
0.499748   0.160843   0.992692   0.120431   0.968378   0.160254
0.600521   0.622068   0.129893   0.988005   0.911051   0.108243
0.545551   0.844481   0.139521   0.944172   0.950008   0.141563
0.921824   0.268869   0.157622   0.939639   0.151098   0.970115
0.494220   0.279065   0.145020   0.139149   0.948433   0.180671
0.354629   0.814238   0.120933   0.911673   0.906927   0.174088
0.471552   0.192399   0.925296   0.113932   0.907470   0.173553
0.293804   0.102267   0.923146   0.107173   0.944847   0.199773
0.414385   0.507433   0.192890   0.102146   0.980058   0.131573
0.157934   0.934746   0.985518   0.182366   0.974523   0.137521
0.578937   0.789366   0.163872   0.170331   0.967375   0.196106
0.738705   0.458666   0.190618   0.985892   0.967096   0.104793
0.433032   0.517702   0.193031   0.168537   0.975075   0.156386
0.707496   0.202254   0.161310   0.970408   0.998363   0.176310
0.079441   0.439526   0.148245   0.992770   0.138859   0.980113
0.633734   0.115012   0.928777   0.197686   0.930232   0.152930
0.397742   0.875785   0.181336   0.900548   0.953714   0.110161
0.369504   0.416726   0.982493   0.138517   0.987443   0.164747
0.660709   0.030580   0.915927   0.149882   0.958014   0.141052
0.275179   0.729119   0.937049   0.168420   0.951661   0.148612
0.852015   0.568866   0.151289   0.994814   0.915111   0.158888
0.459816   0.757091   0.146177   0.109363   0.939772   0.195289
0.761686   0.108564   0.197123   0.961132   0.966962   0.115847
0.199482   0.984176   0.985061   0.146561   0.939083   0.149276
0.537359   0.262490   0.195267   0.167012   0.956258   0.109688
0.418760   0.404739   0.129050   0.114866   0.922861   0.178875
0.749090   0.356304   0.117777   0.914839   0.990125   0.141517
0.915813   0.091535   0.126942   0.996862   0.199519   0.925262
0.704827   0.035335   0.141415   0.912754   0.921123   0.102022
0.809612   0.698698   0.113161   0.901034   0.902254   0.163215
0.774428   0.472675   0.119910   0.915368   0.902782   0.138721
0.693498   0.500437   0.141329   0.951456   0.996060   0.169298
0.670049   0.433726   0.112094   0.990423   0.985649   0.148779
0.076464   0.340404   0.134008   0.954973   0.149877   0.940234
0.228413   0.311091   0.108927   0.968439   0.168874   0.950908
0.350132   0.886450   0.175927   0.925284   0.969884   0.125803
0.812710   0.765072   0.952529   0.179984   0.156626   0.988034
0.765448   0.878619   0.986148   0.107742   0.186825   0.965909
0.879334   0.321560   0.108741   0.978191   0.904540   0.114458
0.411070   0.098832   0.939995   0.139833   0.918217   0.109250
0.116207   0.562221   0.145780   0.935798   0.152680   0.967946
0.211735   0.562578   0.197322   0.908713   0.142658   0.935366
0.907848   0.617325   0.100341   0.929487   0.170980   0.906422
0.351547   0.524774   0.942965   0.155759   0.985989   0.186091
0.398231   0.607220   0.964703   0.142459   0.953071   0.174167
0.900811   0.324473   0.102851   0.991202   0.188972   0.966768
0.586795   0.559613   0.144070   0.179210   0.907978   0.177427
0.608137   0.302621   0.198150   0.921705   0.997471   0.198667
0.431513   0.606090   0.122367   0.154532   0.901034   0.147915
0.602526   0.515783   0.101016   0.991380   0.932629   0.118798
0.797396   0.400254   0.138792   0.902188   0.907968   0.123547
0.207116   0.883825   0.930794   0.177856   0.969456   0.119107
0.535447   0.197165   0.935660   0.151656   0.951459   0.105002
0.831471   0.363633   0.102662   0.914581   0.920727   0.110862
0.761320   0.780851   0.962920   0.114534   0.163088   0.924274
0.383443   0.208486   0.975424   0.152993   0.922391   0.191331
0.363785   0.689011   0.945455   0.190926   0.939455   0.133181
0.853364   0.245950   0.191380   0.989327   0.941309   0.123708
0.670794   0.750693   0.192859   0.950950   0.927966   0.129808
0.904257   0.391766   0.110307   0.937314   0.187810   0.959366
0.269535   0.058419   0.947801   0.168493   0.912331   0.158536
0.553658   0.794274   0.107221   0.199577   0.944322   0.105218
0.899790   0.859336   0.961351   0.114380   0.100618   0.941251
0.491956   0.652594   0.134624   0.171294   0.955042   0.166129
0.196757   0.888797   0.930825   0.150538   0.936582   0.101212
0.338589   0.326682   0.901936   0.146119   0.935222   0.100086
0.937061   0.711425   0.149562   0.925209   0.181604   0.925329
0.942641   0.883227   0.178872   0.989995   0.118457   0.992536
0.215025   0.972293   0.909646   0.149874   0.915527   0.194531
0.189938   0.460989   0.179489   0.992308   0.119889   0.991603
0.900089   0.570830   0.196419   0.992731   0.153848   0.937569
0.447128   0.249101   0.175205   0.187966   0.904003   0.117270
0.324550   0.381983   0.997117   0.174754   0.993755   0.189541
0.094991   0.805066   0.166250   0.916549   0.151959   0.964412
0.452150   0.950295   0.199361   0.971880   0.948628   0.178979
0.704580   0.051942   0.111379   0.989609   0.934535   0.118298
0.807201   0.757157   0.988690   0.102720   0.129333   0.991077
0.854890   0.407476   0.133206   0.996585   0.933018   0.129333
0.371091   0.278449   0.905600   0.190752   0.945044   0.106956
0.426739   0.598518   0.146057   0.164092   0.975229   0.179008
0.424417   0.982092   0.186903   0.910513   0.982955   0.107881
0.529265   0.872923   0.138441   0.924594   0.906851   0.142373
0.175419   0.874104   0.979099   0.168857   0.980345   0.107568
0.110524   0.318887   0.137163   0.993798   0.183208   0.966742
0.131662   0.804591   0.959709   0.152037   0.937975   0.163260
0.317758   0.620993   0.972108   0.122610   0.916205   0.153352
0.273763   0.458459   0.153937   0.975180   0.117096   0.911241
0.614441   0.435312   0.119531   0.936201   0.989789   0.197385
0.272113   0.034279   0.983128   0.180258   0.923903   0.175833
0.190102   0.052409   0.938954   0.171787   0.975651   0.138644
0.542084   0.856887   0.182242   0.945969   0.920422   0.118286
0.705101   0.218072   0.187177   0.953145   0.938942   0.132797
0.545695   0.825696   0.104571   0.963628   0.983017   0.149443
0.957980   0.134895   0.161604   0.980897   0.192829   0.905686
0.178721   0.115449   0.932840   0.148698   0.965411   0.122868
0.473277   0.274013   0.180571   0.196838   0.967469   0.186467
0.262514   0.243738   0.959955   0.168864   0.949877   0.184044
0.717993   0.743981   0.983736   0.192774   0.111871   0.914692
0.383434   0.646661   0.965721   0.163028   0.994433   0.104438
0.861613   0.888785   0.947191   0.175106   0.124462   0.995708
0.609250   0.562089   0.107710   0.987450   0.964655   0.173759
0.317459   0.571578   0.960864   0.145166   0.952135   0.183160
0.811922   0.915334   0.969542   0.193790   0.180515   0.950854
0.148408   0.258621   0.915093   0.174785   0.990165   0.193883
0.219464   0.102638   0.976480   0.147025   0.916382   0.124328
0.113998   0.685959   0.187419   0.965119   0.114299   0.951488
0.856496   0.638625   0.187608   0.954490   0.958307   0.133756
0.717750   0.820945   0.951731   0.184955   0.127825   0.972541
0.727822   0.173446   0.144552   0.931939   0.904872   0.190037
0.542095   0.784727   0.142277   0.152016   0.913365   0.192095
0.173664   0.499294   0.181543   0.985426   0.100793   0.931087
0.616220   0.832204   0.188916   0.995380   0.900234   0.163876
0.531120   0.623849   0.171277   0.113821   0.923098   0.136657
0.597035   0.872845   0.134066   0.972275   0.963357   0.191967
0.781471   0.858399   0.991450   0.170489   0.179954   0.908449
0.290141   0.040082   0.908992   0.121535   0.985829   0.168682
0.099518   0.182213   0.107694   0.970048   0.187820   0.981827
0.210083   0.860388   0.985247   0.182885   0.923876   0.177470
0.641844   0.089833   0.983534   0.150172   0.976680   0.181831
0.803676   0.752380   0.988797   0.170910   0.121278   0.930600
0.123049   0.254485   0.924232   0.123031   0.926478   0.117359
0.649213   0.341228   0.160614   0.963224   0.902446   0.109027
0.617146   0.194247   0.993402   0.114236   0.916013   0.186114
0.543810   0.636299   0.120698   0.104840   0.966836   0.116261
0.302601   0.385798   0.972826   0.124115   0.964499   0.143501
0.496418   0.451797   0.126930   0.152370   0.993660   0.191781
0.745437   0.157587   0.164070   0.985354   0.973092   0.116291
0.676271   0.699899   0.115670   0.955618   0.940331   0.105527
0.121612   0.732225   0.958380   0.171462   0.960123   0.142661
0.507512   0.576567   0.166217   0.169480   0.928560   0.101197
0.568842   0.331874   0.101561   0.158200   0.958762   0.152579
0.506041   0.260511   0.154173   0.115188   0.966008   0.116486
0.509089   0.898952   0.176339   0.919591   0.955697   0.117429
0.667793   0.021674   0.909745   0.139632   0.987689   0.125506
0.864484   0.535677   0.113858   0.913714   0.982523   0.101749
0.338073   0.783362   0.148294   0.990131   0.954883   0.170150
0.256341   0.691606   0.197006   0.926782   0.131230   0.998158
0.871630   0.268642   0.172407   0.966350   0.964996   0.170584
0.446732   0.672750   0.152757   0.172065   0.921638   0.118452
0.139152   0.203946   0.912994   0.117971   0.979035   0.116629
0.682941   0.179140   0.900171   0.127740   0.918547   0.125606
0.591514   0.733515   0.183525   0.127094   0.942249   0.102754
0.061522   0.340974   0.125942   0.946052   0.134557   0.925070
0.393348   0.390678   0.943266   0.161931   0.964346   0.116606
0.359514   0.662494   0.960231   0.180882   0.918589   0.155896
0.200807   0.413061   0.113137   0.980457   0.139277   0.975338
0.046049   0.087570   0.168843   0.967065   0.166588   0.945272
0.493711   0.578480   0.176045   0.167446   0.932983   0.129584
0.739974   0.670553   0.129990   0.933368   0.960812   0.102070
0.274048   0.333875   0.116221   0.969862   0.177091   0.919817
0.664343   0.470209   0.140268   0.944289   0.987021   0.160820
0.680367   0.039354   0.915736   0.194478   0.987445   0.130122
0.173234   0.545977   0.159700   0.952170   0.149980   0.960658
0.062913   0.068868   0.195032   0.931469   0.110198   0.917995
0.539759   0.624060   0.128056   0.152231   0.904199   0.135912
0.680514   0.660260   0.191763   0.956350   0.903014   0.184170
0.498875   0.285942   0.103385   0.114027   0.941532   0.153250
0.023268   0.058898   0.111755   0.987731   0.131593   0.961263
0.682850   0.398855   0.112737   0.935416   0.955336   0.194021
0.929584   0.881868   0.144492   0.911008   0.135990   0.989792
0.597464   0.866736   0.188842   0.911219   0.948763   0.108208
0.790099   0.671519   0.181365   0.926192   0.958330   0.140862
0.794148   0.394128   0.178366   0.941908   0.920128   0.116069
0.548558   0.838690   0.103788   0.928502   0.937782   0.105533
0.778258   0.145719   0.137660   0.906156   0.923366   0.134696
0.210571   0.378789   0.153099   0.919318   0.155774   0.999551
0.913885   0.839268   0.167091   0.952479   0.146432   0.926849
0.308548   0.557968   0.941472   0.165504   0.993363   0.144251
0.388595   0.376578   0.942382   0.101877   0.901765   0.199027
0.713945   0.418888   0.113668   0.936814   0.922167   0.119918
0.916310   0.876679   0.197694   0.927286   0.126717   0.934585
0.361516   0.194554   0.907249   0.161065   0.912663   0.194823
0.098595   0.293508   0.125793   0.980054   0.134467   0.970460
0.252005   0.808169   0.910452   0.100724   0.966377   0.118266
0.149551   0.187128   0.916449   0.169915   0.970819   0.101692
0.535804   0.632386   0.188782   0.173243   0.984773   0.130226
0.135992   0.652430   0.120026   0.934473   0.150464   0.991687
0.652655   0.748259   0.192831   0.974532   0.951284   0.188265
0.379543   0.841832   0.108955   0.941815   0.972611   0.132515
0.331276   0.912361   0.171935   0.974201   0.936320   0.149560
0.327042   0.069769   0.999902   0.118870   0.989855   0.111636
0.430398   0.119581   0.910395   0.147288   0.973987   0.133531
0.377861   0.878980   0.137699   0.996053   0.982498   0.138180
0.688622   0.415252   0.179789   0.950626   0.907023   0.161168
0.323815   0.873184   0.146577   0.987405   0.906302   0.184794
0.915356   0.120987   0.145549   0.988221   0.149117   0.994540
0.925657   0.905709   0.152021   0.921669   0.167837   0.946953
0.863229   0.457124   0.125517   0.917872   0.987615   0.136091
0.527344   0.428284   0.170596   0.170302   0.999374   0.180754
0.758399   0.672164   0.166585   0.986694   0.955105   0.171347
0.602504   0.875295   0.188824   0.955043   0.971334   0.146947
0.325749   0.569560   0.993277   0.126913   0.941340   0.107494
0.031227   0.421405   0.125971   0.966052   0.158844   0.990668
0.229722   0.891472   0.928215   0.161216   0.984158   0.115650
0.148439   0.882070   0.996497   0.114569   0.937121   0.125230
0.795749   0.445710   0.184844   0.958781   0.949715   0.127893
0.859584   0.560839   0.182491   0.993685   0.946462   0.196835
0.844740   0.477178   0.182530   0.980932   0.997218   0.135570
0.579817   0.621549   0.149265   0.129742   0.959378   0.181676
0.522248   0.611090   0.185179   0.114239   0.930062   0.116107
0.182333   0.808065   0.955307   0.116740   0.929183   0.128983
0.193079   0.409425   0.160881   0.937234   0.184181   0.947990
0.254700   0.046395   0.984059   0.156019   0.970122   0.151842
0.781018   0.187345   0.133555   0.954937   0.944767   0.162656
0.056585   0.598547   0.160822   0.970293   0.115801   0.902323
0.480740   0.656118   0.116315   0.103344   0.910879   0.131492
0.207265   0.644339   0.118964   0.979467   0.194256   0.935129
0.842226   0.268506   0.184098   0.973855   0.903036   0.190563
0.706167   0.934603   0.930440   0.142573   0.196970   0.909562
0.131431   0.642392   0.183566   0.936615   0.141763   0.996337
0.949551   0.877776   0.190401   0.943553   0.151325   0.985262
0.474217   0.224185   0.123680   0.151680   0.942401   0.145772
0.770184   0.198111   0.183497   0.968855   0.904182   0.108880
0.943654   0.481776   0.189073   0.911366   0.138631   0.938546
0.714932   0.229941   0.127254   0.977028   0.996837   0.173796
0.686071   0.797532   0.184061   0.929108   0.942996   0.189115
0.236952   0.260137   0.967920   0.130050   0.992462   0.162868
0.567705   0.445881   0.106602   0.159974   0.957635   0.124717
0.548462   0.556968   0.114947   0.185147   0.902656   0.110684
0.146079   0.125775   0.907704   0.107362   0.954364   0.187823
0.170182   0.455607   0.196181   0.947263   0.197436   0.971971
0.243545   0.252298   0.901928   0.154594   0.935576   0.129617
0.261984   0.963343   0.978924   0.122026   0.941379   0.153332
0.102539   0.760491   0.928885   0.193238   0.998030   0.164217
0.428987   0.247170   0.161432   0.168599   0.945408   0.177466
0.332898   0.134722   0.954308   0.160387   0.989527   0.126012
0.210351   0.377664   0.124735   0.959456   0.127530   0.956782
0.296491   0.374207   0.186646   0.977761   0.145127   0.941448
0.852078   0.925759   0.931287   0.186014   0.178985   0.929055
0.152768   0.144964   0.978172   0.156731   0.932639   0.122888
0.473902   0.153860   0.957107   0.125798   0.960239   0.181720
0.403240   0.383316   0.174736   0.194798   0.990935   0.156788
0.444855   0.693933   0.105300   0.138896   0.909782   0.159780
0.742153   0.722716   0.923727   0.185634   0.194046   0.986990
0.790591   0.123321   0.113267   0.998848   0.952530   0.191578
0.790951   0.586342   0.133732   0.937007   0.964660   0.168331
0.043889   0.199643   0.196816   0.936024   0.165599   0.940820
0.431117   0.724530   0.111325   0.145418   0.982629   0.173045
0.295075   0.829852   0.952628   0.139359   0.941626   0.104048
0.683332   0.299989   0.902068   0.108863   0.939195   0.180498
0.433816   0.887212   0.179598   0.995403   0.942106   0.121501
0.512920   0.565293   0.159378   0.120948   0.977164   0.111275
0.216160   0.697232   0.195555   0.922628   0.106987   0.911532
0.795519   0.066430   0.104272   0.980455   0.960463   0.132623
0.231977   0.844488   0.960436   0.190904   0.944095   0.151592
0.348039   0.877432   0.197617   0.955730   0.925280   0.159805
0.654689   0.037438   0.962079   0.101687   0.945938   0.152189
0.685659   0.331145   0.106325   0.982147   0.955992   0.185916
0.845589   0.392667   0.131030   0.936013   0.994254   0.170790
0.408770   0.660191   0.175436   0.174247   0.930874   0.131466
0.073541   0.101671   0.134731   0.910870   0.184272   0.929039
0.053021   0.020995   0.156109   0.998248   0.190063   0.985455
0.107864   0.465440   0.165707   0.937736   0.126551   0.965688
0.774558   0.248382   0.153090   0.935368   0.955252   0.185019
0.630941   0.346640   0.162965   0.911449   0.958871   0.198199
0.388561   0.323402   0.996769   0.194454   0.917585   0.143260
0.465053   0.753398   0.133083   0.196995   0.958909   0.193872
0.378089   0.342193   0.941495   0.146771   0.983531   0.165197
0.006887   0.187704   0.177629   0.958409   0.152764   0.977007
0.553926   0.828688   0.147768   0.992697   0.992706   0.104450
0.387221   0.077201   0.996692   0.173495   0.966531   0.137768
0.274429   0.096416   0.936757   0.179771   0.914163   0.156937
0.729859   0.401014   0.199806   0.907356   0.994068   0.115813
0.802415   0.131315   0.131646   0.939162   0.995959   0.151134
0.476005   0.513049   0.184219   0.182869   0.994995   0.163434
0.842240   0.517034   0.144765   0.963584   0.991042   0.187351
0.382357   0.807306   0.167152   0.955401   0.991897   0.198408
0.910148   0.104203   0.137010   0.933687   0.181249   0.992838
0.365747   0.915148   0.161781   0.925150   0.921563   0.111973
0.463293   0.074996   0.923746   0.106673   0.962505   0.142583
0.198643   0.404633   0.132295   0.939674   0.142175   0.988101
0.513105   0.524550   0.176456   0.185984   0.999880   0.187542
0.419132   0.351470   0.136697   0.197678   0.961862   0.181841
0.395299   0.799754   0.173800   0.954344   0.976118   0.131308
0.240604   0.688088   0.128914   0.931804   0.127685   0.941250
0.460496   0.678921   0.163644   0.184983   0.902917   0.100225
0.704512   0.850136   0.993700   0.180049   0.119950   0.948536
0.705338   0.449376   0.172220   0.981446   0.939323   0.162902
0.186785   0.114738   0.989004   0.192313   0.966004   0.196285
0.528549   0.951387   0.187251   0.965255   0.992678   0.186555
0.648875   0.815665   0.126120   0.916049   0.957740   0.103417
0.146522   0.273745   0.955893   0.181599   0.976191   0.129713
0.858903   0.211390   0.158713   0.997151   0.930793   0.124771
0.457175   0.726167   0.162727   0.138873   0.954573   0.168346
0.762697   0.665287   0.179859   0.931027   0.932683   0.191355
0.499490   0.199844   0.993788   0.139243   0.936155   0.157235
0.853609   0.148856   0.156786   0.939261   0.960903   0.153966
0.242575   0.416303   0.176075   0.979441   0.156241   0.931608
0.479383   0.386121   0.115392   0.100009   0.945429   0.147869
0.668215   0.273165   0.974446   0.161820   0.964809   0.163778
0.535553   0.895712   0.125714   0.997793   0.961383   0.126329
0.580705   0.218560   0.186161   0.104366   0.938169   0.187781
0.756004   0.758012   0.950646   0.160902   0.114026   0.905112
0.519251   0.187203   0.904275   0.179523   0.923802   0.198811
0.833749   0.430714   0.107027   0.900204   0.941623   0.176849
0.719213   0.156794   0.149331   0.966465   0.982489   0.158409
0.564625   0.142016   0.944458   0.104759   0.901567   0.104175
0.633624   0.350289   0.142426   0.929748   0.921813   0.195022
0.511544   0.881868   0.166325   0.935972   0.900353   0.160006
0.600656   0.265115   0.996132   0.138585   0.960907   0.180073
0.871014   0.532099   0.165211   0.945581   0.911086   0.198377
0.505346   0.364702   0.133545   0.192374   0.976388   0.175303
0.853546   0.819071   0.971688   0.130169   0.141104   0.944361
0.610842   0.391853   0.164420   0.906633   0.977064   0.195354
0.204762   0.676610   0.125506   0.983631   0.112904   0.948594
0.795824   0.476489   0.145855   0.981657   0.900565   0.140497
0.642305   0.110496   0.933297   0.118796   0.941974   0.150894
0.435990   0.379326   0.181960   0.197900   0.901419   0.147818
0.640846   0.902624   0.155517   0.988457   0.916234   0.197430
0.736871   0.696347   0.129984   0.951926   0.964739   0.152040
0.701025   0.784615   0.990160   0.185478   0.193511   0.972801
0.514284   0.405184   0.132577   0.123231   0.997552   0.142638
0.250890   0.593346   0.169700   0.953565   0.139425   0.960829
0.378266   0.226786   0.915029   0.144288   0.986826   0.106055
0.752253   0.249954   0.170552   0.929185   0.979220   0.196848
0.547917   0.703334   0.122299   0.182586   0.913413   0.122884
0.110310   0.751022   0.909519   0.146705   0.986529   0.186098
0.578945   0.490938   0.174518   0.131525   0.972640   0.176012
0.516296   0.059280   0.933329   0.177964   0.969535   0.170271
0.109192   0.699694   0.124958   0.940847   0.121742   0.973999
0.548690   0.453994   0.149975   0.145275   0.906117   0.101771
0.395943   0.415539   0.927871   0.110803   0.996430   0.169871
0.937769   0.536902   0.155983   0.952487   0.189555   0.986115
0.219243   0.806269   0.954158   0.191664   0.933171   0.168057
0.256435   0.853513   0.911324   0.190827   0.993650   0.165977
0.634687   0.265654   0.929864   0.158303   0.971628   0.178170
0.597487   0.688520   0.187382   0.141191   0.922847   0.119582
0.353204   0.847338   0.155021   0.922479   0.971945   0.141612
0.494310   0.138219   0.950447   0.108897   0.968952   0.162021
0.356938   0.662617   0.908517   0.133961   0.980744   0.169897
0.365626   0.621064   0.967781   0.184182   0.940737   0.171697
0.160255   0.972517   0.991042   0.184004   0.955554   0.174587
0.933225   0.207132   0.186473   0.981611   0.110016   0.909472
0.387348   0.630356   0.982836   0.176262   0.949735   0.100487
0.728043   0.533293   0.177462   0.957279   0.953839   0.154260
0.271286   0.060370   0.993811   0.179486   0.990823   0.121996
0.104979   0.084847   0.925220   0.194903   0.987974   0.163985
0.342561   0.621200   0.936710   0.171974   0.995524   0.146839
0.291752   0.742261   0.958369   0.156522   0.958620   0.105842
0.773757   0.090874   0.123962   0.991548   0.979696   0.185112
0.664885   0.291186   0.999569   0.175445   0.996554   0.197648
0.160361   0.715254   0.943063   0.172267   0.964777   0.137156
0.893057   0.413320   0.117193   0.915409   0.947317   0.126173
0.212949   0.268355   0.952296   0.138384   0.913907   0.158694
0.654459   0.597704   0.133378   0.978891   0.946350   0.174622
0.310180   0.690054   0.906344   0.105887   0.942959   0.122728
0.628612   0.522967   0.199499   0.996733   0.923754   0.186572
0.133924   0.578607   0.121084   0.921034   0.122286   0.966099
0.178246   0.809773   0.915513   0.112796   0.987981   0.131789
0.022817   0.552740   0.190700   0.992709   0.164371   0.958075
0.925204   0.103889   0.142756   0.958522   0.134476   0.922142
0.720450   0.176757   0.165694   0.968222   0.927111   0.125176
0.881055   0.524497   0.190723   0.918742   0.905028   0.140277
0.264536   0.245527   0.943600   0.166619   0.915098   0.155686
0.693882   0.890701   0.150147   0.983727   0.991767   0.158758
0.219623   0.658912   0.144552   0.974166   0.165035   0.947530
0.931165   0.495159   0.127254   0.951416   0.140232   0.996452
0.323977   0.926779   0.150584   0.993862   0.921227   0.100385
0.845575   0.131380   0.192624   0.957465   0.935399   0.123671
0.392717   0.575323   0.965742   0.134249   0.946944   0.143266
0.808949   0.276086   0.116146   0.970131   0.932384   0.156279
0.950536   0.693053   0.105538   0.999418   0.186470   0.962135
0.551053   0.908818   0.181798   0.926327   0.956372   0.158967
0.453498   0.931013   0.120830   0.967645   0.994270   0.106127
0.184537   0.173250   0.974688   0.115083   0.938155   0.154004
0.135960   0.383514   0.136993   0.939650   0.184564   0.984273
0.218234   0.899743   0.988858   0.138480   0.982435   0.135459
0.299769   0.388962   0.101890   0.967610   0.135100   0.938390
0.439173   0.601521   0.132600   0.118672   0.950632   0.186197
0.114352   0.849236   0.911126   0.180133   0.940263   0.147696
0.499854   0.812687   0.155427   0.975800   0.929181   0.186069
0.714704   0.179401   0.157073   0.985870   0.905753   0.198966
0.157876   0.108748   0.979203   0.149107   0.906800   0.199170
0.178090   0.629280   0.156382   0.928128   0.163878   0.949771
0.170367   0.394948   0.191217   0.991558   0.196816   0.972477
0.952888   0.671567   0.194817   0.973678   0.144286   0.967128
0.105471   0.356053   0.158403   0.929036   0.190064   0.947960
0.765472   0.871082   0.918276   0.132045   0.146511   0.997253
0.184240   0.458181   0.138085   0.984152   0.164612   0.927525
0.821721   0.922539   0.982576   0.142500   0.143023   0.916565
0.632595   0.353447   0.109175   0.999701   0.913577   0.123123
0.419901   0.420877   0.185866   0.146855   0.936857   0.147955
0.288892   0.697299   0.102541   0.996135   0.101439   0.980902
0.299165   0.149262   0.984607   0.116339   0.999835   0.133199
0.105435   0.542870   0.167621   0.998368   0.159402   0.987367
0.255676   0.244708   0.920372   0.108650   0.942682   0.124784
0.315114   0.113774   0.907280   0.174938   0.937030   0.186792
0.163748   0.727137   0.915212   0.168967   0.950120   0.182154
0.568075   0.342576   0.104944   0.154191   0.980363   0.102944
0.915178   0.174710   0.186250   0.948463   0.168851   0.976225
0.630464   0.011720   0.962438   0.167196   0.948967   0.197893
0.214544   0.273494   0.940549   0.193603   0.984810   0.175945
0.308263   0.553651   0.912013   0.100090   0.909305   0.155273
0.747870   0.916460   0.975110   0.114473   0.187079   0.912155
0.434876   0.292011   0.146192   0.130821   0.903624   0.159376
0.431462   0.712998   0.194369   0.157343   0.961431   0.199629
0.124136   0.843852   0.904131   0.141425   0.990403   0.108131
0.622257   0.170064   0.992001   0.114430   0.922777   0.165847
0.094990   0.344136   0.165196   0.982620   0.125635   0.978656
0.402540   0.120493   0.959889   0.186660   0.913213   0.179718
0.805499   0.242058   0.162063   0.979413   0.913081   0.129242
0.847915   0.033481   0.115699   0.918299   0.922847   0.186083
0.316323   0.093743   0.962179   0.106605   0.920761   0.120649
0.719728   0.548742   0.136625   0.990532   0.993654   0.163096
0.912407   0.873205   0.179692   0.921785   0.187118   0.934753
0.878401   0.085063   0.112548   0.969636   0.949457   0.139413
0.879361   0.729325   0.963690   0.160979   0.182915   0.907611
0.924100   0.226204   0.145142   0.985090   0.177363   0.977236
0.571044   0.304055   0.151580   0.189042   0.927670   0.196197
0.399850   0.233355   0.961695   0.179071   0.919165   0.180880
0.485236   0.598499   0.182277   0.180816   0.925536   0.125619
0.819290   0.335213   0.150637   0.964915   0.912438   0.108482
0.682390   0.888224   0.186065   0.964405   0.965765   0.103584
0.379102   0.919006   0.192730   0.917341   0.958307   0.106136
0.641327   0.713359   0.164639   0.914867   0.973602   0.168816
0.659068   0.322482   0.187086   0.932200   0.911737   0.162212
0.693001   0.266678   0.909272   0.103496   0.973714   0.123935
0.783929   0.648392   0.116303   0.974234   0.916837   0.199645
0.536460   0.209824   0.144183   0.148473   0.929923   0.164335
0.500576   0.247011   0.107502   0.106327   0.950717   0.122276
0.973472   0.144957   0.180670   0.930135   0.141179   0.934609
0.881936   0.657673   0.142034   0.927737   0.918978   0.164009
0.839008   0.934093   0.963881   0.128406   0.136874   0.953677
0.228706   0.785775   0.937775   0.176876   0.955643   0.187955
0.548340   0.834300   0.104193   0.961537   0.969381   0.118918
0.455317   0.452175   0.176920   0.105559   0.907051   0.110394
0.128748   0.396026   0.139389   0.987030   0.124857   0.960726
0.575783   0.246174   0.162458   0.178802   0.916992   0.169713
0.648833   0.306336   0.129709   0.992235   0.947440   0.160321
0.699938   0.608546   0.181072   0.991466   0.937841   0.178129
0.214446   0.646139   0.100822   0.934738   0.185641   0.995905
0.867433   0.212235   0.144750   0.939121   0.940713   0.128932
0.923562   0.057070   0.165738   0.976685   0.143691   0.970859
0.175430   0.805328   0.902494   0.116175   0.981001   0.166737
0.928179   0.729572   0.113137   0.946426   0.143863   0.926228
0.579392   0.407387   0.189238   0.159300   0.994121   0.183062
0.271583   0.538973   0.183890   0.939694   0.113911   0.963439
0.465626   0.579096   0.103388   0.180775   0.966187   0.150166
0.411299   0.565419   0.152265   0.147525   0.978487   0.174230
0.078715   0.538595   0.102475   0.912219   0.180234   0.977452
0.754970   0.935438   0.968522   0.151270   0.173320   0.979396
0.919232   0.149843   0.143918   0.928619   0.144885   0.949039
0.190481   0.533105   0.111118   0.972936   0.153364   0.921805
0.026472   0.232273   0.152005   0.972803   0.110774   0.940231
0.124238   0.938576   0.912215   0.138394   0.946999   0.178748
0.843470   0.469827   0.131144   0.953692   0.917832   0.151205
0.890917   0.457664   0.135200   0.963549   0.924533   0.115314
0.495739   0.322849   0.175178   0.104488   0.926924   0.155080
0.694846   0.219445   0.912393   0.189053   0.984629   0.106640
0.085250   0.503224   0.179590   0.967593   0.130120   0.995975
0.661536   0.216751   0.979930   0.175442   0.946210   0.177142
0.508754   0.533277   0.167162   0.166513   0.911880   0.192440
0.795254   0.838148   0.931106   0.124535   0.122961   0.951412
0.135352   0.581479   0.147397   0.984143   0.100393   0.906031
0.427659   0.900957   0.102563   0.948215   0.961393   0.168169
0.718147   0.144089   0.176197   0.962956   0.910716   0.131536
0.139925   0.511474   0.175591   0.943881   0.160334   0.996904
0.519042   0.591596   0.127289   0.195575   0.982045   0.199391
0.683980   0.117549   0.986381   0.150179   0.976970   0.138339
0.384431   0.762840   0.100157   0.947652   0.983363   0.154992
0.953820   0.462636   0.169744   0.994978   0.115268   0.977576
0.668933   0.684271   0.102235   0.931280   0.992229   0.187607
0.738232   0.553077   0.111393   0.918568   0.996687   0.146417
0.221459   0.671964   0.169136   0.923915   0.178158   0.911342
0.199847   0.026020   0.957979   0.112422   0.932140   0.169061
0.781462   0.918780   0.980016   0.127775   0.180224   0.939641
0.079150   0.367105   0.143424   0.974625   0.113079   0.967260
0.396383   0.485967   0.978447   0.194401   0.971585   0.175011
0.296998   0.768320   0.977008   0.168016   0.904789   0.105853
0.093498   0.703691   0.175394   0.956640   0.192958   0.954194
0.685242   0.271176   0.960840   0.198050   0.911612   0.151629
0.457964   0.864195   0.171969   0.975222   0.925076   0.126116
0.905411   0.586677   0.104575   0.904026   0.112710   0.984901
0.075331   0.697089   0.194917   0.976401   0.159561   0.983400
0.200362   0.363003   0.173390   0.958900   0.151781   0.918196
0.269238   0.920451   0.922838   0.173412   0.932061   0.135026
0.064590   0.658011   0.190153   0.941673   0.115914   0.978428
0.195553   0.213556   0.930566   0.145719   0.985217   0.155201
0.699417   0.091828   0.944778   0.145369   0.988452   0.101318
0.553521   0.235208   0.190342   0.160282   0.907238   0.154350
0.652139   0.455605   0.122023   0.951130   0.945783   0.148873
0.498759   0.562277   0.186756   0.124893   0.988914   0.181209
0.414741   0.404055   0.133119   0.103204   0.912696   0.154952
0.907260   0.159334   0.141244   0.926727   0.126991   0.914649
0.672921   0.429491   0.165252   0.937628   0.931668   0.197923
0.459020   0.683672   0.196398   0.186986   0.991833   0.152227
0.530576   0.346198   0.110347   0.177000   0.902165   0.148986
0.370311   0.577185   0.993023   0.177101   0.973634   0.144735
0.763540   0.228243   0.152910   0.932316   0.940583   0.117622
0.344470   0.110309   0.927735   0.189145   0.955880   0.189659
0.059072   0.487582   0.191826   0.917930   0.101079   0.909827
0.098086   0.250701   0.171893   0.998512   0.192321   0.923256
0.930838   0.733256   0.182364   0.974562   0.122071   0.910419
0.306402   0.757849   0.149967   0.913798   0.956270   0.139342
0.616750   0.339850   0.139134   0.999432   0.930077   0.119664
0.329469   0.263445   0.987241   0.161838   0.929181   0.137136
0.506770   0.862278   0.145410   0.953824   0.930705   0.180146
0.522190   0.898646   0.128500   0.936650   0.900236   0.141997
0.175575   0.424278   0.146709   0.987810   0.105610   0.904980
0.388966   0.779241   0.102461   0.920598   0.965614   0.177847
0.738642   0.925250   0.901235   0.176871   0.195100   0.929457
