0.152978   0.674928   0.078364   0.551950   0.105082   0.998033   0.142057   0.934728
0.250892   0.185868   0.911476   0.830249   0.115140   0.927424   0.185520   0.912822
0.511601   0.439261   0.932066   0.871104   0.038379   0.001443   0.929752   0.116869
0.186281   0.272629   0.111814   0.717177   0.166808   0.907053   0.104858   0.946557
0.116755   0.489502   0.559438   0.361982   0.159231   0.973401   0.115592   0.920943
0.548342   0.569644   0.169749   0.806255   0.052829   0.027629   0.932165   0.197296
0.112285   0.482257   0.294795   0.045041   0.102011   0.973061   0.136580   0.981269
0.564529   0.830297   0.618352   0.326326   0.081148   0.935804   0.031792   0.980565
0.631885   0.796883   0.541223   0.433909   0.067989   0.941370   0.066004   0.970885
0.811453   0.793674   0.265976   0.315168   0.978168   0.065871   0.049765   0.946217
0.816121   0.619996   0.175722   0.890236   0.993255   0.050094   0.081787   0.972642
0.127631   0.477558   0.534605   0.301899   0.182849   0.907392   0.174824   0.967258
0.331291   0.440110   0.336749   0.626410   0.940910   0.193462   0.989569   0.176999
0.611855   0.212549   0.183807   0.587150   0.193809   0.069766   0.990287   0.163489
0.832573   0.402001   0.842081   0.328666   0.966621   0.024739   0.088140   0.940769
0.064335   0.133720   0.264877   0.971601   0.199280   0.907321   0.120761   0.910903
0.358343   0.847554   0.793151   0.648166   0.134783   0.054348   0.917052   0.176447
0.942886   0.849157   0.314559   0.751496   0.929920   0.070369   0.006531   0.903974
0.670988   0.317599   0.431881   0.635208   0.120736   0.929664   0.936683   0.109096
0.249987   0.439195   0.451181   0.295441   0.174285   0.969567   0.126020   0.905330
0.197455   0.149231   0.345462   0.628833   0.138968   0.965464   0.124122   0.937465
0.781116   0.049688   0.620490   0.893012   0.167179   0.989878   0.966785   0.174480
0.290837   0.889609   0.369153   0.561456   0.984716   0.180689   0.941490   0.114993
0.238074   0.693187   0.453456   0.327312   0.940783   0.110604   0.901477   0.124744
0.769163   0.758919   0.948319   0.946582   0.976592   0.199719   0.156897   0.940279
0.754937   0.746939   0.203637   0.256961   0.941980   0.107011   0.135856   0.977725
0.272318   0.339566   0.263325   0.730219   0.177737   0.945883   0.158939   0.952431
0.683266   0.105818   0.584707   0.072812   0.106811   0.014449   0.917181   0.137065
0.490115   0.589046   0.914310   0.604974   0.049104   0.036251   0.910719   0.194943
0.297505   0.217931   0.068536   0.673397   0.195187   0.969911   0.190843   0.972101
0.168915   0.369724   0.924388   0.181778   0.162011   0.945541   0.187155   0.900920
0.353985   0.755269   0.201480   0.585581   0.170495   0.098059   0.993998   0.160503
0.113599   0.433783   0.747250   0.369865   0.127849   0.985219   0.180766   0.970080
0.812741   0.848454   0.294340   0.358877   0.963980   0.041604   0.058281   0.912949
0.370175   0.633529   0.488276   0.419038   0.904596   0.103510   0.928700   0.140131
0.383609   0.806395   0.744096   0.159502   0.167154   0.098988   0.934833   0.102521
0.115761   0.630159   0.730882   0.241164   0.116739   0.928861   0.173166   0.904654
0.660032   0.857540   0.876762   0.305487   0.990462   0.163600   0.051413   0.172157
0.401745   0.548742   0.095913   0.098274   0.956863   0.168969   0.990925   0.110937
0.117889   0.209803   0.137979   0.624967   0.154207   0.977215   0.130476   0.946746
0.440130   0.777176   0.685631   0.512580   0.123044   0.072092   0.936207   0.199899
0.818950   0.678267   0.513445   0.439394   0.931035   0.036241   0.042044   0.979218
0.106415   0.602368   0.634772   0.684558   0.180968   0.914355   0.137766   0.904212
0.590003   0.396233   0.330127   0.227263   0.115810   0.933384   0.995843   0.162234
0.782181   0.810810   0.771153   0.418490   0.971398   0.150273   0.136625   0.969000
0.635650   0.535090   0.604929   0.254143   0.115177   0.938919   0.975380   0.147442
0.889592   0.712972   0.847308   0.804670   0.920475   0.073777   0.007064   0.946305
0.668860   0.057059   0.108241   0.596074   0.101066   0.069896   0.980961   0.184198
0.591240   0.217899   0.687717   0.846411   0.118003   0.023958   0.989057   0.116337
0.737570   0.194649   0.746304   0.051580   0.150787   0.930298   0.986276   0.166514
0.799699   0.639622   0.505039   0.634387   0.959836   0.167274   0.183418   0.904909
0.266848   0.217564   0.483402   0.692968   0.191905   0.945088   0.123481   0.986460
0.722409   0.977898   0.824699   0.806351   0.969719   0.158798   0.123070   0.953876
0.742680   0.425318   0.431774   0.895497   0.167092   0.928037   0.949425   0.117322
0.562964   0.572220   0.913136   0.681525   0.104941   0.963249   0.041891   0.120768
0.907519   0.153800   0.892013   0.369437   0.989083   0.061434   0.063212   0.946299
0.751492   0.222424   0.609330   0.969628   0.189787   0.983220   0.914320   0.127983
0.837771   0.284553   0.653337   0.436750   0.930947   0.081649   0.031687   0.992491
0.912997   0.878666   0.382178   0.632307   0.936460   0.002419   0.071705   0.952941
0.318181   0.401653   0.221965   0.275976   0.975497   0.188201   0.973556   0.160523
0.539435   0.047770   0.535188   0.701599   0.963466   0.179618   0.932847   0.104665
0.862349   0.501203   0.902559   0.703076   0.930104   0.075476   0.004172   0.953554
0.270979   0.376529   0.145082   0.861489   0.113075   0.964348   0.127539   0.915360
0.356818   0.709826   0.916302   0.515499   0.132377   0.044249   0.046448   0.171457
0.846097   0.341904   0.388787   0.742753   0.963161   0.055334   0.024023   0.900016
0.471511   0.284868   0.137486   0.651378   0.081719   0.128714   0.907364   0.194372
0.672349   0.373505   0.268873   0.668869   0.173792   0.948334   0.903254   0.190688
0.900551   0.396830   0.420351   0.816231   0.987779   0.010720   0.089629   0.941677
0.249434   0.136771   0.401949   0.353437   0.149115   0.941544   0.154989   0.980877
0.183144   0.144435   0.275330   0.376801   0.152473   0.942508   0.155240   0.989912
0.290124   0.452743   0.168759   0.128079   0.100274   0.996513   0.130221   0.997019
0.785067   0.540056   0.380599   0.133177   0.964024   0.133003   0.127501   0.984918
0.104525   0.857723   0.133089   0.629589   0.191844   0.905107   0.185166   0.932853
0.284443   0.079917   0.356007   0.767885   0.109946   0.950504   0.192990   0.959543
0.232722   0.179753   0.628332   0.201947   0.180769   0.962925   0.140518   0.970650
0.158199   0.417989   0.940934   0.457263   0.130356   0.975044   0.103418   0.994057
0.383639   0.092596   0.186972   0.903746   0.954758   0.081577   0.196314   0.962778
0.619599   0.411945   0.063803   0.058541   0.109072   0.940281   0.924090   0.182483
0.469387   0.694654   0.827155   0.333091   0.061353   0.020361   0.907127   0.159806
0.614620   0.131039   0.442389   0.045952   0.111681   0.059263   0.998081   0.116789
0.570940   0.320247   0.573038   0.554074   0.163278   0.920072   0.965329   0.195403
0.414760   0.152675   0.563303   0.352554   0.973361   0.003137   0.110257   0.984400
0.366372   0.318620   0.734979   0.400773   0.989697   0.169156   0.928228   0.134356
0.400995   0.402604   0.226929   0.788350   0.943813   0.194456   0.980163   0.169291
0.466150   0.631079   0.377602   0.113485   0.079424   0.018122   0.984381   0.190924
0.764698   0.118703   0.712573   0.186224   0.170345   0.949553   0.997220   0.120642
0.361355   0.538417   0.787546   0.150509   0.951035   0.150007   0.969166   0.141604
0.329132   0.533216   0.618608   0.552465   0.924670   0.137649   0.904162   0.152074
0.507134   0.566339   0.815595   0.497474   0.055431   0.081853   0.987305   0.114809
0.871898   0.708544   0.814928   0.620430   0.914855   0.073234   0.035667   0.980417
0.408000   0.148502   0.703084   0.914868   0.905806   0.002797   0.113963   0.964034
0.577097   0.261150   0.803276   0.219044   0.179552   0.069037   0.051499   0.108995
0.498849   0.600879   0.839157   0.718258   0.092638   0.076294   0.913882   0.124331
0.519200   0.749416   0.739347   0.712353   0.144713   0.083839   0.998170   0.199365
0.767465   0.079584   0.201728   0.132926   0.166375   0.902407   0.914940   0.161572
0.263859   0.118721   0.928706   0.201077   0.108108   0.989353   0.176896   0.901459
0.366646   0.381614   0.263549   0.747294   0.995103   0.126491   0.953203   0.157819
0.833422   0.155352   0.860295   0.896534   0.946991   0.075545   0.014111   0.910663
0.276100   0.545849   0.871433   0.772021   0.977996   0.175550   0.934405   0.109718
0.908333   0.308414   0.713254   0.512001   0.961921   0.064996   0.096803   0.908554
0.302664   0.359014   0.863037   0.912442   0.946842   0.172614   0.040465   0.188868
0.713140   0.036953   0.154371   0.144156   0.150379   0.922940   0.941791   0.107947
0.407610   0.369978   0.854730   0.809905   0.991316   0.171250   0.086682   0.185658
0.376648   0.219495   0.745056   0.821901   0.904935   0.050345   0.103883   0.958366
0.960327   0.411339   0.158858   0.560217   0.921018   0.040548   0.094352   0.926043
0.142758   0.377591   0.474397   0.081232   0.131018   0.957418   0.115384   0.979804
0.420331   0.422466   0.078743   0.691600   0.956237   0.138297   0.971266   0.124979
0.856174   0.365368   0.544216   0.571015   0.931088   0.064068   0.090430   0.951485
0.332046   0.857557   0.383815   0.481595   0.153377   0.037267   0.921402   0.102100
0.099717   0.104601   0.832557   0.838556   0.184449   0.960653   0.130166   0.959894
0.559294   0.504462   0.267500   0.467632   0.132551   0.975892   0.918040   0.118796
0.357334   0.500782   0.748910   0.872570   0.945649   0.192030   0.910847   0.127200
0.512465   0.776637   0.129988   0.767415   0.142081   0.014000   0.981463   0.140452
0.335243   0.833392   0.765303   0.051710   0.156746   0.096817   0.915827   0.188294
0.803846   0.902498   0.861230   0.746351   0.933294   0.033390   0.098653   0.968143
0.211455   0.848993   0.569924   0.773863   0.941795   0.195348   0.994859   0.197203
0.226467   0.739834   0.415486   0.261768   0.979230   0.149502   0.995025   0.167392
0.315740   0.667467   0.745952   0.083007   0.983606   0.174432   0.927558   0.130300
0.841351   0.500317   0.333033   0.227314   0.985929   0.089946   0.031388   0.913298
0.178707   0.253591   0.418989   0.740256   0.176831   0.971002   0.146062   0.967947
0.135715   0.628521   0.788690   0.084104   0.142620   0.952017   0.120678   0.928336
0.100919   0.170911   0.892764   0.332099   0.171389   0.911133   0.181524   0.990121
0.883039   0.341648   0.281278   0.668853   0.949508   0.097391   0.000163   0.917490
0.294777   0.209610   0.197434   0.892824   0.135693   0.923527   0.192793   0.986988
0.646544   0.896676   0.068026   0.591114   0.026976   0.972934   0.029247   0.935077
0.880689   0.575958   0.343956   0.877567   0.944558   0.026439   0.071135   0.991148
0.235884   0.247292   0.880753   0.556252   0.164942   0.955180   0.124976   0.983919
0.366006   0.710793   0.446975   0.533636   0.177353   0.014651   0.972848   0.197199
0.035634   0.110368   0.021276   0.701937   0.153535   0.942497   0.135871   0.914689
0.842862   0.834355   0.822610   0.113710   0.949360   0.094278   0.085847   0.906696
0.667992   0.098415   0.221590   0.146424   0.138315   0.094972   0.968058   0.188812
0.203161   0.433862   0.913366   0.302908   0.158384   0.975889   0.183734   0.913954
0.647425   0.792855   0.199100   0.122530   0.055770   0.987728   0.071626   0.979335
0.753559   0.683415   0.632982   0.902992   0.998100   0.158242   0.140224   0.982717
0.871619   0.559804   0.237946   0.134193   0.926856   0.034041   0.094596   0.974350
0.418698   0.935878   0.394085   0.187333   0.185708   0.017596   0.980662   0.150655
0.449267   0.876951   0.740379   0.847153   0.162556   0.010425   0.986884   0.101948
0.532890   0.524899   0.599239   0.348779   0.013477   0.029366   0.938271   0.194945
0.250657   0.492600   0.352961   0.583507   0.172996   0.987749   0.179605   0.943371
0.351571   0.471801   0.346412   0.227285   0.905878   0.164892   0.941505   0.124241
0.381965   0.942358   0.949087   0.941350   0.182204   0.060055   0.065106   0.174553
0.435742   0.868150   0.089333   0.628922   0.190312   0.064614   0.988157   0.198468
0.763165   0.483101   0.933685   0.492082   0.159149   0.967432   0.901431   0.154048
0.315896   0.564026   0.795982   0.244968   0.992190   0.190049   0.947852   0.198791
0.879072   0.779739   0.133826   0.096320   0.942128   0.057759   0.067042   0.970458
0.659136   0.915322   0.632528   0.916831   0.066131   0.962389   0.154869   0.971518
0.362774   0.073127   0.870671   0.077341   0.967103   0.095958   0.190255   0.904085
0.265759   0.271392   0.898611   0.474219   0.143702   0.933217   0.175407   0.952935
0.277200   0.637668   0.184746   0.516095   0.997571   0.101873   0.945032   0.121475
0.718622   0.327157   0.800062   0.339329   0.130168   0.982799   0.908406   0.115197
0.495964   0.753966   0.654017   0.189550   0.108986   0.941628   0.961493   0.125710
0.791131   0.775528   0.189387   0.864581   0.908655   0.101863   0.184964   0.976516
0.332032   0.291633   0.008813   0.689664   0.913001   0.050990   0.194184   0.935492
0.187013   0.066355   0.133825   0.305651   0.125647   0.944838   0.161423   0.988103
0.286999   0.432627   0.094562   0.222108   0.146492   0.915096   0.102854   0.993732
0.636982   0.404206   0.382743   0.120667   0.155181   0.939108   0.914421   0.194522
0.493429   0.561095   0.597944   0.671281   0.070187   0.089359   0.973886   0.190247
0.495191   0.355712   0.370847   0.741944   0.057608   0.047164   0.997264   0.112648
0.126711   0.716355   0.445865   0.184847   0.131199   0.990470   0.103549   0.932476
0.417058   0.341900   0.796455   0.127554   0.960710   0.176107   0.979110   0.110987
0.623571   0.553176   0.489669   0.751343   0.173271   0.906418   0.916334   0.107830
0.721143   0.139583   0.252752   0.303614   0.184821   0.945655   0.940267   0.142555
0.573724   0.253931   0.746178   0.188100   0.186971   0.047964   0.925747   0.198559
0.370871   0.088414   0.582455   0.331030   0.908704   0.033169   0.124954   0.988552
0.529917   0.733522   0.790665   0.123593   0.146414   0.968560   0.989555   0.115697
0.678912   0.145786   0.579138   0.785759   0.138037   0.029820   0.952581   0.156812
0.976795   0.179899   0.879869   0.465694   0.921486   0.002046   0.015386   0.989023
0.690595   0.391825   0.459267   0.409329   0.122179   0.962955   0.990055   0.165306
0.690700   0.191184   0.229988   0.437309   0.171251   0.066194   0.986249   0.137543
0.099849   0.589879   0.332208   0.204244   0.100368   0.915700   0.142306   0.945534
0.803141   0.210134   0.037561   0.128153   0.930538   0.036677   0.048973   0.948275
0.646320   0.431621   0.429241   0.779440   0.147785   0.935769   0.934102   0.163452
0.562161   0.794951   0.328942   0.799097   0.007999   0.929796   0.053473   0.966052
0.466777   0.562791   0.790584   0.683810   0.011136   0.049158   0.914752   0.118332
0.144099   0.891274   0.283656   0.377940   0.147205   0.927366   0.112838   0.994220
0.667607   0.360027   0.313361   0.450784   0.161567   0.991678   0.980420   0.169179
0.663600   0.553846   0.713540   0.344768   0.155848   0.928505   0.934737   0.196295
0.904321   0.481170   0.100617   0.700716   0.922823   0.085702   0.035974   0.932875
0.738805   0.204878   0.906231   0.778079   0.114360   0.917467   0.962849   0.104640
0.704589   0.627714   0.777711   0.636477   0.910854   0.126423   0.135812   0.996273
0.400122   0.861306   0.748172   0.360569   0.179427   0.068089   0.993196   0.149095
0.463898   0.755010   0.071156   0.821065   0.112434   0.068112   0.997096   0.156475
0.553030   0.813779   0.437556   0.613772   0.047627   0.929555   0.028797   0.928653
0.178708   0.675805   0.507360   0.346041   0.107874   0.990768   0.100875   0.986150
0.800133   0.148182   0.907593   0.921191   0.951720   0.079485   0.017769   0.971045
0.925156   0.086607   0.651695   0.427488   0.987725   0.060370   0.069708   0.959955
0.870443   0.788817   0.695521   0.097304   0.933261   0.046364   0.090288   0.907993
0.519182   0.886584   0.753107   0.108424   0.197130   0.909793   0.920101   0.141572
0.152378   0.708023   0.831624   0.528618   0.171362   0.942849   0.118222   0.940781
0.110852   0.383739   0.778234   0.853466   0.105785   0.949494   0.199240   0.949535
0.256286   0.054248   0.319865   0.961819   0.160928   0.962344   0.184873   0.997350
0.867773   0.966110   0.529121   0.846345   0.909190   0.089541   0.061437   0.974800
0.903818   0.432489   0.539016   0.806896   0.924838   0.052385   0.026191   0.959635
0.087561   0.367374   0.966774   0.785467   0.162742   0.989501   0.146779   0.932782
0.617430   0.601034   0.418690   0.784329   0.188597   0.970626   0.992238   0.154259
0.541533   0.344085   0.804889   0.486863   0.095698   0.076796   0.975242   0.172713
0.159223   0.754103   0.578057   0.788695   0.115645   0.902778   0.149350   0.911911
0.350638   0.541184   0.605031   0.544643   0.966506   0.195612   0.938756   0.182006
0.115517   0.585314   0.257774   0.286518   0.147171   0.972603   0.119458   0.979102
0.640009   0.555565   0.784771   0.711130   0.100061   0.970039   0.983319   0.114772
0.357595   0.743261   0.075734   0.115816   0.111375   0.046961   0.980115   0.146096
0.192460   0.217865   0.216053   0.777564   0.105554   0.956623   0.176396   0.927402
0.523049   0.330372   0.534926   0.342588   0.075254   0.004572   0.922921   0.182614
0.142916   0.467785   0.073512   0.038928   0.175455   0.916289   0.153904   0.954026
0.327671   0.763607   0.048431   0.476180   0.179215   0.054665   0.910760   0.182737
0.621172   0.638832   0.787601   0.059669   0.134063   0.940401   0.961930   0.111037
0.589926   0.279390   0.644662   0.084615   0.177368   0.016028   0.988867   0.167026
0.688829   0.227648   0.454236   0.746209   0.163431   0.099922   0.987397   0.181704
0.570170   0.926457   0.866222   0.568480   0.051837   0.919655   0.157532   0.942558
0.252562   0.808604   0.737795   0.272348   0.934427   0.165620   0.932945   0.101679
0.266341   0.298754   0.815055   0.591082   0.171463   0.927684   0.184690   0.993623
0.646941   0.477865   0.232864   0.932414   0.157561   0.984061   0.924277   0.137631
0.302396   0.868271   0.786931   0.280148   0.191694   0.062239   0.923518   0.132943
0.226781   0.140542   0.231680   0.549303   0.146828   0.901607   0.104182   0.939481
0.320753   0.281803   0.659714   0.794839   0.948708   0.066239   0.175216   0.952687
0.810283   0.809837   0.620558   0.357070   0.969921   0.021772   0.049589   0.917204
0.726195   0.199751   0.946711   0.558941   0.195852   0.990169   0.929399   0.193815
0.782169   0.215983   0.447286   0.159940   0.123708   0.993461   0.958445   0.181372
0.917957   0.746701   0.751911   0.646781   0.971497   0.019672   0.045245   0.910487
0.538544   0.496412   0.361753   0.805653   0.045805   0.076533   0.915126   0.106222
0.460856   0.107197   0.181986   0.446358   0.016064   0.181236   0.978369   0.160359
0.093773   0.575134   0.952645   0.500656   0.101573   0.900951   0.109324   0.977330
0.889085   0.538527   0.258411   0.473875   0.995473   0.020826   0.080718   0.983546
0.069627   0.047828   0.736707   0.710659   0.105981   0.923236   0.112973   0.970172
0.368326   0.699680   0.547094   0.571612   0.973738   0.147663   0.935906   0.155373
0.743996   0.492215   0.921035   0.300844   0.107579   0.930197   0.903424   0.173175
0.178060   0.083454   0.038449   0.308950   0.123092   0.917010   0.193538   0.938290
0.341517   0.468573   0.107327   0.131235   0.907901   0.129707   0.999810   0.165859
0.240204   0.362688   0.348033   0.349028   0.145665   0.912207   0.195745   0.972545
0.227719   0.701619   0.445519   0.237064   0.993430   0.185846   0.996543   0.144236
0.848063   0.731196   0.610360   0.322752   0.923786   0.015612   0.024171   0.919806
0.816405   0.290244   0.204814   0.352463   0.951870   0.066481   0.014684   0.905770
0.165513   0.717887   0.483264   0.917968   0.155024   0.992329   0.162556   0.917349
0.705881   0.437613   0.497517   0.140104   0.121414   0.918726   0.940253   0.120994
0.232215   0.867248   0.922158   0.431613   0.979478   0.140528   0.942362   0.133810
0.396030   0.503197   0.627754   0.461233   0.952569   0.113134   0.908787   0.132794
0.411508   0.953594   0.191479   0.244447   0.104303   0.073533   0.990502   0.112933
0.540620   0.721092   0.847864   0.113181   0.111056   0.977312   0.070254   0.106358
0.493107   0.852993   0.211518   0.772496   0.130972   0.085238   0.973533   0.135417
0.420341   0.570707   0.400585   0.073855   0.947331   0.123693   0.912337   0.132182
0.170217   0.863891   0.482679   0.609764   0.143683   0.992517   0.129418   0.976366
0.300103   0.521088   0.955734   0.115292   0.924136   0.113188   0.014553   0.106368
0.204584   0.414339   0.895014   0.250221   0.168074   0.927278   0.175932   0.954622
0.419427   0.511799   0.689810   0.198302   0.930308   0.139057   0.919510   0.101575
0.758330   0.442677   0.325738   0.927352   0.150577   0.936010   0.960764   0.109141
0.164170   0.748779   0.898798   0.178903   0.104006   0.960179   0.107603   0.980848
0.140323   0.470811   0.432556   0.706811   0.101540   0.937226   0.143296   0.944846
0.478212   0.843225   0.148180   0.312995   0.149735   0.956788   0.946892   0.135193
0.195972   0.022587   0.233942   0.316339   0.134329   0.956075   0.104812   0.931823
0.752395   0.558395   0.863876   0.781161   0.950558   0.153181   0.172611   0.958542
0.896346   0.757723   0.484161   0.622145   0.976826   0.026811   0.098912   0.924252
0.592944   0.373372   0.133073   0.959403   0.190246   0.988805   0.985047   0.178925
0.608475   0.162453   0.199542   0.065221   0.156172   0.008150   0.983937   0.118167
0.895742   0.775440   0.588482   0.584203   0.947381   0.006418   0.016756   0.966521
0.830254   0.918062   0.145606   0.386148   0.909126   0.046814   0.042684   0.997544
0.392593   0.625471   0.722805   0.137844   0.948907   0.194687   0.909201   0.184704
0.421891   0.748757   0.106989   0.842957   0.179530   0.043688   0.988682   0.151485
0.140980   0.792179   0.437220   0.466338   0.151731   0.950030   0.147826   0.935811
0.948816   0.826420   0.868386   0.133629   0.963294   0.076143   0.067193   0.986056
0.324798   0.484634   0.934964   0.150372   0.944325   0.121699   0.045546   0.114800
0.597467   0.182972   0.227632   0.252357   0.151234   0.002797   0.914320   0.101263
0.569497   0.382636   0.908511   0.484798   0.163984   0.964090   0.094289   0.101764
0.220791   0.635583   0.106135   0.642367   0.993949   0.148299   0.959601   0.150608
0.229292   0.397877   0.860759   0.662327   0.157280   0.940569   0.176215   0.964660
0.057787   0.231001   0.602240   0.298588   0.190215   0.984376   0.188201   0.983631
0.170086   0.120261   0.886352   0.308525   0.102503   0.933653   0.180371   0.964750
0.434787   0.856890   0.299645   0.104120   0.182109   0.065942   0.993879   0.131137
0.464454   0.218362   0.877914   0.154240   0.965551   0.162015   0.012469   0.124369
0.986444   0.055273   0.100102   0.764212   0.990356   0.004637   0.049853   0.931112
0.383100   0.898140   0.470070   0.697832   0.118904   0.057857   0.967319   0.100265
0.474593   0.521366   0.549706   0.287682   0.084810   0.003056   0.958651   0.160368
0.749260   0.416438   0.615950   0.530820   0.144382   0.970239   0.990317   0.177888
0.746970   0.802010   0.251878   0.730620   0.983219   0.100398   0.173554   0.910428
0.253717   0.355832   0.317579   0.371848   0.119832   0.939545   0.128071   0.954039
0.806459   0.887979   0.422434   0.745394   0.953070   0.086563   0.026311   0.943344
0.471510   0.924272   0.545633   0.907524   0.195223   0.927908   0.954567   0.139808
0.084759   0.783769   0.038075   0.649290   0.100413   0.907592   0.155095   0.968515
0.806401   0.833561   0.792326   0.271289   0.957401   0.087746   0.092950   0.999996
0.070051   0.559042   0.844211   0.701545   0.146735   0.921747   0.142802   0.941718
0.357122   0.967797   0.562457   0.442779   0.177837   0.017132   0.989468   0.174130
0.062437   0.765254   0.761937   0.941248   0.159083   0.932806   0.130314   0.995034
0.376090   0.750783   0.811347   0.182137   0.164837   0.093355   0.025321   0.136778
0.437162   0.229107   0.372622   0.204168   0.943013   0.054423   0.195228   0.947617
0.581853   0.572150   0.878659   0.213767   0.138596   0.973937   0.005649   0.161771
0.083977   0.873092   0.337473   0.277139   0.178097   0.968086   0.197491   0.915645
0.052665   0.358778   0.351665   0.130597   0.197335   0.929808   0.146465   0.938392
0.706564   0.458062   0.725176   0.475846   0.106247   0.930833   0.962329   0.127821
0.296188   0.367530   0.172484   0.568092   0.172280   0.992888   0.168605   0.948923
0.224182   0.540744   0.843050   0.195483   0.960586   0.117555   0.967111   0.116247
0.718698   0.224462   0.466043   0.282064   0.133311   0.906344   0.936289   0.167543
0.933559   0.194443   0.679595   0.199503   0.989167   0.095014   0.069924   0.952452
0.248587   0.815332   0.324761   0.459771   0.915218   0.164519   0.982962   0.170369
0.697656   0.178550   0.328862   0.157355   0.133293   0.094179   0.954981   0.104445
0.398814   0.129115   0.245618   0.568927   0.947076   0.076818   0.104325   0.988114
0.724963   0.045940   0.895267   0.370517   0.171053   0.955161   0.974073   0.103762
0.164743   0.344424   0.196905   0.607757   0.194232   0.923939   0.149470   0.918987
0.521414   0.769924   0.780692   0.177239   0.140407   0.977041   0.909140   0.178372
0.132512   0.928255   0.165312   0.600646   0.105187   0.946410   0.160088   0.980338
0.507564   0.066645   0.415317   0.260524   0.931156   0.107464   0.962355   0.188772
0.235491   0.093258   0.334275   0.662940   0.135775   0.943485   0.142870   0.990035
0.248871   0.324150   0.352331   0.158637   0.148936   0.900036   0.177499   0.964398
0.504790   0.219039   0.116917   0.786641   0.093051   0.187581   0.905468   0.180779
0.339723   0.451925   0.614156   0.818219   0.952434   0.132616   0.997387   0.164759
0.708013   0.067802   0.807231   0.760474   0.186644   0.971023   0.905086   0.130942
0.318059   0.587251   0.667013   0.470963   0.979347   0.127894   0.924132   0.170210
0.742941   0.560188   0.501434   0.721604   0.956381   0.106310   0.133925   0.983764
0.156069   0.630244   0.532510   0.237489   0.151478   0.926273   0.132733   0.972409
0.607596   0.675303   0.536992   0.268994   0.142289   0.922829   0.924019   0.137474
0.137754   0.181737   0.734990   0.732715   0.194398   0.959069   0.137730   0.987344
0.261953   0.250742   0.077663   0.495670   0.112502   0.997998   0.167688   0.969976
0.709904   0.433228   0.031021   0.974302   0.123583   0.922618   0.918215   0.172377
0.342229   0.822283   0.222664   0.484889   0.155693   0.070324   0.944155   0.143417
0.359255   0.306101   0.698766   0.115883   0.944389   0.137572   0.931493   0.165411
0.958171   0.537901   0.287156   0.374624   0.933660   0.059143   0.003631   0.945080
0.668907   0.940624   0.611785   0.518382   0.000838   0.970711   0.198935   0.994191
0.467904   0.524206   0.250292   0.617133   0.096280   0.046542   0.970643   0.106714
0.206315   0.528848   0.145313   0.721296   0.929013   0.177189   0.928593   0.177170
0.350087   0.798592   0.497199   0.223482   0.137244   0.023656   0.987610   0.195741
0.637223   0.930934   0.908134   0.901929   0.017780   0.926475   0.148652   0.966903
0.414444   0.837088   0.613403   0.326456   0.155227   0.049840   0.951077   0.182521
0.658163   0.582227   0.239056   0.111132   0.116177   0.974466   0.930509   0.177447
0.451767   0.669540   0.076196   0.759702   0.078055   0.059721   0.971536   0.196762
0.474624   0.840452   0.839752   0.251368   0.161967   0.991534   0.012441   0.184698
0.400304   0.478263   0.337263   0.405962   0.953098   0.168781   0.983436   0.183244
0.841617   0.713139   0.378393   0.547673   0.988496   0.074942   0.049960   0.921512
0.432757   0.889228   0.373563   0.486896   0.129050   0.092951   0.963564   0.184356
0.372304   0.509137   0.747215   0.925452   0.914128   0.136754   0.989095   0.131362
0.256219   0.845729   0.745868   0.089697   0.994093   0.149897   0.996188   0.186454
0.580462   0.906757   0.896829   0.759060   0.087813   0.943315   0.102804   0.911648
0.442388   0.285906   0.064232   0.923233   0.994299   0.069242   0.114840   0.950865
0.306212   0.965599   0.514812   0.196384   0.196491   0.034630   0.930568   0.136476
0.734276   0.670933   0.814601   0.234327   0.978236   0.186497   0.176528   0.947830
0.048227   0.216399   0.828573   0.962740   0.173652   0.927468   0.151130   0.971171
0.420562   0.249856   0.407455   0.247925   0.984110   0.078488   0.172593   0.901824
0.192860   0.077657   0.687902   0.440336   0.168750   0.906902   0.146331   0.980796
0.889448   0.109203   0.561133   0.705369   0.963112   0.081002   0.083556   0.912483
0.289090   0.131319   0.710817   0.104122   0.120507   0.937685   0.164104   0.998496
0.273080   0.841052   0.204760   0.398564   0.940259   0.108896   0.965685   0.126848
0.530018   0.170356   0.564270   0.911324   0.071882   0.114148   0.918451   0.176184
0.562555   0.352815   0.874268   0.470755   0.182714   0.905920   0.050744   0.101753
0.102432   0.910691   0.517444   0.292575   0.155752   0.914748   0.199699   0.940346
0.637276   0.340820   0.933510   0.577358   0.121518   0.923506   0.035066   0.117778
0.628401   0.390252   0.828848   0.234467   0.140447   0.956853   0.097586   0.143424
0.120373   0.122204   0.385789   0.305359   0.158625   0.922487   0.186942   0.944919
0.670275   0.614709   0.768754   0.296242   0.141275   0.991530   0.935217   0.180829
0.557540   0.506549   0.311458   0.338332   0.157917   0.943133   0.919700   0.130058
0.155638   0.831346   0.666734   0.619426   0.193185   0.978811   0.125848   0.992955
0.540284   0.908768   0.746347   0.153458   0.177859   0.984677   0.983597   0.100847
0.719148   0.454458   0.915271   0.084894   0.133140   0.953953   0.925913   0.161313
0.202505   0.134853   0.648305   0.431445   0.118366   0.972462   0.180790   0.915168
0.882464   0.258643   0.254845   0.739626   0.939885   0.064196   0.068035   0.921804
0.342092   0.828511   0.134009   0.927734   0.162643   0.015558   0.950766   0.173741
0.023008   0.881755   0.275611   0.579253   0.109247   0.983274   0.194443   0.951909
0.823861   0.615232   0.103205   0.744639   0.942982   0.033752   0.040438   0.980826
0.867843   0.382522   0.772190   0.807565   0.925357   0.001730   0.066522   0.966550
0.496262   0.758205   0.160212   0.718658   0.103781   0.002940   0.902272   0.197323
0.776209   0.186257   0.626371   0.547019   0.168147   0.917589   0.978945   0.149225
0.466794   0.827680   0.245187   0.877670   0.194901   0.068307   0.977906   0.179234
0.033828   0.450265   0.296378   0.211427   0.128544   0.943584   0.158974   0.942242
0.430786   0.460097   0.968357   0.618568   0.970133   0.126126   0.049346   0.171132
0.750653   0.389388   0.331521   0.087881   0.192617   0.918444   0.930591   0.152557
0.801064   0.265762   0.836177   0.891439   0.922446   0.018895   0.027173   0.906226
0.220409   0.369514   0.790635   0.427242   0.121649   0.974214   0.135341   0.965549
0.839909   0.550327   0.570399   0.354218   0.957361   0.071178   0.063339   0.984948
0.741794   0.112878   0.600335   0.875489   0.115350   0.929267   0.936534   0.162538
0.906683   0.052224   0.198054   0.078533   0.959820   0.050791   0.015659   0.938368
0.902465   0.918059   0.482160   0.767440   0.997239   0.084128   0.047047   0.945962
0.121016   0.140319   0.357997   0.563907   0.132008   0.976508   0.199249   0.911773
0.405886   0.786608   0.580149   0.189441   0.147027   0.008930   0.901883   0.153757
0.743742   0.399233   0.516952   0.563240   0.131084   0.966946   0.925303   0.109864
0.048669   0.355356   0.568869   0.292862   0.122549   0.927895   0.117681   0.982859
0.195811   0.199781   0.922147   0.280237   0.168989   0.969568   0.100247   0.956523
0.614862   0.271555   0.636641   0.041668   0.195265   0.091772   0.900194   0.146785
0.852856   0.528363   0.160476   0.096047   0.909282   0.035178   0.022953   0.999239
0.070322   0.291770   0.502643   0.133864   0.137483   0.904514   0.168026   0.953302
0.419338   0.858874   0.703548   0.124164   0.168968   0.038118   0.930472   0.192477
0.679913   0.109542   0.897836   0.852424   0.185026   0.024460   0.073672   0.105056
0.647466   0.054513   0.888580   0.363656   0.195826   0.078106   0.066074   0.169710
0.301023   0.910805   0.865801   0.772233   0.110979   0.027901   0.060261   0.103172
0.801997   0.505518   0.927119   0.355546   0.926784   0.098133   0.024551   0.970582
0.289850   0.951468   0.420169   0.900265   0.917831   0.171167   0.930195   0.145802
0.381224   0.501662   0.165595   0.168024   0.952681   0.165314   0.955472   0.139526
0.468079   0.618458   0.072800   0.883224   0.077827   0.045992   0.915242   0.184163
0.865475   0.118632   0.359473   0.173284   0.976833   0.060547   0.019361   0.936949
0.120250   0.399655   0.113343   0.376574   0.151101   0.970042   0.184160   0.971818
0.254900   0.718092   0.166025   0.429304   0.994861   0.117971   0.933042   0.173857
0.485693   0.361574   0.412586   0.591594   0.022258   0.054071   0.992802   0.117844
0.094727   0.763536   0.948069   0.438710   0.152586   0.944472   0.124091   0.921655
0.711848   0.379629   0.455004   0.367726   0.138465   0.946990   0.989678   0.134934
0.770073   0.612204   0.560209   0.280239   0.979518   0.171561   0.170975   0.959713
0.279589   0.888278   0.172682   0.636706   0.928367   0.133910   0.906876   0.143341
0.433036   0.265642   0.442084   0.220818   0.907082   0.041960   0.155995   0.992288
0.146584   0.863281   0.886254   0.088328   0.137471   0.986424   0.127537   0.965459
0.296532   0.891817   0.404824   0.709816   0.982804   0.147324   0.959012   0.176750
0.611787   0.329070   0.288697   0.674750   0.177505   0.966828   0.965426   0.128135
0.826564   0.035556   0.836152   0.384614   0.920123   0.085791   0.072551   0.915777
0.353309   0.909579   0.411852   0.582236   0.171760   0.007494   0.993168   0.186469
0.835466   0.964992   0.185280   0.194671   0.936374   0.016080   0.068150   0.911880
0.255975   0.784541   0.697975   0.684459   0.931866   0.109514   0.918575   0.140381
0.767939   0.659376   0.814064   0.155825   0.929677   0.195677   0.186319   0.967436
0.486570   0.430567   0.465056   0.378840   0.043803   0.068540   0.954180   0.123468
0.473645   0.244873   0.738677   0.695400   0.062020   0.153089   0.994034   0.103910
0.139563   0.480130   0.369684   0.493776   0.126485   0.968446   0.142365   0.949045
0.241311   0.298402   0.116171   0.091082   0.154068   0.923516   0.178838   0.928058
0.506735   0.154650   0.884252   0.592476   0.981101   0.191259   0.050865   0.109212
0.176669   0.381238   0.263998   0.467260   0.160899   0.907544   0.130413   0.965966
0.692814   0.508247   0.478983   0.162768   0.107552   0.955356   0.947013   0.187388
0.672208   0.277650   0.656801   0.162753   0.148053   0.069247   0.995854   0.149209
0.609288   0.623817   0.940884   0.164472   0.116118   0.923369   0.069915   0.122875
0.426941   0.505305   0.073872   0.695452   0.975563   0.108810   0.953932   0.179756
0.469288   0.109931   0.700648   0.349685   0.944660   0.191885   0.934210   0.101328
0.286379   0.104942   0.174659   0.767956   0.113397   0.988787   0.197352   0.922790
0.048996   0.278600   0.701868   0.293053   0.165456   0.929915   0.149082   0.926242
0.406577   0.747084   0.452550   0.380000   0.154400   0.065838   0.997403   0.191713
0.835271   0.660757   0.362287   0.693662   0.995370   0.013138   0.076202   0.941299
0.597869   0.583216   0.637978   0.527645   0.180779   0.928656   0.941556   0.145393
0.077645   0.266351   0.523683   0.706451   0.147101   0.977811   0.131545   0.962950
0.621311   0.764923   0.705598   0.355465   0.014308   0.939030   0.038348   0.968753
0.517858   0.521007   0.422768   0.737066   0.017317   0.093085   0.970346   0.192545
0.624975   0.324880   0.275351   0.297945   0.165330   0.967455   0.901791   0.105781
0.874868   0.379182   0.392199   0.896268   0.925455   0.002171   0.050230   0.962857
0.259986   0.358424   0.457137   0.542377   0.102786   0.943281   0.115788   0.924291
0.677309   0.377006   0.604916   0.225961   0.138860   0.967738   0.964117   0.194564
0.579249   0.761985   0.903412   0.527531   0.903443   0.123635   0.003219   0.102231
0.821347   0.420105   0.320078   0.755948   0.979931   0.038995   0.090980   0.900469
0.675121   0.076671   0.244392   0.528842   0.137394   0.097965   0.951088   0.176669
0.399998   0.680541   0.340516   0.502528   0.919043   0.177081   0.955772   0.166375
0.180445   0.666445   0.840718   0.211147   0.165933   0.935435   0.138438   0.993458
0.619706   0.818910   0.878066   0.815036   0.991609   0.106299   0.016851   0.132535
0.222951   0.270108   0.407333   0.920849   0.134232   0.941447   0.195685   0.979987
0.532234   0.837920   0.911929   0.462873   0.120130   0.931451   0.088152   0.184719
0.149390   0.783953   0.212335   0.107845   0.156769   0.900342   0.160881   0.915153
0.190213   0.644460   0.844828   0.540505   0.105654   0.958245   0.185964   0.997933
0.825562   0.107004   0.878359   0.564778   0.970987   0.091096   0.078664   0.900151
0.427698   0.773364   0.946037   0.509016   0.130918   0.052224   0.031377   0.188908
0.271680   0.270925   0.144713   0.380783   0.181534   0.901752   0.144995   0.932870
0.892842   0.479970   0.526199   0.667862   0.991698   0.092421   0.024781   0.912845
0.133112   0.732333   0.090745   0.720142   0.120720   0.984802   0.109516   0.903217
0.265052   0.048057   0.948799   0.177657   0.133685   0.943272   0.173143   0.948106
0.934600   0.789504   0.119880   0.816408   0.957145   0.092466   0.072696   0.961251
0.516996   0.613377   0.788771   0.716435   0.062675   0.075626   0.997761   0.147667
0.143459   0.697885   0.099221   0.903297   0.130506   0.995393   0.143505   0.920822
0.821741   0.681440   0.587841   0.520224   0.925432   0.018562   0.071259   0.912140
0.597187   0.107862   0.965915   0.934838   0.125157   0.037628   0.049568   0.185762
0.345597   0.435144   0.090180   0.381993   0.940433   0.195478   0.985929   0.136318
0.691199   0.275143   0.624731   0.476383   0.144829   0.048533   0.915786   0.105360
0.688234   0.520389   0.259338   0.791695   0.121485   0.948960   0.904850   0.118386
0.125964   0.200390   0.324945   0.423892   0.134260   0.980111   0.126575   0.933971
0.525760   0.765195   0.283445   0.689550   0.154576   0.061626   0.902728   0.134760
0.775961   0.346600   0.659923   0.334757   0.172959   0.950044   0.992508   0.109884
0.418670   0.871700   0.720847   0.187704   0.147404   0.014471   0.906373   0.178694
0.744884   0.693296   0.700232   0.230649   0.914267   0.133358   0.161767   0.956228
0.306836   0.033541   0.752340   0.389623   0.987013   0.046749   0.161436   0.985795
0.948368   0.852868   0.142998   0.314930   0.917433   0.083984   0.054737   0.932640
0.657610   0.459343   0.616139   0.445917   0.174869   0.905404   0.958271   0.133022
0.765359   0.610210   0.101343   0.164266   0.926760   0.127314   0.151119   0.933135
0.653815   0.598262   0.886583   0.299038   0.166262   0.925268   0.094300   0.141233
0.751653   0.662535   0.920816   0.049440   0.902938   0.157396   0.109359   0.993685
0.319971   0.529656   0.595699   0.801619   0.954843   0.191595   0.959274   0.124564
0.093272   0.445639   0.532707   0.011004   0.125204   0.918565   0.179822   0.922338
0.503780   0.659413   0.638594   0.654793   0.057398   0.023198   0.974336   0.116233
0.312991   0.217467   0.893095   0.398898   0.012421   0.161043   0.072307   0.131934
0.318926   0.297892   0.863868   0.163297   0.032339   0.141395   0.093977   0.111389
0.276974   0.749339   0.851076   0.362494   0.903739   0.139544   0.990384   0.192148
0.372124   0.188137   0.246533   0.792137   0.960695   0.024798   0.199910   0.967145
0.365832   0.394986   0.762042   0.604767   0.948205   0.122778   0.905079   0.119029
0.477845   0.157117   0.082914   0.152947   0.913470   0.137606   0.972615   0.190367
0.108464   0.617268   0.147974   0.095289   0.108660   0.918079   0.108446   0.941892
0.657915   0.680306   0.296633   0.605108   0.193859   0.985536   0.980632   0.192753
0.659129   0.192739   0.486775   0.778893   0.184336   0.090486   0.901918   0.103487
0.612733   0.711150   0.593034   0.104013   0.039252   0.921400   0.013795   0.967743
0.677411   0.290802   0.139208   0.530162   0.197295   0.081463   0.971278   0.154706
0.435956   0.314708   0.867405   0.579022   0.931869   0.111349   0.036999   0.110636
0.413968   0.926894   0.617996   0.098444   0.149154   0.094907   0.958367   0.147900
0.398539   0.261179   0.123356   0.688279   0.965306   0.064841   0.198521   0.925256
0.060332   0.581382   0.912313   0.179149   0.166114   0.945775   0.185939   0.984155
0.430939   0.530998   0.081611   0.457768   0.911205   0.165661   0.904890   0.155018
0.438166   0.272986   0.710741   0.463697   0.921938   0.087658   0.127273   0.952877
0.670821   0.133015   0.357937   0.451896   0.167592   0.087684   0.968735   0.115898
0.227565   0.317106   0.741256   0.446755   0.112379   0.978638   0.129740   0.928092
0.583200   0.814876   0.385860   0.889557   0.009883   0.985411   0.049058   0.946092
0.143118   0.285850   0.111951   0.948204   0.136410   0.975317   0.166102   0.922961
0.555104   0.140770   0.131489   0.178260   0.124103   0.045540   0.963557   0.177444
0.732500   0.171170   0.833141   0.329259   0.109217   0.948096   0.949419   0.180860
0.121010   0.434601   0.560897   0.172945   0.100941   0.940463   0.146777   0.911032
0.645615   0.410905   0.487267   0.781034   0.146712   0.959769   0.925103   0.146645
0.269806   0.910995   0.858310   0.695389   0.910808   0.190422   0.907939   0.117097
0.781135   0.346686   0.009759   0.822592   0.122238   0.949262   0.924182   0.114428
0.138692   0.549638   0.610337   0.117211   0.108881   0.924914   0.165774   0.966926
0.017960   0.265653   0.375955   0.634512   0.102032   0.934480   0.186761   0.908285
0.766501   0.373187   0.039841   0.782458   0.191578   0.966936   0.997610   0.102928
0.367808   0.535224   0.647049   0.408864   0.929047   0.152387   0.917602   0.161876
0.403214   0.410577   0.119922   0.445698   0.995290   0.182138   0.917778   0.177806
0.160082   0.359330   0.647929   0.758984   0.185857   0.972626   0.147020   0.992322
0.876134   0.146636   0.083729   0.302974   0.965985   0.044100   0.040046   0.969194
0.375312   0.638413   0.125298   0.742614   0.948489   0.124784   0.975157   0.131833
0.260305   0.659960   0.622507   0.808912   0.938270   0.151130   0.955282   0.174339
0.528363   0.114790   0.292834   0.455388   0.070024   0.133301   0.916151   0.117493
0.689987   0.758560   0.664233   0.636768   0.073077   0.997017   0.056772   0.950762
0.350020   0.546696   0.261016   0.663729   0.967866   0.171683   0.927602   0.141460
0.455722   0.133992   0.582396   0.144824   0.944004   0.112117   0.954113   0.147326
0.233912   0.326456   0.961953   0.705240   0.145334   0.932022   0.151777   0.967743
0.479739   0.639298   0.877809   0.026788   0.039227   0.061755   0.931729   0.197272
0.359509   0.346972   0.371315   0.908565   0.933527   0.194524   0.922328   0.108371
0.893704   0.229902   0.511423   0.080821   0.953027   0.028219   0.004655   0.956654
0.262449   0.708348   0.286964   0.747717   0.916946   0.150039   0.911068   0.145682
0.520036   0.677453   0.356024   0.423744   0.050184   0.069839   0.948384   0.155980
0.941857   0.178256   0.839489   0.094577   0.973833   0.004202   0.061351   0.984691
0.208346   0.104073   0.730527   0.724100   0.123436   0.911431   0.130450   0.950458
0.380959   0.147192   0.309811   0.449060   0.918342   0.059324   0.187475   0.906764
0.292807   0.880439   0.500574   0.892423   0.966259   0.130890   0.956310   0.191672
0.497480   0.246339   0.902252   0.846200   0.960828   0.149663   0.051622   0.129724
0.635121   0.511502   0.248196   0.090952   0.164900   0.939845   0.982941   0.143571
0.391293   0.832313   0.899586   0.741926   0.110056   0.050966   0.038742   0.195714
0.343283   0.536182   0.781047   0.660036   0.908881   0.121755   0.929709   0.191058
0.109169   0.338371   0.161264   0.165696   0.167450   0.981576   0.131749   0.965849
0.528771   0.629640   0.790415   0.221115   0.052432   0.055620   0.950522   0.131579
0.354437   0.276357   0.205375   0.130100   0.937420   0.092958   0.176039   0.900944
0.272576   0.396485   0.219601   0.093241   0.130818   0.934239   0.112343   0.988902
0.736890   0.121944   0.271424   0.204429   0.191455   0.950923   0.939788   0.147760
0.502746   0.728256   0.123540   0.385777   0.112089   0.967873   0.989473   0.142172
0.393950   0.890975   0.690124   0.824836   0.184738   0.083370   0.911041   0.152528
0.919013   0.129676   0.964423   0.146484   0.983008   0.031449   0.010087   0.932346
0.849707   0.315496   0.918747   0.385945   0.931054   0.028112   0.012807   0.968803
0.372949   0.847247   0.557596   0.760264   0.171868   0.000440   0.901746   0.112259
0.197604   0.057725   0.782460   0.626184   0.167340   0.957791   0.194149   0.989821
0.791310   0.885192   0.184689   0.263208   0.911032   0.155845   0.102952   0.921181
0.548714   0.846123   0.114186   0.464102   0.167592   0.959694   0.916708   0.133114
0.222212   0.062573   0.904997   0.456707   0.104725   0.941883   0.153425   0.961480
0.147738   0.070601   0.525548   0.599918   0.103963   0.911813   0.188439   0.913104
0.493548   0.135312   0.975879   0.768543   0.923660   0.111079   0.045149   0.116273
0.565379   0.730321   0.647971   0.703488   0.044368   0.999658   0.067516   0.976288
0.764027   0.643553   0.821150   0.757978   0.907473   0.185407   0.162037   0.934958
0.888315   0.225515   0.171977   0.753511   0.916386   0.039965   0.021256   0.986072
0.624326   0.385899   0.611096   0.283640   0.103610   0.988333   0.940594   0.162094
0.588172   0.415253   0.113987   0.820202   0.100808   0.999087   0.922377   0.151448
0.344564   0.257734   0.903480   0.050428   0.064084   0.155332   0.095489   0.129544
0.541016   0.492264   0.864506   0.105402   0.029496   0.040313   0.914657   0.191690
0.812437   0.344702   0.267713   0.281302   0.939959   0.068202   0.076083   0.952693
0.848919   0.690843   0.071687   0.338067   0.997871   0.044507   0.074568   0.960328
0.176553   0.788716   0.808508   0.613497   0.166940   0.966791   0.193414   0.955239
0.724660   0.409845   0.653076   0.753706   0.115078   0.917072   0.928573   0.179337
0.650229   0.910498   0.280773   0.138753   0.070047   0.906854   0.129232   0.946778
0.206834   0.169847   0.684830   0.699734   0.122692   0.922271   0.130522   0.973116
0.259032   0.924204   0.135227   0.456844   0.907891   0.113283   0.935666   0.127483
0.689168   0.131285   0.835399   0.538227   0.121262   0.088265   0.056638   0.126797
0.899862   0.856246   0.744486   0.664071   0.984872   0.075155   0.062661   0.931164
0.365891   0.585164   0.055005   0.462957   0.979515   0.113139   0.925683   0.122465
0.318920   0.063173   0.235579   0.659730   0.934597   0.092637   0.139105   0.900552
0.170338   0.547088   0.396670   0.088127   0.164799   0.979934   0.139472   0.968605
0.414345   0.861939   0.497005   0.732070   0.169138   0.068354   0.940279   0.118487
0.615601   0.368059   0.388628   0.552205   0.170334   0.994169   0.909523   0.121777
0.384472   0.410547   0.961646   0.646398   0.994580   0.168515   0.082461   0.123624
0.428283   0.122258   0.586291   0.571769   0.956027   0.013970   0.133256   0.908997
0.233061   0.149922   0.049322   0.061316   0.163224   0.987290   0.100900   0.987253
0.125261   0.450949   0.851411   0.249961   0.114087   0.911833   0.149775   0.933827
0.345134   0.897411   0.622865   0.357764   0.122180   0.032981   0.978190   0.189959
0.931365   0.214824   0.271058   0.282396   0.936962   0.095651   0.017690   0.922808
0.649904   0.790096   0.470651   0.645929   0.049567   0.913065   0.018288   0.902316
0.694229   0.170366   0.321356   0.890893   0.161270   0.098013   0.967862   0.112823
0.496875   0.838347   0.172007   0.271538   0.186575   0.920147   0.922024   0.161242
0.723971   0.212778   0.749552   0.198703   0.151830   0.953348   0.995778   0.156596
0.068857   0.572608   0.956015   0.770394   0.120360   0.916390   0.128931   0.979942
0.345527   0.426684   0.604052   0.957770   0.976653   0.165370   0.936678   0.103296
0.436847   0.201886   0.532113   0.315393   0.907204   0.043445   0.166836   0.993031
0.219088   0.158595   0.299185   0.627294   0.184101   0.974904   0.143963   0.960101
0.322469   0.372418   0.235132   0.506008   0.937370   0.153165   0.969889   0.108042
0.314276   0.586589   0.720342   0.152140   0.912556   0.155234   0.928256   0.111794
0.677130   0.882894   0.065827   0.400374   0.043235   0.996816   0.032506   0.911486
0.613271   0.717096   0.278830   0.747952   0.083834   0.999470   0.071174   0.955493
0.151099   0.427324   0.222738   0.284162   0.154296   0.998585   0.119971   0.950629
0.225120   0.885649   0.278479   0.615583   0.960084   0.163505   0.906534   0.159838
0.365443   0.295077   0.854184   0.816689   0.041193   0.162863   0.018938   0.129982
0.180620   0.668142   0.808541   0.214727   0.112512   0.944720   0.169881   0.992593
0.397154   0.412785   0.761108   0.910654   0.950483   0.117842   0.987947   0.161982
0.368261   0.782369   0.370214   0.890312   0.148035   0.036502   0.955363   0.115533
0.116647   0.419458   0.257548   0.605604   0.164826   0.991142   0.196090   0.920156
0.179020   0.387252   0.406402   0.209859   0.133302   0.922970   0.164321   0.952600
0.338489   0.864827   0.098203   0.874756   0.138963   0.013696   0.909918   0.142010
0.093669   0.448894   0.126275   0.886826   0.137891   0.934866   0.152276   0.998645
0.451006   0.562270   0.563689   0.864360   0.010671   0.012213   0.943845   0.133874
0.392458   0.779080   0.179507   0.952412   0.102973   0.026702   0.903185   0.141295
0.456531   0.379176   0.877430   0.206923   0.046664   0.000049   0.985953   0.145984
0.325714   0.810985   0.874603   0.805713   0.107295   0.071223   0.028215   0.153585
0.576554   0.578239   0.403887   0.298486   0.184870   0.901959   0.971524   0.104821
0.900333   0.363375   0.299563   0.408527   0.934736   0.047172   0.061714   0.912981
0.487817   0.164337   0.441445   0.452015   0.055004   0.117713   0.917853   0.121752
0.450375   0.907115   0.791550   0.455290   0.166227   0.928277   0.995835   0.199746
0.602231   0.297275   0.409036   0.246177   0.196884   0.085390   0.972970   0.135640
0.703906   0.623994   0.914193   0.318018   0.984338   0.181326   0.168101   0.920076
0.159935   0.022319   0.895342   0.076451   0.128739   0.958864   0.184470   0.922214
0.819365   0.570028   0.722103   0.028960   0.916223   0.030697   0.011989   0.909296
0.704718   0.679529   0.204338   0.900333   0.904495   0.143182   0.105211   0.916121
0.868898   0.677823   0.125770   0.771177   0.996770   0.069960   0.047125   0.927469
0.823281   0.448827   0.782076   0.619706   0.971520   0.042333   0.060349   0.958098
0.847174   0.141039   0.887795   0.719862   0.994154   0.044530   0.069043   0.962239
0.044622   0.519740   0.842879   0.269504   0.184602   0.950515   0.177397   0.938521
0.288003   0.886865   0.782808   0.560746   0.973454   0.121369   0.907950   0.156036
0.681965   0.951015   0.167634   0.069568   0.013555   0.900170   0.102445   0.915823
0.342595   0.775438   0.573469   0.125869   0.186802   0.073807   0.913626   0.160357
0.320373   0.688066   0.553185   0.198331   0.984656   0.150896   0.926638   0.104437
0.204681   0.370532   0.208799   0.232123   0.183786   0.988778   0.133240   0.982442
0.226309   0.052650   0.168611   0.517809   0.168247   0.920024   0.162558   0.959659
0.252525   0.937212   0.235884   0.676756   0.949444   0.128041   0.926169   0.164241
0.872082   0.435124   0.471821   0.369778   0.953172   0.029869   0.072890   0.976043
0.779350   0.296973   0.903700   0.390728   0.155980   0.954827   0.927225   0.193398
0.102049   0.291101   0.172173   0.876686   0.118065   0.909496   0.120881   0.961852
0.454368   0.119040   0.057309   0.880782   0.027923   0.146403   0.923558   0.122189
0.810424   0.784484   0.418729   0.470220   0.902912   0.051980   0.004564   0.908851
0.854048   0.978625   0.063692   0.151924   0.965060   0.069481   0.034750   0.933670
0.112138   0.825486   0.181513   0.394668   0.165867   0.994574   0.151850   0.971907
0.929713   0.106733   0.111372   0.236299   0.959558   0.006595   0.006564   0.945306
0.611852   0.153667   0.311348   0.197094   0.127684   0.020000   0.997485   0.117526
0.214389   0.497521   0.849049   0.609026   0.146038   0.955701   0.156921   0.912138
0.898298   0.425447   0.219079   0.833091   0.912591   0.096611   0.043928   0.906403
0.035812   0.807236   0.601309   0.208386   0.166297   0.961045   0.171607   0.919262
0.603118   0.809659   0.530501   0.264333   0.028510   0.987240   0.059334   0.932512
0.290793   0.786283   0.671858   0.202002   0.978298   0.155490   0.953556   0.189654
0.376686   0.502430   0.853427   0.199219   0.944544   0.113337   0.037418   0.131049
0.651522   0.521111   0.690182   0.028081   0.144094   0.912145   0.921640   0.105434
0.151514   0.173837   0.887837   0.526068   0.190536   0.923015   0.124828   0.968451
0.657220   0.429937   0.327218   0.923722   0.174105   0.964342   0.920787   0.165500
0.761984   0.154502   0.021752   0.504894   0.125692   0.959250   0.987428   0.128610
0.200967   0.306829   0.389701   0.664369   0.187833   0.984065   0.156500   0.975954
0.293634   0.877584   0.510745   0.352652   0.942987   0.167751   0.901727   0.119081
0.741402   0.756515   0.870421   0.681297   0.900417   0.188450   0.113208   0.940448
0.387683   0.878781   0.887933   0.634202   0.123545   0.009380   0.014684   0.130382
0.740523   0.204406   0.882575   0.163242   0.153177   0.962436   0.984114   0.121442
0.519414   0.707367   0.639247   0.348017   0.132020   0.985949   0.928910   0.180411
0.535660   0.934261   0.358414   0.825686   0.146980   0.915846   0.929698   0.161100
0.750080   0.923257   0.218114   0.661287   0.939110   0.122568   0.195174   0.908198
0.292001   0.652974   0.173561   0.319479   0.992089   0.168123   0.982440   0.180917
0.402448   0.701115   0.755288   0.811793   0.187253   0.014730   0.964468   0.129426
0.635698   0.411756   0.605037   0.907902   0.143925   0.975298   0.917687   0.189430
0.897144   0.651126   0.838430   0.239202   0.980383   0.099263   0.022824   0.959155
0.181663   0.807217   0.516741   0.190820   0.151588   0.900832   0.107845   0.933626
0.230178   0.944935   0.661255   0.729009   0.937805   0.144826   0.950258   0.145015
0.225884   0.233538   0.385774   0.230663   0.119899   0.953517   0.192330   0.958221
0.360287   0.409296   0.538342   0.726238   0.958288   0.167126   0.987493   0.190790
0.826112   0.111133   0.414895   0.132907   0.932188   0.004601   0.033007   0.984588
0.369151   0.871552   0.533245   0.337364   0.127195   0.092358   0.937498   0.136273
0.961726   0.455933   0.654928   0.536198   0.984855   0.029746   0.027661   0.972430
0.886714   0.463581   0.364099   0.400768   0.987955   0.075850   0.075385   0.901194
0.735623   0.570170   0.153429   0.378783   0.941042   0.187281   0.185106   0.965317
0.675520   0.078258   0.545218   0.526657   0.169428   0.027687   0.970922   0.128037
0.687244   0.203542   0.927768   0.155589   0.163690   0.040400   0.031807   0.163811
0.319885   0.890369   0.089375   0.696795   0.187075   0.047523   0.907794   0.173850
0.283021   0.358074   0.097465   0.254787   0.162438   0.972538   0.181883   0.995874
0.666505   0.262964   0.083314   0.425591   0.198049   0.000575   0.905033   0.198540
0.595027   0.415597   0.128627   0.691192   0.139463   0.925278   0.997281   0.106007
0.907066   0.590686   0.533878   0.566399   0.971404   0.056508   0.000126   0.953734
0.748236   0.072275   0.319373   0.683366   0.178705   0.963432   0.992274   0.180295
0.342304   0.731655   0.662013   0.042876   0.193550   0.025057   0.965781   0.185713
0.159513   0.676084   0.309090   0.139213   0.171828   0.968795   0.137224   0.999852
0.649414   0.796072   0.678722   0.361356   0.039750   0.906548   0.066195   0.926610
0.119937   0.656148   0.294972   0.428074   0.129729   0.974809   0.187350   0.933224
0.886201   0.566454   0.244073   0.737665   0.902927   0.041669   0.009620   0.993425
0.872698   0.321289   0.223438   0.532885   0.992845   0.052278   0.062558   0.901559
0.892430   0.892324   0.112233   0.492951   0.947540   0.086067   0.069793   0.902295
0.964098   0.382919   0.111045   0.540937   0.954573   0.021410   0.024140   0.995492
0.865651   0.509053   0.945735   0.815420   0.976345   0.098027   0.055606   0.922607
0.422449   0.520601   0.126016   0.709529   0.951685   0.142599   0.962925   0.115210
0.923036   0.176914   0.455451   0.697339   0.918491   0.045621   0.040828   0.942835
0.900886   0.552010   0.531319   0.181384   0.920371   0.025698   0.016586   0.909921
0.444653   0.362563   0.523458   0.900664   0.919666   0.139233   0.969933   0.172191
0.609773   0.422669   0.160517   0.502318   0.141831   0.930817   0.949244   0.123883
0.466484   0.225787   0.673839   0.793922   0.019859   0.195528   0.905688   0.183594
0.086367   0.915342   0.252070   0.722789   0.198968   0.986133   0.100569   0.936769
0.941505   0.407533   0.408402   0.380486   0.962808   0.011440   0.032435   0.922403
0.134026   0.793976   0.703631   0.119686   0.110400   0.974785   0.185384   0.903967
0.007917   0.491429   0.142755   0.920746   0.149876   0.940209   0.106121   0.927211
0.207765   0.076000   0.566550   0.305764   0.192157   0.943713   0.168990   0.968467
0.922057   0.897522   0.507108   0.475473   0.983197   0.015587   0.070118   0.982375
0.081140   0.563339   0.559898   0.294888   0.170176   0.924460   0.123283   0.954286
0.920252   0.759886   0.096952   0.622577   0.910341   0.066479   0.034347   0.928382
0.390666   0.900750   0.921580   0.344212   0.165339   0.006968   0.039709   0.180759
0.664167   0.243761   0.525937   0.452651   0.124749   0.000522   0.981199   0.165577
0.570543   0.845034   0.838549   0.987587   0.904104   0.158529   0.096790   0.137782
0.357052   0.211934   0.461651   0.513570   0.988673   0.018806   0.183132   0.984591
0.132374   0.252967   0.864071   0.901189   0.128959   0.974659   0.182468   0.934020
0.519668   0.153749   0.315083   0.302673   0.969487   0.107738   0.935171   0.112313
0.263207   0.333704   0.396925   0.895435   0.165722   0.974343   0.179223   0.993394
0.655208   0.832529   0.269700   0.146236   0.092578   0.971723   0.061172   0.964176
0.226376   0.404987   0.702240   0.151599   0.179748   0.931878   0.104268   0.905539
0.411137   0.948855   0.876803   0.731080   0.105468   0.016879   0.019996   0.168140
0.231907   0.195399   0.063890   0.435918   0.144465   0.989192   0.129024   0.914892
0.477232   0.430341   0.038763   0.901693   0.014740   0.099210   0.992626   0.169537
0.374586   0.550488   0.156639   0.637787   0.950654   0.159248   0.924975   0.189267
0.550856   0.863492   0.972426   0.714397   0.929705   0.175192   0.028211   0.117926
0.113347   0.339927   0.582767   0.939653   0.150530   0.904619   0.157695   0.977695
0.883095   0.881158   0.696954   0.133208   0.933954   0.098464   0.088928   0.936703
0.929229   0.562098   0.105379   0.174341   0.922105   0.046352   0.035667   0.975791
0.581483   0.511602   0.717439   0.205598   0.118271   0.927685   0.976928   0.140758
0.134504   0.356067   0.340161   0.442191   0.174433   0.994294   0.103727   0.918168
0.747199   0.354293   0.469557   0.812755   0.193927   0.982299   0.993674   0.131240
0.110884   0.103009   0.732294   0.834219   0.148112   0.981149   0.170967   0.971827
0.634177   0.270438   0.806080   0.167459   0.168187   0.006508   0.059366   0.190592
0.761676   0.380882   0.296347   0.158258   0.182995   0.930181   0.906368   0.156061
0.146334   0.746547   0.309265   0.133672   0.189803   0.930449   0.156184   0.900864
0.681108   0.143269   0.139247   0.613884   0.160183   0.017645   0.969429   0.109677
0.645393   0.466841   0.141957   0.452268   0.182983   0.932832   0.913861   0.115528
0.376809   0.636504   0.474661   0.402724   0.985545   0.165803   0.991400   0.104177
0.584003   0.256138   0.491733   0.171042   0.111234   0.087277   0.981512   0.185239
0.842712   0.283422   0.206421   0.625258   0.966089   0.021275   0.092129   0.904308
0.098904   0.602384   0.765939   0.519246   0.118420   0.963906   0.152370   0.921807
0.503364   0.909789   0.376201   0.908156   0.190349   0.926671   0.922976   0.183800
0.283717   0.148933   0.498556   0.056062   0.130293   0.953805   0.155576   0.946695
0.764105   0.736448   0.382140   0.844306   0.965263   0.188095   0.184419   0.909290
0.782164   0.478857   0.130256   0.642772   0.107894   0.914738   0.988732   0.126130
0.752233   0.370190   0.251867   0.525523   0.184282   0.999957   0.910363   0.137287
0.597132   0.726749   0.743803   0.283431   0.082528   0.954100   0.042293   0.965674
0.396636   0.602603   0.912733   0.646280   0.959408   0.195161   0.007767   0.138681
0.325234   0.898007   0.862557   0.605113   0.197629   0.041670   0.024374   0.154959
0.684916   0.592372   0.476266   0.236436   0.155633   0.957949   0.914674   0.132633
0.487221   0.546844   0.103262   0.155519   0.070599   0.027189   0.998518   0.137497
0.648928   0.637241   0.399481   0.684528   0.151614   0.980747   0.959919   0.126473
0.167688   0.769660   0.335180   0.509138   0.150942   0.981801   0.163740   0.956399
0.808568   0.810128   0.102192   0.910493   0.930187   0.001195   0.042811   0.936379
0.916501   0.458581   0.156974   0.890594   0.963392   0.000550   0.071368   0.910532
0.521534   0.804974   0.906206   0.733670   0.108105   0.922122   0.086282   0.124577
0.912858   0.847164   0.656313   0.808544   0.932766   0.023029   0.041786   0.906647
0.382219   0.231181   0.537415   0.397709   0.939633   0.072211   0.177242   0.978423
0.479230   0.617431   0.773655   0.608222   0.091904   0.087342   0.945822   0.139979
0.229258   0.443445   0.671922   0.832933   0.190938   0.912561   0.173256   0.964751
0.634750   0.370564   0.076020   0.215266   0.108398   0.986929   0.987403   0.167260
0.658749   0.428579   0.133575   0.505638   0.190306   0.926388   0.994126   0.146760
0.460448   0.898189   0.415347   0.630028   0.123892   0.016005   0.925535   0.110792
0.220232   0.715150   0.538591   0.310891   0.993711   0.197223   0.959083   0.180189
0.385483   0.508497   0.608863   0.930933   0.983397   0.165819   0.990630   0.137999
0.216342   0.236624   0.705998   0.148506   0.148024   0.912913   0.175687   0.903082
0.877628   0.103220   0.604334   0.813197   0.916453   0.094105   0.054901   0.906400
0.763234   0.372455   0.851505   0.089498   0.154640   0.977328   0.920928   0.137736
0.721619   0.689396   0.891119   0.813430   0.960162   0.142463   0.109742   0.922279
0.058637   0.615785   0.069833   0.692082   0.114396   0.947117   0.135205   0.990253
0.410470   0.142284   0.479068   0.142810   0.954273   0.005580   0.176437   0.921060
0.482685   0.819762   0.559234   0.916253   0.121027   0.083223   0.907447   0.139150
0.546083   0.796098   0.118645   0.184146   0.165610   0.911919   0.903465   0.103099
0.880720   0.854573   0.543065   0.473826   0.957395   0.088476   0.099400   0.984108
0.690197   0.339087   0.033647   0.255581   0.143392   0.925870   0.975853   0.172388
0.418481   0.079910   0.757500   0.434199   0.972105   0.029832   0.161530   0.957971
0.499770   0.388937   0.124519   0.447466   0.035138   0.090078   0.987706   0.112377
0.493114   0.228652   0.121492   0.336363   0.908282   0.166240   0.956190   0.164696
0.158312   0.195832   0.699205   0.788640   0.165745   0.935885   0.100241   0.974700
0.823044   0.561568   0.765045   0.429781   0.941601   0.056679   0.008948   0.912076
0.431869   0.739559   0.327033   0.757945   0.161497   0.020469   0.987339   0.168654
0.725628   0.716534   0.860682   0.069101   0.907718   0.169431   0.110948   0.981029
0.155401   0.238254   0.037139   0.114834   0.170470   0.907725   0.139644   0.941416
0.722072   0.838831   0.326093   0.830260   0.983135   0.122548   0.156252   0.971395
0.597741   0.193702   0.806573   0.454026   0.106647   0.088885   0.015131   0.115173
0.152639   0.075210   0.417040   0.472909   0.177099   0.910572   0.137859   0.958905
0.609259   0.774689   0.859970   0.790362   0.977018   0.144526   0.036177   0.111000
0.358892   0.806457   0.132360   0.855555   0.107405   0.083355   0.988419   0.151444
0.617085   0.354369   0.746604   0.548947   0.148412   0.971698   0.915407   0.134448
0.373041   0.871166   0.277742   0.906486   0.157523   0.088136   0.976385   0.158213
0.910762   0.913879   0.639143   0.623352   0.948579   0.084300   0.091861   0.988696
0.512507   0.735472   0.893412   0.386002   0.189574   0.925465   0.082953   0.147284
0.413869   0.433504   0.380923   0.290746   0.939348   0.135735   0.978177   0.138451
0.230224   0.430172   0.416567   0.200724   0.124409   0.952509   0.168387   0.924457
0.739507   0.369681   0.337136   0.811838   0.146274   0.909919   0.902363   0.191890
0.792356   0.293256   0.935547   0.741079   0.150880   0.921003   0.928309   0.174143
0.896486   0.087381   0.321408   0.916986   0.950489   0.014516   0.087595   0.935547
0.647967   0.732103   0.615948   0.596082   0.086712   0.929930   0.051768   0.909143
0.912011   0.329005   0.311467   0.520557   0.911711   0.077764   0.054152   0.951908
0.060023   0.380895   0.274711   0.082089   0.182951   0.963966   0.184790   0.919386
0.754943   0.344024   0.855318   0.565944   0.132867   0.988789   0.903387   0.106313
0.482615   0.585970   0.227102   0.917392   0.005670   0.084772   0.920946   0.181259
0.700079   0.672059   0.172411   0.625848   0.902507   0.144825   0.183711   0.951748
0.243037   0.743521   0.845789   0.026807   0.942643   0.105807   0.986824   0.114379
0.669577   0.814702   0.817213   0.552514   0.900043   0.160466   0.095194   0.184328
0.128450   0.456846   0.882007   0.465383   0.174239   0.917922   0.166724   0.908455
0.361270   0.465202   0.251177   0.416560   0.991189   0.125655   0.905464   0.142680
0.137228   0.663515   0.920553   0.814997   0.186175   0.977242   0.122892   0.939359
0.508485   0.591469   0.926327   0.375107   0.097858   0.058036   0.944421   0.153431
0.541535   0.920964   0.085184   0.126633   0.139383   0.965526   0.920457   0.192634
0.450254   0.817300   0.084999   0.440151   0.131933   0.933826   0.927801   0.158026
0.531754   0.680246   0.310174   0.050006   0.034601   0.036121   0.932444   0.144812
0.104812   0.414069   0.178587   0.275277   0.123683   0.943381   0.158968   0.942616
0.904845   0.658395   0.630066   0.125017   0.913547   0.015532   0.037673   0.910907
0.655613   0.188864   0.652064   0.733665   0.102337   0.048003   0.949681   0.105021
0.665213   0.113374   0.233622   0.110771   0.187725   0.041089   0.932064   0.173058
0.033301   0.305331   0.205780   0.838021   0.147076   0.914552   0.198260   0.958700
0.873889   0.031250   0.849025   0.492810   0.914983   0.071727   0.049145   0.949412
0.143626   0.735754   0.370058   0.412427   0.185651   0.934749   0.133686   0.928686
0.125717   0.560977   0.260806   0.915222   0.129855   0.920687   0.189579   0.969174
0.359246   0.150035   0.090910   0.905331   0.907188   0.029408   0.192272   0.977025
0.105490   0.637715   0.892244   0.114299   0.112765   0.996215   0.117973   0.967250
0.531007   0.783186   0.596382   0.409568   0.173775   0.932666   0.985296   0.186237
0.825081   0.055167   0.502078   0.768204   0.946510   0.039321   0.064921   0.982787
0.456800   0.829946   0.818734   0.125397   0.162809   0.902288   0.015661   0.132918
0.888418   0.184436   0.424349   0.840660   0.923345   0.052327   0.038477   0.920807
0.440164   0.270725   0.175820   0.318152   0.991933   0.068022   0.165923   0.991859
0.654267   0.569466   0.355759   0.204238   0.132259   0.971287   0.927014   0.134986
0.824844   0.256385   0.578418   0.666071   0.933661   0.008766   0.075043   0.931634
0.325851   0.823880   0.581008   0.461076   0.141842   0.051549   0.925223   0.172211
0.267757   0.117127   0.237919   0.592801   0.156589   0.967910   0.182256   0.953039
0.197773   0.711834   0.298118   0.375138   0.107939   0.982845   0.108962   0.948140
0.299955   0.452156   0.112020   0.379885   0.174043   0.903932   0.178087   0.967127
0.522738   0.591404   0.210981   0.685395   0.085629   0.044616   0.998118   0.108610
0.142084   0.727994   0.466037   0.857906   0.152518   0.923129   0.164044   0.982685
0.526566   0.873626   0.710215   0.829501   0.152194   0.038274   0.947312   0.153108
0.189119   0.838735   0.144930   0.295350   0.107041   0.953217   0.129798   0.929958
0.435360   0.203859   0.195623   0.102905   0.907898   0.060727   0.121912   0.941657
0.519696   0.828766   0.941084   0.432763   0.104040   0.907846   0.006638   0.152398
0.224751   0.506918   0.095924   0.899890   0.937115   0.103350   0.941697   0.177535
0.583407   0.477826   0.425562   0.539516   0.121056   0.909736   0.911625   0.182361
0.038336   0.095928   0.708561   0.584663   0.103165   0.936531   0.164740   0.970052
0.639860   0.120543   0.868742   0.152569   0.183510   0.003455   0.018390   0.103906
0.153248   0.772283   0.587830   0.373267   0.165400   0.930836   0.123008   0.962194
0.182194   0.380596   0.534486   0.824357   0.108578   0.931109   0.171137   0.912985
0.479400   0.416392   0.418530   0.529629   0.014619   0.024507   0.976216   0.187996
0.140590   0.131738   0.365630   0.300397   0.110396   0.931828   0.164877   0.963320
0.777692   0.899616   0.550521   0.836117   0.971320   0.196832   0.132932   0.973616
0.181145   0.310363   0.821996   0.441239   0.131401   0.955164   0.111384   0.940240
0.424836   0.206629   0.505812   0.437442   0.941520   0.020976   0.124376   0.957753
0.717492   0.449422   0.874461   0.102973   0.181443   0.934718   0.909277   0.187007
0.291333   0.598041   0.173076   0.554473   0.900160   0.124542   0.948857   0.189968
0.892411   0.825183   0.736481   0.544593   0.957219   0.083118   0.065542   0.903021
0.709265   0.639247   0.849964   0.669540   0.932532   0.144957   0.107343   0.918634
0.509994   0.652810   0.642034   0.561492   0.022252   0.066731   0.956501   0.109232
0.750725   0.462712   0.205422   0.250136   0.193912   0.914181   0.901056   0.177823
0.504281   0.657344   0.146434   0.752677   0.026188   0.034125   0.995358   0.152700
0.938748   0.878136   0.350721   0.073502   0.944286   0.041796   0.062356   0.927457
0.070722   0.273415   0.695624   0.843344   0.182339   0.941423   0.120952   0.982514
0.203660   0.520495   0.860794   0.083404   0.987201   0.197461   0.988515   0.181517
0.777740   0.284303   0.625451   0.757367   0.186589   0.984326   0.959781   0.133745
0.596391   0.427863   0.502840   0.324230   0.187560   0.988043   0.950683   0.179418
0.575868   0.803178   0.272001   0.331417   0.064201   0.909404   0.031418   0.985724
0.846481   0.297663   0.293616   0.588026   0.938322   0.051865   0.003688   0.930263
0.342731   0.220001   0.825208   0.793515   0.015450   0.184962   0.054435   0.143981
0.044590   0.902549   0.106765   0.594829   0.165578   0.955363   0.128312   0.987090
0.834494   0.310697   0.034782   0.886605   0.932314   0.018286   0.046359   0.973154
0.541477   0.425850   0.321579   0.249888   0.062110   0.077838   0.961529   0.162645
0.102305   0.306302   0.391552   0.142618   0.119075   0.990013   0.133253   0.987542
0.575574   0.260620   0.205204   0.395422   0.143159   0.055217   0.905112   0.190440
0.645981   0.711070   0.877756   0.713158   0.918363   0.149401   0.006038   0.192744
0.694554   0.209549   0.829818   0.249533   0.129619   0.062938   0.068318   0.153910
0.172530   0.137784   0.616586   0.374858   0.119326   0.990122   0.119507   0.951294
0.186507   0.121697   0.913582   0.630513   0.115106   0.972824   0.164211   0.977438
0.250340   0.788778   0.214900   0.630488   0.946435   0.128708   0.921463   0.168826
0.065162   0.843455   0.661129   0.625669   0.157347   0.958695   0.164587   0.965754
0.246678   0.439971   0.284695   0.314361   0.171132   0.922740   0.146603   0.963056
0.209207   0.408831   0.216758   0.402510   0.146483   0.905766   0.102777   0.937677
0.908284   0.383458   0.142458   0.448401   0.969037   0.013743   0.074882   0.997062
0.232516   0.794497   0.128818   0.355997   0.977819   0.139951   0.978248   0.130713
0.177484   0.398309   0.860854   0.451493   0.184558   0.934594   0.187381   0.929385
0.061185   0.751166   0.815741   0.704188   0.110734   0.914251   0.106344   0.956361
0.222887   0.430518   0.272832   0.074190   0.197201   0.944727   0.168384   0.927582
0.515667   0.702983   0.876272   0.054842   0.142278   0.989698   0.008679   0.184350
0.512778   0.538597   0.109489   0.770257   0.001160   0.001534   0.906413   0.187856
0.628788   0.717368   0.589472   0.531904   0.030141   0.987380   0.053822   0.977318
0.486090   0.051893   0.731582   0.096300   0.910138   0.160888   0.915813   0.134685
0.753562   0.326002   0.701905   0.066249   0.190831   0.932834   0.994175   0.142496
0.607137   0.098632   0.312425   0.749368   0.130685   0.019158   0.912588   0.182632
0.659825   0.369057   0.043744   0.693720   0.132820   0.945747   0.945930   0.159557
0.604593   0.766076   0.099486   0.213051   0.023904   0.926933   0.089740   0.928762
0.666726   0.225145   0.277159   0.304628   0.160815   0.083927   0.940070   0.100091
0.441574   0.752858   0.102716   0.176311   0.125501   0.022902   0.915282   0.134317
0.444570   0.460320   0.090325   0.305314   0.981008   0.112512   0.908148   0.154054
0.325635   0.581395   0.608416   0.363221   0.970677   0.180850   0.905008   0.135895
0.427166   0.448406   0.063547   0.256671   0.908723   0.119858   0.946426   0.100889
0.249040   0.095637   0.183735   0.449891   0.159811   0.994496   0.116661   0.991112
0.260898   0.928010   0.783909   0.235689   0.953728   0.140786   0.949475   0.159455
0.530059   0.269714   0.056058   0.692996   0.003108   0.167162   0.982658   0.181476
0.015627   0.894287   0.307330   0.666010   0.113253   0.970817   0.135935   0.993964
0.658552   0.372874   0.688773   0.076695   0.118916   0.938620   0.977120   0.122730
0.147598   0.298536   0.451717   0.150001   0.121975   0.989601   0.126472   0.998635
0.372021   0.477848   0.072798   0.922159   0.964188   0.178452   0.919694   0.124990
0.773901   0.630380   0.687867   0.615787   0.927474   0.141689   0.178277   0.967643
0.586918   0.253844   0.363517   0.891083   0.153653   0.010054   0.936156   0.110270
0.684772   0.168461   0.749091   0.651265   0.195935   0.051468   0.936684   0.161897
0.706051   0.296121   0.964291   0.578561   0.134169   0.958512   0.994087   0.106746
0.291925   0.081337   0.124686   0.235520   0.195370   0.972055   0.137760   0.927304
0.577217   0.222715   0.597543   0.963098   0.100533   0.095310   0.942231   0.145101
0.412353   0.626178   0.177783   0.202089   0.973124   0.192630   0.990960   0.145899
0.185456   0.604081   0.359494   0.655513   0.161088   0.972021   0.105517   0.955068
0.864388   0.231156   0.550415   0.228283   0.987855   0.058101   0.022659   0.911668
0.198106   0.502997   0.449959   0.089753   0.198001   0.972650   0.105376   0.938983
0.208781   0.417958   0.221743   0.483835   0.179100   0.992001   0.152084   0.926106
0.284397   0.694974   0.064941   0.947631   0.933756   0.180285   0.921989   0.141483
0.541302   0.161327   0.447204   0.903482   0.083324   0.100048   0.915607   0.116376
0.395779   0.446027   0.153558   0.522361   0.972664   0.152809   0.988162   0.108031
0.446537   0.659644   0.180285   0.697466   0.924684   0.166818   0.915898   0.154127
0.711072   0.938458   0.906562   0.251073   0.931293   0.146806   0.148475   0.956158
0.726932   0.846833   0.699993   0.300211   0.906058   0.167453   0.198894   0.905135
0.847051   0.251058   0.960999   0.776728   0.969488   0.074692   0.007845   0.970425
0.518992   0.208479   0.836246   0.760003   0.951226   0.198292   0.005816   0.196373
0.937159   0.614187   0.735535   0.430515   0.990773   0.013085   0.061131   0.929146
0.636827   0.666360   0.365385   0.123603   0.176023   0.942178   0.975516   0.188806
0.161820   0.672948   0.579514   0.880223   0.173907   0.992431   0.128472   0.916243
0.126718   0.187247   0.235903   0.625800   0.139169   0.926372   0.136447   0.925042
0.489235   0.092725   0.507648   0.453643   0.927198   0.130367   0.957210   0.192086
0.592579   0.796739   0.116252   0.517474   0.004274   0.988471   0.097082   0.987115
0.569344   0.469219   0.839089   0.956740   0.138855   0.993789   0.035281   0.126369
0.271751   0.564485   0.593199   0.102536   0.999959   0.125107   0.900746   0.114292
0.813304   0.206124   0.152254   0.609563   0.990448   0.066636   0.091451   0.996538
0.938182   0.727924   0.689613   0.623375   0.924321   0.025011   0.062201   0.939024
0.514717   0.601639   0.118932   0.392107   0.004971   0.045162   0.985248   0.166794
0.673073   0.957461   0.670906   0.802579   0.020441   0.998214   0.109769   0.900213
0.349432   0.095942   0.326975   0.404070   0.940794   0.087993   0.149101   0.969736
0.608144   0.215724   0.547900   0.222389   0.160066   0.037208   0.940195   0.179602
0.342041   0.320327   0.672905   0.593958   0.905437   0.189138   0.989632   0.135061
0.614112   0.389463   0.732071   0.505142   0.173182   0.993193   0.998236   0.162130
0.074908   0.864879   0.095438   0.824336   0.125043   0.915886   0.156879   0.957042
0.912536   0.314930   0.570514   0.541476   0.906056   0.097026   0.021519   0.992163
0.588445   0.613732   0.530026   0.518623   0.135389   0.932561   0.943579   0.147220
0.145458   0.048844   0.873674   0.249765   0.131542   0.983466   0.109848   0.925543
0.572574   0.747046   0.853385   0.095483   0.930343   0.114752   0.088723   0.191667
0.474263   0.198452   0.764580   0.608338   0.008764   0.133969   0.942513   0.141304
0.571197   0.694060   0.264808   0.498941   0.130178   0.966613   0.987112   0.118037
0.630527   0.302402   0.213992   0.245739   0.195489   0.942461   0.968898   0.137713
0.906141   0.269836   0.139978   0.892431   0.956773   0.066390   0.040676   0.920021
0.771389   0.901339   0.398411   0.245669   0.979615   0.154342   0.161129   0.925506
0.394756   0.792537   0.079985   0.446553   0.116395   0.047529   0.916076   0.159211
0.291963   0.306688   0.728443   0.235871   0.186874   0.900099   0.100835   0.970008
0.112882   0.895821   0.406865   0.479488   0.160612   0.900135   0.168065   0.986600
0.538059   0.182626   0.262803   0.156102   0.932654   0.147946   0.968160   0.181939
0.277783   0.720246   0.623132   0.297688   0.953814   0.188334   0.991231   0.164553
0.772229   0.377949   0.607608   0.124250   0.134347   0.973367   0.948674   0.184414
0.040337   0.175215   0.365700   0.377595   0.159728   0.905644   0.182687   0.995281
0.254772   0.705434   0.829578   0.056325   0.906648   0.165276   0.933201   0.134544
0.111706   0.517409   0.626698   0.609402   0.141792   0.926637   0.120308   0.922599
0.490914   0.872202   0.691527   0.598125   0.105923   0.974788   0.954968   0.190719
0.387995   0.539676   0.107185   0.865983   0.926429   0.150073   0.904771   0.155584
0.618025   0.661780   0.699862   0.528507   0.158979   0.985824   0.927169   0.140646
0.851039   0.268927   0.599077   0.310819   0.934580   0.083547   0.020605   0.911556
0.379881   0.156781   0.253082   0.418367   0.977565   0.088987   0.120905   0.995717
0.530205   0.411013   0.263687   0.369663   0.072568   0.028497   0.902813   0.152704
0.518625   0.839404   0.097406   0.451360   0.128675   0.979587   0.913153   0.151645
0.547612   0.542890   0.725131   0.654272   0.029530   0.034520   0.947652   0.138667
0.378458   0.800974   0.394157   0.693679   0.124005   0.067976   0.947316   0.196553
0.786141   0.443277   0.608889   0.116119   0.169796   0.982819   0.975928   0.163944
0.591661   0.931463   0.160274   0.547068   0.080930   0.953479   0.112436   0.988878
0.745649   0.927024   0.389814   0.119782   0.905266   0.158453   0.176891   0.985946
0.588876   0.606080   0.051869   0.527405   0.188840   0.956054   0.993482   0.194446
0.126177   0.100054   0.098047   0.823243   0.196665   0.971025   0.108919   0.910458
0.539816   0.971686   0.169174   0.108578   0.133292   0.944548   0.982607   0.165645
0.243802   0.240849   0.322403   0.399674   0.145554   0.983568   0.143859   0.938794
0.444190   0.538977   0.449931   0.891357   0.943263   0.151486   0.966869   0.160045
0.559118   0.320182   0.806515   0.839808   0.193345   0.937312   0.083510   0.125282
0.124528   0.518026   0.656988   0.216255   0.116520   0.974148   0.148053   0.900953
0.207544   0.568847   0.746321   0.118048   0.920076   0.188678   0.926077   0.140224
0.132955   0.549624   0.862201   0.240581   0.168194   0.904531   0.124260   0.952863
0.971877   0.593435   0.657850   0.557225   0.909056   0.033571   0.015304   0.917168
0.945346   0.174765   0.322590   0.320724   0.973968   0.000800   0.074877   0.946273
0.590119   0.189551   0.609502   0.602452   0.150301   0.061765   0.989262   0.115963
0.198201   0.536425   0.881252   0.745818   0.151075   0.998469   0.185161   0.902946
0.216077   0.214834   0.550539   0.055336   0.191620   0.935367   0.199530   0.965465
0.444596   0.566942   0.328643   0.221952   0.974597   0.179967   0.958035   0.153245
0.252538   0.171834   0.455118   0.154968   0.186759   0.924352   0.172766   0.968942
0.137996   0.914534   0.232049   0.742956   0.169935   0.926252   0.127070   0.960865
0.850090   0.271898   0.353089   0.446317   0.991878   0.007602   0.039556   0.929607
0.783173   0.633128   0.221746   0.084344   0.932918   0.138075   0.103727   0.912256
0.170561   0.020266   0.914313   0.571974   0.166363   0.965502   0.148712   0.986230
0.744460   0.102819   0.392056   0.530484   0.130385   0.950186   0.961105   0.114689
0.750796   0.815715   0.669562   0.117108   0.915992   0.132812   0.147070   0.912697
0.801457   0.854242   0.658508   0.638156   0.984630   0.082365   0.083344   0.943723
0.951214   0.069191   0.585072   0.899428   0.976063   0.041570   0.080585   0.988909
0.675208   0.357959   0.279944   0.862640   0.126720   0.940655   0.978165   0.166066
0.396813   0.767169   0.666729   0.680105   0.132857   0.049549   0.961661   0.153046
0.429574   0.900551   0.212452   0.201857   0.129099   0.026041   0.902954   0.135448
0.602098   0.461844   0.294716   0.271446   0.123184   0.971776   0.943897   0.136829
0.255787   0.453591   0.925297   0.702660   0.126898   0.937505   0.148409   0.940627
0.785025   0.569621   0.411286   0.717176   0.965473   0.112091   0.120983   0.969044
0.317555   0.890632   0.442219   0.319239   0.100496   0.029734   0.931522   0.152460
0.713186   0.498287   0.092398   0.547075   0.162175   0.935011   0.963626   0.175501
0.332222   0.541009   0.174694   0.147369   0.959807   0.111398   0.916067   0.164358
0.662943   0.450279   0.607412   0.691261   0.114892   0.934515   0.941549   0.111229
0.216700   0.312693   0.542976   0.802544   0.192437   0.951250   0.196376   0.977537
0.533184   0.257532   0.887462   0.861931   0.922243   0.144342   0.081973   0.184341
0.889293   0.510894   0.194778   0.784534   0.951931   0.081130   0.001074   0.932378
0.584419   0.355094   0.425460   0.419487   0.189963   0.962873   0.928148   0.197775
0.197120   0.521099   0.272052   0.598022   0.157596   0.998006   0.142952   0.940555
0.770854   0.567743   0.815516   0.514531   0.986418   0.121731   0.122917   0.998786
0.832151   0.227103   0.265892   0.152733   0.949378   0.022517   0.004418   0.914362
0.489861   0.324845   0.649673   0.422901   0.091604   0.020668   0.984430   0.124486
0.712057   0.392450   0.888522   0.167985   0.183471   0.916438   0.974159   0.167594
0.208372   0.251316   0.507758   0.704170   0.183205   0.935215   0.157788   0.948111
0.539792   0.036204   0.706722   0.203237   0.942302   0.111626   0.955508   0.167699
0.090211   0.330246   0.410228   0.581739   0.133644   0.973781   0.145378   0.932807
0.646519   0.859665   0.896450   0.905951   0.985092   0.149887   0.067940   0.140023
0.889189   0.313342   0.506245   0.224471   0.964554   0.084919   0.048974   0.941269
0.138789   0.983298   0.951263   0.938033   0.192825   0.996770   0.166762   0.983537
0.538411   0.454172   0.875155   0.594867   0.087229   0.018150   0.956590   0.138467
0.463906   0.821220   0.897046   0.319709   0.192773   0.985785   0.044887   0.180320
0.287341   0.170158   0.941723   0.221260   0.153727   0.920594   0.197531   0.923439
0.314476   0.528097   0.305971   0.531146   0.956066   0.116541   0.983973   0.150115
0.784419   0.729813   0.764185   0.711826   0.933632   0.130976   0.156192   0.931758
0.731678   0.867695   0.772973   0.525751   0.935723   0.149120   0.139935   0.913883
0.771475   0.158730   0.768846   0.883477   0.153527   0.997047   0.946642   0.105210
0.608517   0.599943   0.398503   0.531158   0.171924   0.991505   0.970978   0.126107
0.613179   0.741344   0.549289   0.160324   0.066678   0.999057   0.073403   0.974591
0.198426   0.931752   0.739194   0.888170   0.102843   0.930801   0.160196   0.992176
0.548882   0.269383   0.863589   0.178250   0.973476   0.174151   0.073250   0.185923
0.862994   0.612870   0.570488   0.703641   0.956774   0.035874   0.089758   0.951336
0.919544   0.271825   0.651946   0.624348   0.924985   0.017497   0.067403   0.924851
0.892901   0.417121   0.967662   0.792487   0.916619   0.022518   0.088992   0.905113
0.253914   0.117182   0.270998   0.747044   0.153342   0.951135   0.187446   0.924766
0.355810   0.485959   0.421681   0.356941   0.908873   0.157628   0.939868   0.156937
0.535558   0.627430   0.347300   0.358674   0.021435   0.092261   0.963754   0.108875
0.635024   0.557591   0.625477   0.784464   0.129645   0.913562   0.921131   0.114946
