0.055139   0.061647   0.029198   0.023147   1.000000   2.000000   1.000000   2.000000
0.080679   0.044486   0.019422   0.260823   1.000000   2.000000   1.000000   2.000000
0.023828   0.055377   0.047402   0.486810   1.000000   2.000000   1.000000   2.000000
0.089307   0.078081   0.038585   0.684628   1.000000   2.000000   1.000000   2.000000
0.018553   0.094389   0.053785   0.818671   1.000000   2.000000   1.000000   2.000000
0.058413   0.061845   0.253769   0.028831   1.000000   2.000000   1.000000   2.000000
0.050749   0.045737   0.247569   0.264414   1.000000   2.000000   1.000000   2.000000
0.090463   0.034252   0.205453   0.447228   1.000000   2.000000   1.000000   2.000000
0.084452   0.061188   0.278842   0.671783   1.000000   2.000000   1.000000   2.000000
0.074986   0.050636   0.230691   0.810593   1.000000   2.000000   1.000000   2.000000
0.034132   0.013390   0.474436   0.024784   1.000000   2.000000   1.000000   2.000000
0.054228   0.038256   0.421675   0.294246   1.000000   2.000000   1.000000   2.000000
0.002510   0.015829   0.447774   0.472183   1.000000   2.000000   1.000000   2.000000
0.092668   0.009905   0.403664   0.645033   1.000000   2.000000   1.000000   2.000000
0.003875   0.030442   0.436777   0.879840   1.000000   2.000000   1.000000   2.000000
0.033306   0.076010   0.694992   0.060293   1.000000   2.000000   1.000000   2.000000
0.071501   0.079742   0.618980   0.238564   1.000000   2.000000   1.000000   2.000000
0.076482   0.049227   0.650935   0.418909   1.000000   2.000000   1.000000   2.000000
0.079581   0.062219   0.685574   0.687347   1.000000   2.000000   1.000000   2.000000
0.062126   0.039280   0.604037   0.800672   1.000000   2.000000   1.000000   2.000000
0.053955   0.031570   0.833580   0.096037   1.000000   2.000000   1.000000   2.000000
0.073690   0.074447   0.889564   0.204988   1.000000   2.000000   1.000000   2.000000
0.029998   0.050955   0.829075   0.442041   1.000000   2.000000   1.000000   2.000000
0.047515   0.042825   0.871845   0.662152   1.000000   2.000000   1.000000   2.000000
0.003063   0.052023   0.839631   0.844683   1.000000   2.000000   1.000000   2.000000
0.041723   0.254097   0.061053   0.010954   1.000000   2.000000   1.000000   2.000000
0.070159   0.299263   0.015783   0.224562   1.000000   2.000000   1.000000   2.000000
0.058634   0.250822   0.035252   0.409444   1.000000   2.000000   1.000000   2.000000
0.056412   0.211633   0.023485   0.607305   1.000000   2.000000   1.000000   2.000000
0.014199   0.245586   0.077381   0.864894   1.000000   2.000000   1.000000   2.000000
0.013911   0.231908   0.219580   0.099646   1.000000   2.000000   1.000000   2.000000
0.009534   0.245220   0.255455   0.241247   1.000000   2.000000   1.000000   2.000000
0.031496   0.262688   0.298598   0.425048   1.000000   2.000000   1.000000   2.000000
0.035989   0.232071   0.283630   0.661636   1.000000   2.000000   1.000000   2.000000
0.026064   0.248233   0.231454   0.843153   1.000000   2.000000   1.000000   2.000000
0.053951   0.280871   0.467680   0.044468   1.000000   2.000000   1.000000   2.000000
0.013365   0.280019   0.452524   0.207905   1.000000   2.000000   1.000000   2.000000
0.073325   0.215004   0.433880   0.478131   1.000000   2.000000   1.000000   2.000000
0.034508   0.255972   0.496057   0.680263   1.000000   2.000000   1.000000   2.000000
0.033708   0.259288   0.417189   0.872890   1.000000   2.000000   1.000000   2.000000
0.005887   0.273587   0.678813   0.030350   1.000000   2.000000   1.000000   2.000000
0.091162   0.275389   0.683149   0.298672   1.000000   2.000000   1.000000   2.000000
0.082325   0.222507   0.610904   0.484552   1.000000   2.000000   1.000000   2.000000
0.026264   0.247878   0.686235   0.605930   1.000000   2.000000   1.000000   2.000000
0.029042   0.208989   0.674294   0.898040   1.000000   2.000000   1.000000   2.000000
0.069545   0.285219   0.840363   0.030497   1.000000   2.000000   1.000000   2.000000
0.057286   0.231638   0.899689   0.205123   1.000000   2.000000   1.000000   2.000000
0.013994   0.257889   0.869146   0.472424   1.000000   2.000000   1.000000   2.000000
0.058272   0.283694   0.835834   0.659576   1.000000   2.000000   1.000000   2.000000
0.050019   0.248590   0.814628   0.834806   1.000000   2.000000   1.000000   2.000000
0.049987   0.436137   0.064026   0.011770   1.000000   2.000000   1.000000   2.000000
0.087636   0.438811   0.067646   0.252693   1.000000   2.000000   1.000000   2.000000
0.068138   0.461591   0.034692   0.453423   1.000000   2.000000   1.000000   2.000000
0.031020   0.400383   0.036870   0.681236   1.000000   2.000000   1.000000   2.000000
0.014149   0.404067   0.007108   0.842427   1.000000   2.000000   1.000000   2.000000
0.030611   0.425202   0.261847   0.025998   1.000000   2.000000   1.000000   2.000000
0.008295   0.441263   0.217217   0.286273   1.000000   2.000000   1.000000   2.000000
0.029226   0.473225   0.247450   0.443821   1.000000   2.000000   1.000000   2.000000
0.099845   0.431977   0.230343   0.640505   1.000000   2.000000   1.000000   2.000000
0.051768   0.457938   0.298658   0.826816   1.000000   2.000000   1.000000   2.000000
0.090546   0.413918   0.490327   0.085232   1.000000   2.000000   1.000000   2.000000
0.059907   0.480144   0.495531   0.283613   1.000000   2.000000   1.000000   2.000000
0.009066   0.440426   0.458613   0.462964   1.000000   2.000000   1.000000   2.000000
0.096072   0.414846   0.428181   0.612105   1.000000   2.000000   1.000000   2.000000
0.036224   0.410644   0.492986   0.865317   1.000000   2.000000   1.000000   2.000000
0.064863   0.400097   0.649921   0.018319   1.000000   2.000000   1.000000   2.000000
0.086187   0.422398   0.696513   0.207647   1.000000   2.000000   1.000000   2.000000
0.010882   0.411539   0.661972   0.485527   1.000000   2.000000   1.000000   2.000000
0.044578   0.404724   0.694044   0.682289   1.000000   2.000000   1.000000   2.000000
0.024232   0.447203   0.660894   0.824025   1.000000   2.000000   1.000000   2.000000
0.048208   0.487206   0.840808   0.009481   1.000000   2.000000   1.000000   2.000000
0.021010   0.491002   0.864699   0.273628   1.000000   2.000000   1.000000   2.000000
0.027311   0.436061   0.889644   0.479670   1.000000   2.000000   1.000000   2.000000
0.028586   0.447201   0.850848   0.675686   1.000000   2.000000   1.000000   2.000000
0.079787   0.461210   0.896675   0.835200   1.000000   2.000000   1.000000   2.000000
0.004888   0.675462   0.040850   0.054259   1.000000   2.000000   1.000000   2.000000
0.030010   0.673947   0.026596   0.288077   1.000000   2.000000   1.000000   2.000000
0.077716   0.613644   0.065514   0.446950   1.000000   2.000000   1.000000   2.000000
0.032164   0.620949   0.049931   0.614137   1.000000   2.000000   1.000000   2.000000
0.040444   0.624872   0.068431   0.826440   1.000000   2.000000   1.000000   2.000000
0.099122   0.648204   0.281352   0.000710   1.000000   2.000000   1.000000   2.000000
0.028436   0.610699   0.254120   0.283343   1.000000   2.000000   1.000000   2.000000
0.078444   0.690441   0.247087   0.425154   1.000000   2.000000   1.000000   2.000000
0.083174   0.605317   0.237629   0.603946   1.000000   2.000000   1.000000   2.000000
0.008921   0.668970   0.226502   0.807107   1.000000   2.000000   1.000000   2.000000
0.068430   0.669638   0.432201   0.055114   1.000000   2.000000   1.000000   2.000000
0.010881   0.687133   0.477272   0.262844   1.000000   2.000000   1.000000   2.000000
0.030080   0.662495   0.475822   0.432438   1.000000   2.000000   1.000000   2.000000
0.020936   0.644854   0.479177   0.630259   1.000000   2.000000   1.000000   2.000000
0.064243   0.690192   0.498000   0.823765   1.000000   2.000000   1.000000   2.000000
0.064336   0.699331   0.609587   0.031284   1.000000   2.000000   1.000000   2.000000
0.053021   0.667468   0.652372   0.273689   1.000000   2.000000   1.000000   2.000000
0.063531   0.605502   0.675424   0.499161   1.000000   2.000000   1.000000   2.000000
0.039839   0.615506   0.654198   0.624658   1.000000   2.000000   1.000000   2.000000
0.009603   0.695425   0.656670   0.805114   1.000000   2.000000   1.000000   2.000000
0.040784   0.663669   0.864180   0.096421   1.000000   2.000000   1.000000   2.000000
0.020499   0.664654   0.846175   0.215772   1.000000   2.000000   1.000000   2.000000
0.088377   0.692949   0.800575   0.451472   1.000000   2.000000   1.000000   2.000000
0.022804   0.615676   0.839312   0.664178   1.000000   2.000000   1.000000   2.000000
0.096911   0.696463   0.888864   0.852704   1.000000   2.000000   1.000000   2.000000
0.026943   0.871678   0.087158   0.078002   1.000000   2.000000   1.000000   2.000000
0.004204   0.807568   0.058503   0.257935   1.000000   2.000000   1.000000   2.000000
0.061949   0.886224   0.031271   0.489547   1.000000   2.000000   1.000000   2.000000
0.050184   0.830721   0.060466   0.635477   1.000000   2.000000   1.000000   2.000000
0.007078   0.869421   0.017108   0.806281   1.000000   2.000000   1.000000   2.000000
0.062326   0.848149   0.270530   0.003289   1.000000   2.000000   1.000000   2.000000
0.070529   0.846242   0.294750   0.218217   1.000000   2.000000   1.000000   2.000000
0.083594   0.848886   0.268483   0.428874   1.000000   2.000000   1.000000   2.000000
0.056531   0.812108   0.290107   0.652527   1.000000   2.000000   1.000000   2.000000
0.047565   0.819407   0.201620   0.806702   1.000000   2.000000   1.000000   2.000000
0.077975   0.843565   0.478388   0.016529   1.000000   2.000000   1.000000   2.000000
0.083388   0.835864   0.412645   0.268236   1.000000   2.000000   1.000000   2.000000
0.018740   0.814419   0.429543   0.473130   1.000000   2.000000   1.000000   2.000000
0.075751   0.831261   0.481346   0.632584   1.000000   2.000000   1.000000   2.000000
0.018925   0.823103   0.464000   0.854314   1.000000   2.000000   1.000000   2.000000
0.020382   0.800649   0.660254   0.093224   1.000000   2.000000   1.000000   2.000000
0.031290   0.808191   0.683102   0.294413   1.000000   2.000000   1.000000   2.000000
0.014645   0.846518   0.617056   0.448078   1.000000   2.000000   1.000000   2.000000
0.070618   0.806270   0.627450   0.624192   1.000000   2.000000   1.000000   2.000000
0.050949   0.884757   0.619296   0.864065   1.000000   2.000000   1.000000   2.000000
0.097812   0.846755   0.872832   0.091424   1.000000   2.000000   1.000000   2.000000
0.047631   0.810905   0.893881   0.257173   1.000000   2.000000   1.000000   2.000000
0.071571   0.893948   0.831031   0.478636   1.000000   2.000000   1.000000   2.000000
0.021911   0.823018   0.820779   0.622745   1.000000   2.000000   1.000000   2.000000
0.000152   0.844724   0.834870   0.833582   1.000000   2.000000   1.000000   2.000000
0.292798   0.095881   0.013120   0.004015   1.000000   2.000000   1.000000   2.000000
0.226942   0.014564   0.048747   0.284338   1.000000   2.000000   1.000000   2.000000
0.299073   0.072341   0.057624   0.436618   1.000000   2.000000   1.000000   2.000000
0.258766   0.021863   0.000462   0.654908   1.000000   2.000000   1.000000   2.000000
0.286525   0.012253   0.004035   0.860491   1.000000   2.000000   1.000000   2.000000
0.277589   0.031145   0.243807   0.053665   1.000000   2.000000   1.000000   2.000000
0.257540   0.042169   0.261346   0.258637   1.000000   2.000000   1.000000   2.000000
0.288634   0.002724   0.278272   0.428956   1.000000   2.000000   1.000000   2.000000
0.246719   0.045938   0.234658   0.660165   1.000000   2.000000   1.000000   2.000000
0.228626   0.082485   0.280946   0.816419   1.000000   2.000000   1.000000   2.000000
0.206753   0.014324   0.491369   0.053606   1.000000   2.000000   1.000000   2.000000
0.263795   0.071006   0.457973   0.222255   1.000000   2.000000   1.000000   2.000000
0.210368   0.089182   0.494806   0.487991   1.000000   2.000000   1.000000   2.000000
0.248773   0.069864   0.481493   0.614170   1.000000   2.000000   1.000000   2.000000
0.293482   0.086710   0.465369   0.846709   1.000000   2.000000   1.000000   2.000000
0.202547   0.058309   0.629345   0.030498   1.000000   2.000000   1.000000   2.000000
0.288928   0.027750   0.658306   0.219954   1.000000   2.000000   1.000000   2.000000
0.247800   0.080273   0.634146   0.489266   1.000000   2.000000   1.000000   2.000000
0.277873   0.003449   0.691896   0.639021   1.000000   2.000000   1.000000   2.000000
0.232860   0.054602   0.601561   0.877276   1.000000   2.000000   1.000000   2.000000
0.208937   0.061933   0.826586   0.040054   1.000000   2.000000   1.000000   2.000000
0.269264   0.012069   0.818155   0.263524   1.000000   2.000000   1.000000   2.000000
0.251274   0.066585   0.869083   0.482799   1.000000   2.000000   1.000000   2.000000
0.224212   0.096143   0.888909   0.692255   1.000000   2.000000   1.000000   2.000000
0.205319   0.027860   0.834502   0.860585   1.000000   2.000000   1.000000   2.000000
0.232045   0.294971   0.049386   0.055448   1.000000   2.000000   1.000000   2.000000
0.290262   0.279692   0.021093   0.299782   1.000000   2.000000   1.000000   2.000000
0.280658   0.253048   0.060103   0.424646   1.000000   2.000000   1.000000   2.000000
0.289009   0.272054   0.076969   0.606297   1.000000   2.000000   1.000000   2.000000
0.228728   0.213481   0.026686   0.887022   1.000000   2.000000   1.000000   2.000000
0.222066   0.263210   0.277748   0.026583   1.000000   2.000000   1.000000   2.000000
0.222954   0.215116   0.206023   0.291360   1.000000   2.000000   1.000000   2.000000
0.272050   0.271462   0.280558   0.411858   1.000000   2.000000   1.000000   2.000000
0.288085   0.278780   0.298983   0.637316   1.000000   2.000000   1.000000   2.000000
0.256558   0.284668   0.238897   0.850505   1.000000   2.000000   1.000000   2.000000
0.241629   0.281326   0.467536   0.087916   1.000000   2.000000   1.000000   2.000000
0.242929   0.258965   0.408719   0.249047   1.000000   2.000000   1.000000   2.000000
0.221094   0.281828   0.448772   0.416575   1.000000   2.000000   1.000000   2.000000
0.289064   0.264124   0.493064   0.676380   1.000000   2.000000   1.000000   2.000000
0.218611   0.209240   0.454148   0.812520   1.000000   2.000000   1.000000   2.000000
0.252458   0.290536   0.646719   0.029982   1.000000   2.000000   1.000000   2.000000
0.206678   0.237212   0.601397   0.250521   1.000000   2.000000   1.000000   2.000000
0.280366   0.266249   0.677145   0.488706   1.000000   2.000000   1.000000   2.000000
0.213453   0.206799   0.662105   0.605587   1.000000   2.000000   1.000000   2.000000
0.266932   0.283034   0.615823   0.850120   1.000000   2.000000   1.000000   2.000000
0.228932   0.211740   0.852112   0.006975   1.000000   2.000000   1.000000   2.000000
0.207274   0.297796   0.885029   0.220102   1.000000   2.000000   1.000000   2.000000
0.210138   0.258602   0.833764   0.401120   1.000000   2.000000   1.000000   2.000000
0.262432   0.226021   0.859193   0.698648   1.000000   2.000000   1.000000   2.000000
0.219824   0.234113   0.804381   0.874542   1.000000   2.000000   1.000000   2.000000
0.248490   0.440813   0.025474   0.092803   1.000000   2.000000   1.000000   2.000000
0.239802   0.408204   0.020890   0.238296   1.000000   2.000000   1.000000   2.000000
0.229682   0.467601   0.041567   0.456280   1.000000   2.000000   1.000000   2.000000
0.209065   0.484920   0.005162   0.657040   1.000000   2.000000   1.000000   2.000000
0.224817   0.438844   0.095059   0.897249   1.000000   2.000000   1.000000   2.000000
0.265978   0.441248   0.222775   0.024236   1.000000   2.000000   1.000000   2.000000
0.266163   0.487769   0.252668   0.267927   1.000000   2.000000   1.000000   2.000000
0.298132   0.444443   0.249640   0.435025   1.000000   2.000000   1.000000   2.000000
0.231800   0.494314   0.298856   0.658641   1.000000   2.000000   1.000000   2.000000
0.203029   0.475191   0.246401   0.873319   1.000000   2.000000   1.000000   2.000000
0.207151   0.403901   0.492099   0.014854   1.000000   2.000000   1.000000   2.000000
0.240704   0.417979   0.491364   0.252951   1.000000   2.000000   1.000000   2.000000
0.261138   0.465400   0.469153   0.485732   1.000000   2.000000   1.000000   2.000000
0.268526   0.420661   0.437172   0.647293   1.000000   2.000000   1.000000   2.000000
0.259932   0.492061   0.442407   0.836985   1.000000   2.000000   1.000000   2.000000
0.229371   0.425455   0.627933   0.030968   1.000000   2.000000   1.000000   2.000000
0.292410   0.480000   0.600009   0.239354   1.000000   2.000000   1.000000   2.000000
0.263985   0.496288   0.699208   0.493189   1.000000   2.000000   1.000000   2.000000
0.234063   0.436414   0.686892   0.678867   1.000000   2.000000   1.000000   2.000000
0.200655   0.468448   0.683356   0.880602   1.000000   2.000000   1.000000   2.000000
0.283130   0.434245   0.846992   0.065443   1.000000   2.000000   1.000000   2.000000
0.293624   0.464350   0.863026   0.259023   1.000000   2.000000   1.000000   2.000000
0.235339   0.475687   0.819333   0.481615   1.000000   2.000000   1.000000   2.000000
0.248099   0.481271   0.820840   0.680268   1.000000   2.000000   1.000000   2.000000
0.205590   0.486560   0.896645   0.887165   1.000000   2.000000   1.000000   2.000000
0.247733   0.673776   0.055932   0.005954   1.000000   2.000000   1.000000   2.000000
0.207154   0.619156   0.094041   0.264956   1.000000   2.000000   1.000000   2.000000
0.222384   0.607467   0.071392   0.484521   1.000000   2.000000   1.000000   2.000000
0.265991   0.663084   0.020234   0.620222   1.000000   2.000000   1.000000   2.000000
0.291601   0.626249   0.093991   0.817039   1.000000   2.000000   1.000000   2.000000
0.253930   0.659713   0.288995   0.014630   1.000000   2.000000   1.000000   2.000000
0.261142   0.673749   0.297363   0.257403   1.000000   2.000000   1.000000   2.000000
0.210992   0.601967   0.299001   0.442066   1.000000   2.000000   1.000000   2.000000
0.259025   0.620539   0.232534   0.601480   1.000000   2.000000   1.000000   2.000000
0.245871   0.608212   0.296115   0.807823   1.000000   2.000000   1.000000   2.000000
0.291154   0.622150   0.490654   0.043985   1.000000   2.000000   1.000000   2.000000
0.276809   0.618121   0.406423   0.290530   1.000000   2.000000   1.000000   2.000000
0.288398   0.693712   0.408695   0.463962   1.000000   2.000000   1.000000   2.000000
0.284955   0.679966   0.435720   0.605730   1.000000   2.000000   1.000000   2.000000
0.273487   0.680015   0.444995   0.874180   1.000000   2.000000   1.000000   2.000000
0.236530   0.619153   0.648994   0.084823   1.000000   2.000000   1.000000   2.000000
0.265338   0.661062   0.682532   0.215238   1.000000   2.000000   1.000000   2.000000
0.219332   0.685531   0.601168   0.491181   1.000000   2.000000   1.000000   2.000000
0.237670   0.665602   0.690659   0.640182   1.000000   2.000000   1.000000   2.000000
0.260142   0.639374   0.628232   0.836263   1.000000   2.000000   1.000000   2.000000
0.268700   0.646940   0.877565   0.064555   1.000000   2.000000   1.000000   2.000000
0.244832   0.655763   0.874579   0.223481   1.000000   2.000000   1.000000   2.000000
0.206123   0.617666   0.806445   0.417554   1.000000   2.000000   1.000000   2.000000
0.225391   0.613175   0.840509   0.661476   1.000000   2.000000   1.000000   2.000000
0.226470   0.601535   0.833921   0.830840   1.000000   2.000000   1.000000   2.000000
0.290271   0.856498   0.028315   0.047031   1.000000   2.000000   1.000000   2.000000
0.267340   0.839509   0.059552   0.277626   1.000000   2.000000   1.000000   2.000000
0.211913   0.828588   0.014525   0.462834   1.000000   2.000000   1.000000   2.000000
0.262501   0.836165   0.084980   0.613003   1.000000   2.000000   1.000000   2.000000
0.268527   0.870807   0.010611   0.895516   1.000000   2.000000   1.000000   2.000000
0.296434   0.816164   0.283296   0.050479   1.000000   2.000000   1.000000   2.000000
0.230444   0.853811   0.208807   0.252427   1.000000   2.000000   1.000000   2.000000
0.287369   0.852139   0.257793   0.433076   1.000000   2.000000   1.000000   2.000000
0.285562   0.813641   0.281572   0.679394   1.000000   2.000000   1.000000   2.000000
0.234712   0.833214   0.291940   0.827660   1.000000   2.000000   1.000000   2.000000
0.290958   0.848447   0.429589   0.080550   1.000000   2.000000   1.000000   2.000000
0.270627   0.861535   0.443690   0.219170   1.000000   2.000000   1.000000   2.000000
0.294436   0.810612   0.489778   0.465372   1.000000   2.000000   1.000000   2.000000
0.277986   0.870716   0.445400   0.699506   1.000000   2.000000   1.000000   2.000000
0.259291   0.817921   0.424514   0.828990   1.000000   2.000000   1.000000   2.000000
0.216637   0.865862   0.629467   0.008054   1.000000   2.000000   1.000000   2.000000
0.253558   0.821400   0.671587   0.270762   1.000000   2.000000   1.000000   2.000000
0.292311   0.855579   0.634436   0.453807   1.000000   2.000000   1.000000   2.000000
0.229056   0.864983   0.683263   0.651614   1.000000   2.000000   1.000000   2.000000
0.207354   0.827309   0.623913   0.873608   1.000000   2.000000   1.000000   2.000000
0.261639   0.863592   0.805039   0.000120   1.000000   2.000000   1.000000   2.000000
0.267375   0.830244   0.881681   0.255016   1.000000   2.000000   1.000000   2.000000
0.216031   0.801669   0.831956   0.488359   1.000000   2.000000   1.000000   2.000000
0.255375   0.859655   0.883126   0.681576   1.000000   2.000000   1.000000   2.000000
0.237745   0.801244   0.855639   0.868430   1.000000   2.000000   1.000000   2.000000
0.650879   0.088253   0.008241   0.027967   2.000000   1.000000   1.000000   1.000000
0.666469   0.038184   0.089744   0.203795   2.000000   1.000000   1.000000   1.000000
0.675369   0.052303   0.027534   0.467281   2.000000   1.000000   1.000000   1.000000
0.630896   0.078977   0.025138   0.671563   2.000000   1.000000   1.000000   1.000000
0.655768   0.092078   0.074268   0.860439   2.000000   1.000000   1.000000   1.000000
0.696763   0.039617   0.200201   0.069995   2.000000   1.000000   1.000000   1.000000
0.688864   0.020092   0.211529   0.288937   2.000000   1.000000   1.000000   1.000000
0.697308   0.038327   0.237613   0.472681   2.000000   1.000000   1.000000   1.000000
0.662346   0.002863   0.288894   0.616757   2.000000   1.000000   1.000000   1.000000
0.669368   0.033517   0.287232   0.861483   2.000000   1.000000   1.000000   1.000000
0.638057   0.008188   0.493484   0.090808   2.000000   1.000000   1.000000   1.000000
0.620705   0.021786   0.407976   0.207575   2.000000   1.000000   1.000000   1.000000
0.602330   0.051709   0.446546   0.455276   2.000000   1.000000   1.000000   1.000000
0.670044   0.031909   0.449233   0.612173   2.000000   1.000000   1.000000   1.000000
0.678453   0.009594   0.401469   0.840867   2.000000   1.000000   1.000000   1.000000
0.663002   0.068545   0.656136   0.041639   2.000000   1.000000   1.000000   1.000000
0.621812   0.080898   0.660890   0.288442   2.000000   1.000000   1.000000   1.000000
0.670236   0.095200   0.681508   0.469509   2.000000   1.000000   1.000000   1.000000
0.668048   0.030288   0.695204   0.612235   2.000000   1.000000   1.000000   1.000000
0.695155   0.063387   0.622718   0.862422   2.000000   1.000000   1.000000   1.000000
0.662886   0.039931   0.820541   0.062850   2.000000   1.000000   1.000000   1.000000
0.663346   0.057011   0.801147   0.282361   2.000000   1.000000   1.000000   1.000000
0.621394   0.029698   0.802407   0.466088   2.000000   1.000000   1.000000   1.000000
0.668610   0.018782   0.838307   0.682672   2.000000   1.000000   1.000000   1.000000
0.673235   0.033194   0.875024   0.898869   2.000000   1.000000   1.000000   1.000000
0.658095   0.299907   0.031706   0.076495   2.000000   1.000000   1.000000   1.000000
0.647374   0.260085   0.042500   0.239919   2.000000   1.000000   1.000000   1.000000
0.639968   0.271256   0.029631   0.468322   2.000000   1.000000   1.000000   1.000000
0.655652   0.203119   0.019592   0.640236   2.000000   1.000000   1.000000   1.000000
0.667447   0.265487   0.036712   0.854932   2.000000   1.000000   1.000000   1.000000
0.601420   0.269218   0.257265   0.088068   2.000000   1.000000   1.000000   1.000000
0.642687   0.298966   0.268450   0.234113   2.000000   1.000000   1.000000   1.000000
0.671238   0.265217   0.201299   0.457486   2.000000   1.000000   1.000000   1.000000
0.641380   0.215650   0.211394   0.635288   2.000000   1.000000   1.000000   1.000000
0.640965   0.276385   0.237874   0.848071   2.000000   1.000000   1.000000   1.000000
0.695466   0.242339   0.443771   0.052715   2.000000   1.000000   1.000000   1.000000
0.683459   0.201578   0.469875   0.211723   2.000000   1.000000   1.000000   1.000000
0.671543   0.231881   0.410763   0.484861   2.000000   1.000000   1.000000   1.000000
0.676788   0.234751   0.447073   0.660819   2.000000   1.000000   1.000000   1.000000
0.653348   0.294904   0.430645   0.832791   2.000000   1.000000   1.000000   1.000000
0.679148   0.272630   0.604249   0.009846   2.000000   1.000000   1.000000   1.000000
0.649341   0.235177   0.649252   0.226220   2.000000   1.000000   1.000000   1.000000
0.631397   0.261552   0.616762   0.427319   2.000000   1.000000   1.000000   1.000000
0.675949   0.236242   0.661371   0.601306   2.000000   1.000000   1.000000   1.000000
0.668742   0.292987   0.644678   0.831975   2.000000   1.000000   1.000000   1.000000
0.634647   0.216209   0.852489   0.092912   2.000000   1.000000   1.000000   1.000000
0.638177   0.248059   0.850166   0.256876   2.000000   1.000000   1.000000   1.000000
0.625106   0.279689   0.881036   0.415883   2.000000   1.000000   1.000000   1.000000
0.670914   0.273621   0.859683   0.686653   2.000000   1.000000   1.000000   1.000000
0.659119   0.250795   0.814193   0.874029   2.000000   1.000000   1.000000   1.000000
0.666851   0.407529   0.097112   0.041859   2.000000   1.000000   1.000000   1.000000
0.695961   0.467571   0.024129   0.221393   2.000000   1.000000   1.000000   1.000000
0.606946   0.436422   0.063757   0.441199   2.000000   1.000000   1.000000   1.000000
0.693156   0.487662   0.072984   0.679472   2.000000   1.000000   1.000000   1.000000
0.608232   0.407457   0.087561   0.856868   2.000000   1.000000   1.000000   1.000000
0.616784   0.450409   0.286048   0.043399   2.000000   1.000000   1.000000   1.000000
0.640466   0.432436   0.298896   0.251563   2.000000   1.000000   1.000000   1.000000
0.618753   0.497931   0.293148   0.400975   2.000000   1.000000   1.000000   1.000000
0.608581   0.423168   0.270799   0.607866   2.000000   1.000000   1.000000   1.000000
0.667248   0.408933   0.289520   0.838775   2.000000   1.000000   1.000000   1.000000
0.630518   0.428069   0.446434   0.065088   2.000000   1.000000   1.000000   1.000000
0.649766   0.410895   0.425457   0.288686   2.000000   1.000000   1.000000   1.000000
0.681586   0.463835   0.401722   0.458276   2.000000   1.000000   1.000000   1.000000
0.694906   0.468722   0.458648   0.676706   2.000000   1.000000   1.000000   1.000000
0.647026   0.404253   0.496374   0.841259   2.000000   1.000000   1.000000   1.000000
0.676841   0.417662   0.679507   0.040345   2.000000   1.000000   1.000000   1.000000
0.601820   0.425671   0.624686   0.212126   2.000000   1.000000   1.000000   1.000000
0.641667   0.493854   0.638904   0.462021   2.000000   1.000000   1.000000   1.000000
0.699397   0.434482   0.621093   0.693202   2.000000   1.000000   1.000000   1.000000
0.656780   0.494871   0.638464   0.840883   2.000000   1.000000   1.000000   1.000000
0.694859   0.425222   0.887563   0.026971   2.000000   1.000000   1.000000   1.000000
0.604425   0.438552   0.859462   0.214122   2.000000   1.000000   1.000000   1.000000
0.658757   0.471846   0.817952   0.451022   2.000000   1.000000   1.000000   1.000000
0.606160   0.451508   0.869959   0.617453   2.000000   1.000000   1.000000   1.000000
0.625713   0.460624   0.896673   0.822803   2.000000   1.000000   1.000000   1.000000
0.661780   0.636507   0.023284   0.097621   2.000000   1.000000   1.000000   1.000000
0.671407   0.695941   0.097678   0.276593   2.000000   1.000000   1.000000   1.000000
0.629763   0.689482   0.015932   0.450933   2.000000   1.000000   1.000000   1.000000
0.677227   0.625837   0.011538   0.602346   2.000000   1.000000   1.000000   1.000000
0.646867   0.618638   0.038446   0.835483   2.000000   1.000000   1.000000   1.000000
0.623311   0.687026   0.203766   0.086103   2.000000   1.000000   1.000000   1.000000
0.622265   0.601483   0.256430   0.276813   2.000000   1.000000   1.000000   1.000000
0.602783   0.652537   0.288498   0.435604   2.000000   1.000000   1.000000   1.000000
0.629803   0.699394   0.254156   0.623445   2.000000   1.000000   1.000000   1.000000
0.632778   0.601808   0.227536   0.879457   2.000000   1.000000   1.000000   1.000000
0.682736   0.631862   0.409020   0.066054   2.000000   1.000000   1.000000   1.000000
0.682496   0.689987   0.443103   0.291528   2.000000   1.000000   1.000000   1.000000
0.679131   0.670546   0.472309   0.451135   2.000000   1.000000   1.000000   1.000000
0.613845   0.669755   0.482014   0.685988   2.000000   1.000000   1.000000   1.000000
0.664468   0.693602   0.407967   0.868235   2.000000   1.000000   1.000000   1.000000
0.684106   0.640191   0.630568   0.026872   2.000000   1.000000   1.000000   1.000000
0.642262   0.644838   0.640225   0.295978   2.000000   1.000000   1.000000   1.000000
0.610426   0.648755   0.692545   0.409521   2.000000   1.000000   1.000000   1.000000
0.675339   0.626643   0.692933   0.629543   2.000000   1.000000   1.000000   1.000000
0.687094   0.600515   0.620679   0.839776   2.000000   1.000000   1.000000   1.000000
0.631203   0.600363   0.847536   0.012093   2.000000   1.000000   1.000000   1.000000
0.659867   0.684548   0.808868   0.224280   2.000000   1.000000   1.000000   1.000000
0.615570   0.629658   0.895634   0.468388   2.000000   1.000000   1.000000   1.000000
0.673324   0.646893   0.802547   0.618771   2.000000   1.000000   1.000000   1.000000
0.652758   0.611782   0.849355   0.828757   2.000000   1.000000   1.000000   1.000000
0.670020   0.808107   0.030913   0.063965   2.000000   1.000000   1.000000   1.000000
0.632356   0.864885   0.013094   0.277816   2.000000   1.000000   1.000000   1.000000
0.689917   0.802161   0.059750   0.424221   2.000000   1.000000   1.000000   1.000000
0.622674   0.812078   0.003433   0.666525   2.000000   1.000000   1.000000   1.000000
0.699632   0.828713   0.003145   0.893445   2.000000   1.000000   1.000000   1.000000
0.611230   0.856843   0.205318   0.016696   2.000000   1.000000   1.000000   1.000000
0.649777   0.895599   0.239347   0.274522   2.000000   1.000000   1.000000   1.000000
0.692943   0.876506   0.259612   0.416221   2.000000   1.000000   1.000000   1.000000
0.633992   0.820576   0.224844   0.676987   2.000000   1.000000   1.000000   1.000000
0.672416   0.815304   0.228671   0.806685   2.000000   1.000000   1.000000   1.000000
0.635628   0.802724   0.489775   0.084935   2.000000   1.000000   1.000000   1.000000
0.629010   0.812583   0.450216   0.258026   2.000000   1.000000   1.000000   1.000000
0.664734   0.886084   0.456656   0.462406   2.000000   1.000000   1.000000   1.000000
0.630663   0.894204   0.482255   0.613136   2.000000   1.000000   1.000000   1.000000
0.664988   0.857442   0.465280   0.867623   2.000000   1.000000   1.000000   1.000000
0.683382   0.856269   0.652806   0.039463   2.000000   1.000000   1.000000   1.000000
0.665301   0.832262   0.688064   0.217174   2.000000   1.000000   1.000000   1.000000
0.602264   0.837987   0.666065   0.442410   2.000000   1.000000   1.000000   1.000000
0.678347   0.822749   0.640928   0.636580   2.000000   1.000000   1.000000   1.000000
0.684505   0.891824   0.623377   0.871731   2.000000   1.000000   1.000000   1.000000
0.622371   0.886087   0.807933   0.039490   2.000000   1.000000   1.000000   1.000000
0.607629   0.825642   0.827563   0.214232   2.000000   1.000000   1.000000   1.000000
0.690438   0.842878   0.857367   0.472462   2.000000   1.000000   1.000000   1.000000
0.675765   0.884459   0.855546   0.674461   2.000000   1.000000   1.000000   1.000000
0.651204   0.881553   0.869535   0.831753   2.000000   1.000000   1.000000   1.000000
0.888784   0.020746   0.006243   0.081805   2.000000   1.000000   1.000000   2.000000
0.835299   0.045059   0.006704   0.275592   2.000000   1.000000   1.000000   2.000000
0.805238   0.016021   0.065826   0.403888   2.000000   1.000000   1.000000   2.000000
0.804624   0.032976   0.032372   0.686128   2.000000   1.000000   1.000000   2.000000
0.877428   0.013852   0.072083   0.842935   2.000000   1.000000   1.000000   2.000000
0.892433   0.000567   0.202720   0.098190   2.000000   1.000000   1.000000   2.000000
0.875608   0.022562   0.297692   0.217625   2.000000   1.000000   1.000000   2.000000
0.809362   0.060878   0.288958   0.443553   2.000000   1.000000   1.000000   2.000000
0.835890   0.048339   0.242472   0.687126   2.000000   1.000000   1.000000   2.000000
0.811091   0.098163   0.217445   0.895918   2.000000   1.000000   1.000000   2.000000
0.836299   0.067012   0.497425   0.074598   2.000000   1.000000   1.000000   2.000000
0.861297   0.041920   0.474461   0.238033   2.000000   1.000000   1.000000   2.000000
0.873689   0.029309   0.491332   0.468823   2.000000   1.000000   1.000000   2.000000
0.862154   0.015678   0.462619   0.602293   2.000000   1.000000   1.000000   2.000000
0.870957   0.047556   0.426804   0.891017   2.000000   1.000000   1.000000   2.000000
0.825019   0.034751   0.620245   0.089013   2.000000   1.000000   1.000000   2.000000
0.893078   0.046288   0.638524   0.265219   2.000000   1.000000   1.000000   2.000000
0.852375   0.077219   0.681440   0.471692   2.000000   1.000000   1.000000   2.000000
0.858053   0.020992   0.625900   0.635234   2.000000   1.000000   1.000000   2.000000
0.884657   0.007560   0.607614   0.819715   2.000000   1.000000   1.000000   2.000000
0.818014   0.023075   0.824432   0.071629   2.000000   1.000000   1.000000   2.000000
0.893072   0.082960   0.878876   0.220806   2.000000   1.000000   1.000000   2.000000
0.881913   0.058204   0.843468   0.426549   2.000000   1.000000   1.000000   2.000000
0.842849   0.051296   0.871891   0.684842   2.000000   1.000000   1.000000   2.000000
0.855066   0.063071   0.852506   0.885911   2.000000   1.000000   1.000000   2.000000
0.863670   0.288249   0.044192   0.015045   2.000000   1.000000   1.000000   2.000000
0.824997   0.222527   0.040644   0.281265   2.000000   1.000000   1.000000   2.000000
0.899310   0.273183   0.089409   0.493014   2.000000   1.000000   1.000000   2.000000
0.893852   0.260218   0.042799   0.638762   2.000000   1.000000   1.000000   2.000000
0.816366   0.271138   0.059798   0.858149   2.000000   1.000000   1.000000   2.000000
0.894237   0.282374   0.257547   0.018953   2.000000   1.000000   1.000000   2.000000
0.860915   0.222257   0.292428   0.267775   2.000000   1.000000   1.000000   2.000000
0.860172   0.219925   0.235342   0.430388   2.000000   1.000000   1.000000   2.000000
0.832016   0.250366   0.253302   0.610206   2.000000   1.000000   1.000000   2.000000
0.883610   0.265580   0.242995   0.881075   2.000000   1.000000   1.000000   2.000000
0.895618   0.205994   0.446630   0.036614   2.000000   1.000000   1.000000   2.000000
0.817225   0.299372   0.404219   0.296316   2.000000   1.000000   1.000000   2.000000
0.833495   0.249392   0.495143   0.433513   2.000000   1.000000   1.000000   2.000000
0.873191   0.218102   0.440661   0.670165   2.000000   1.000000   1.000000   2.000000
0.831822   0.236582   0.441677   0.839012   2.000000   1.000000   1.000000   2.000000
0.877980   0.228347   0.651265   0.047301   2.000000   1.000000   1.000000   2.000000
0.829482   0.259549   0.602204   0.267678   2.000000   1.000000   1.000000   2.000000
0.813093   0.282848   0.641217   0.412527   2.000000   1.000000   1.000000   2.000000
0.811924   0.223842   0.693298   0.646351   2.000000   1.000000   1.000000   2.000000
0.822260   0.269704   0.604217   0.862239   2.000000   1.000000   1.000000   2.000000
0.897096   0.271431   0.879213   0.067909   2.000000   1.000000   1.000000   2.000000
0.899730   0.245874   0.888457   0.223136   2.000000   1.000000   1.000000   2.000000
0.897558   0.261951   0.854515   0.431282   2.000000   1.000000   1.000000   2.000000
0.893492   0.251013   0.806570   0.603581   2.000000   1.000000   1.000000   2.000000
0.854643   0.225847   0.854077   0.820880   2.000000   1.000000   1.000000   2.000000
0.825240   0.495175   0.089640   0.044075   2.000000   1.000000   1.000000   2.000000
0.861102   0.457263   0.003969   0.246913   2.000000   1.000000   1.000000   2.000000
0.869462   0.442968   0.076457   0.414012   2.000000   1.000000   1.000000   2.000000
0.857524   0.422265   0.002039   0.651451   2.000000   1.000000   1.000000   2.000000
0.881647   0.405594   0.083185   0.862940   2.000000   1.000000   1.000000   2.000000
0.889808   0.499051   0.288273   0.051250   2.000000   1.000000   1.000000   2.000000
0.891768   0.447490   0.201178   0.296076   2.000000   1.000000   1.000000   2.000000
0.893929   0.413606   0.213755   0.471431   2.000000   1.000000   1.000000   2.000000
0.889312   0.416050   0.242635   0.607699   2.000000   1.000000   1.000000   2.000000
0.855339   0.484053   0.273069   0.898537   2.000000   1.000000   1.000000   2.000000
0.810465   0.438306   0.439952   0.039061   2.000000   1.000000   1.000000   2.000000
0.874491   0.443838   0.435084   0.243601   2.000000   1.000000   1.000000   2.000000
0.825605   0.407239   0.451568   0.408619   2.000000   1.000000   1.000000   2.000000
0.829476   0.448677   0.496244   0.683698   2.000000   1.000000   1.000000   2.000000
0.871520   0.461184   0.414764   0.883169   2.000000   1.000000   1.000000   2.000000
0.821952   0.432014   0.612698   0.075785   2.000000   1.000000   1.000000   2.000000
0.843107   0.426192   0.634422   0.269068   2.000000   1.000000   1.000000   2.000000
0.840231   0.403347   0.693743   0.469262   2.000000   1.000000   1.000000   2.000000
0.845221   0.445808   0.676269   0.650921   2.000000   1.000000   1.000000   2.000000
0.860519   0.445277   0.649650   0.825687   2.000000   1.000000   1.000000   2.000000
0.874597   0.494874   0.866039   0.047795   2.000000   1.000000   1.000000   2.000000
0.827523   0.441797   0.896662   0.221429   2.000000   1.000000   1.000000   2.000000
0.861266   0.426582   0.885745   0.406394   2.000000   1.000000   1.000000   2.000000
0.829058   0.455016   0.845153   0.639550   2.000000   1.000000   1.000000   2.000000
0.845866   0.434833   0.834844   0.804332   2.000000   1.000000   1.000000   2.000000
0.815334   0.628526   0.000754   0.097750   2.000000   1.000000   1.000000   2.000000
0.859811   0.636776   0.057242   0.283475   2.000000   1.000000   1.000000   2.000000
0.859917   0.654493   0.082664   0.484032   2.000000   1.000000   1.000000   2.000000
0.826728   0.654308   0.028060   0.661410   2.000000   1.000000   1.000000   2.000000
0.856293   0.683297   0.077815   0.810133   2.000000   1.000000   1.000000   2.000000
0.847375   0.630739   0.234543   0.099909   2.000000   1.000000   1.000000   2.000000
0.878226   0.687780   0.273277   0.222204   2.000000   1.000000   1.000000   2.000000
0.826601   0.601392   0.248551   0.431129   2.000000   1.000000   1.000000   2.000000
0.804463   0.613598   0.255577   0.690075   2.000000   1.000000   1.000000   2.000000
0.848983   0.639824   0.216257   0.807050   2.000000   1.000000   1.000000   2.000000
0.887118   0.669529   0.492094   0.025600   2.000000   1.000000   1.000000   2.000000
0.881632   0.622935   0.416110   0.236259   2.000000   1.000000   1.000000   2.000000
0.845918   0.688546   0.474845   0.468785   2.000000   1.000000   1.000000   2.000000
0.827911   0.633691   0.405324   0.665646   2.000000   1.000000   1.000000   2.000000
0.823586   0.614492   0.465873   0.822349   2.000000   1.000000   1.000000   2.000000
0.800021   0.688460   0.672062   0.004435   2.000000   1.000000   1.000000   2.000000
0.888832   0.632950   0.626778   0.228389   2.000000   1.000000   1.000000   2.000000
0.804439   0.688366   0.670410   0.472648   2.000000   1.000000   1.000000   2.000000
0.868433   0.625817   0.633384   0.607374   2.000000   1.000000   1.000000   2.000000
0.802181   0.609061   0.648186   0.862871   2.000000   1.000000   1.000000   2.000000
0.859458   0.630819   0.882638   0.023636   2.000000   1.000000   1.000000   2.000000
0.823615   0.696403   0.883612   0.258463   2.000000   1.000000   1.000000   2.000000
0.835818   0.657001   0.806241   0.455931   2.000000   1.000000   1.000000   2.000000
0.834682   0.641995   0.889543   0.697426   2.000000   1.000000   1.000000   2.000000
0.845684   0.655789   0.803543   0.851171   2.000000   1.000000   1.000000   2.000000
0.890093   0.892590   0.056337   0.034733   2.000000   1.000000   1.000000   2.000000
0.803664   0.828981   0.096591   0.253945   2.000000   1.000000   1.000000   2.000000
0.831497   0.803735   0.045245   0.436140   2.000000   1.000000   1.000000   2.000000
0.817913   0.897977   0.003170   0.671203   2.000000   1.000000   1.000000   2.000000
0.858792   0.899249   0.012717   0.871258   2.000000   1.000000   1.000000   2.000000
0.846417   0.877304   0.227995   0.082221   2.000000   1.000000   1.000000   2.000000
0.870082   0.818840   0.210594   0.239034   2.000000   1.000000   1.000000   2.000000
0.824284   0.857825   0.238604   0.465836   2.000000   1.000000   1.000000   2.000000
0.898432   0.806596   0.284252   0.671805   2.000000   1.000000   1.000000   2.000000
0.873623   0.800293   0.218523   0.886825   2.000000   1.000000   1.000000   2.000000
0.861817   0.833604   0.480578   0.064095   2.000000   1.000000   1.000000   2.000000
0.854432   0.847620   0.457006   0.214337   2.000000   1.000000   1.000000   2.000000
0.893961   0.887637   0.401747   0.465468   2.000000   1.000000   1.000000   2.000000
0.831809   0.823652   0.485943   0.674329   2.000000   1.000000   1.000000   2.000000
0.843734   0.895099   0.465143   0.828996   2.000000   1.000000   1.000000   2.000000
0.861800   0.820828   0.630834   0.000667   2.000000   1.000000   1.000000   2.000000
0.849586   0.859431   0.688934   0.207848   2.000000   1.000000   1.000000   2.000000
0.892715   0.884578   0.646306   0.419099   2.000000   1.000000   1.000000   2.000000
0.883447   0.844223   0.612749   0.688991   2.000000   1.000000   1.000000   2.000000
0.825957   0.887341   0.615308   0.842728   2.000000   1.000000   1.000000   2.000000
0.838525   0.867409   0.853231   0.032308   2.000000   1.000000   1.000000   2.000000
0.847291   0.831093   0.877319   0.275474   2.000000   1.000000   1.000000   2.000000
0.890670   0.875432   0.883912   0.492330   2.000000   1.000000   1.000000   2.000000
0.831175   0.854697   0.821229   0.646855   2.000000   1.000000   1.000000   2.000000
0.859801   0.802538   0.880793   0.884347   2.000000   1.000000   1.000000   2.000000
