0.645919   0.237780   0.934149   0.162822   0.966915   0.172198   0.936148   0.103822
0.585503   0.276335   0.394721   0.751579   0.918481   0.172336   0.937995   0.163595
0.385771   0.154030   0.231488   0.160003   0.911665   0.184761   0.977004   0.165442
0.590369   0.111015   0.505317   0.442539   0.980198   0.112387   0.968307   0.152388
0.699505   0.574108   0.637040   0.844482   0.109973   0.945472   0.959374   0.198561
0.587011   0.610714   0.231024   0.403331   0.113001   0.175799   0.924066   0.195329
0.310628   0.940636   0.153478   0.261923   0.128294   0.992582   0.938601   0.103952
0.462295   0.222360   0.725787   0.266363   0.948419   0.132103   0.040270   0.133805
0.510369   0.505997   0.329102   0.663886   0.113199   0.148449   0.947495   0.188850
0.207389   0.389326   0.332200   0.893548   0.110653   0.909688   0.162173   0.994227
0.796024   0.570312   0.455608   0.215902   0.901237   0.178978   0.152443   0.963001
0.685717   0.546980   0.629498   0.233155   0.107047   0.963839   0.921717   0.129945
0.266370   0.185012   0.620219   0.096865   0.178681   0.933524   0.177781   0.962433
0.537822   0.506168   0.720982   0.476015   0.114834   0.142460   0.982918   0.143571
0.349737   0.736734   0.107953   0.182573   0.164434   0.957374   0.985798   0.126789
0.751459   0.870719   0.086467   0.720583   0.931061   0.123710   0.169414   0.933995
0.208664   0.892088   0.626376   0.687169   0.944057   0.159022   0.923819   0.183369
0.783268   0.767578   0.418293   0.845507   0.955578   0.135792   0.162242   0.953654
0.770969   0.094374   0.432013   0.276490   0.105229   0.963300   0.969707   0.178080
0.441593   0.544729   0.555195   0.159013   0.160533   0.199041   0.994876   0.102109
0.492792   0.788546   0.361442   0.377472   0.199739   0.993953   0.984571   0.162284
0.089270   0.157881   0.295941   0.677436   0.128494   0.932570   0.136664   0.984270
0.699855   0.865168   0.270173   0.720308   0.105803   0.942777   0.930847   0.176295
0.566892   0.049612   0.433918   0.337137   0.911756   0.140273   0.168278   0.154262
0.177766   0.112890   0.683648   0.612814   0.138317   0.916417   0.156016   0.904692
0.348711   0.309109   0.891329   0.144329   0.981370   0.192038   0.967126   0.162577
0.522300   0.422354   0.116082   0.717861   0.105367   0.135611   0.964452   0.175614
0.236430   0.317885   0.461891   0.177133   0.158656   0.956768   0.187999   0.978272
0.482767   0.976796   0.526584   0.519375   0.137178   0.902589   0.141715   0.114226
0.276156   0.366705   0.173307   0.628374   0.188013   0.990221   0.150217   0.943779
0.106870   0.240261   0.394082   0.130585   0.128801   0.935943   0.142251   0.996870
0.060193   0.830038   0.909586   0.556011   0.151527   0.918072   0.107256   0.949884
0.840825   0.919353   0.493364   0.696165   0.997590   0.198934   0.184038   0.947182
0.733931   0.384811   0.823298   0.188413   0.956205   0.135301   0.154042   0.985376
0.130341   0.506092   0.698809   0.482873   0.169401   0.995890   0.163212   0.949692
0.097890   0.685708   0.886076   0.301081   0.199463   0.907227   0.184465   0.985955
0.520549   0.088347   0.601048   0.735388   0.957905   0.178603   0.173104   0.104346
0.617106   0.265905   0.918342   0.475661   0.979683   0.178321   0.997993   0.101925
0.639257   0.129936   0.386994   0.720015   0.957779   0.113811   0.998300   0.197643
0.803507   0.404158   0.138358   0.790381   0.928348   0.175498   0.166740   0.971319
0.385529   0.352012   0.339053   0.193229   0.926467   0.133171   0.940825   0.119470
0.420799   0.613341   0.817343   0.872653   0.171716   0.154100   0.958518   0.198186
0.551811   0.658642   0.490957   0.765680   0.185375   0.169609   0.973916   0.141424
0.120235   0.700181   0.870832   0.619476   0.942187   0.186528   0.981770   0.173593
0.721073   0.803041   0.408696   0.699658   0.977786   0.150481   0.192965   0.917637
0.239001   0.212216   0.285618   0.336480   0.148415   0.980427   0.179906   0.926764
0.186943   0.842718   0.605610   0.797811   0.955291   0.143298   0.965605   0.149844
0.744866   0.171105   0.388938   0.437771   0.133607   0.929524   0.966505   0.192222
0.060157   0.568221   0.661502   0.813898   0.188745   0.973635   0.178082   0.911186
0.142299   0.977426   0.125918   0.145822   0.914643   0.113967   0.938546   0.193000
0.102366   0.086353   0.158158   0.134384   0.155299   0.939311   0.180696   0.991980
0.026576   0.363434   0.533866   0.655659   0.117745   0.964517   0.183245   0.957512
0.548951   0.633057   0.589096   0.954542   0.110845   0.102234   0.940468   0.177657
0.918289   0.291162   0.013485   0.538346   0.116687   0.962409   0.979158   0.136046
0.566420   0.275194   0.956638   0.701309   0.901597   0.188019   0.031180   0.190320
0.276213   0.327814   0.566746   0.553008   0.118801   0.982553   0.110081   0.937965
0.882987   0.653572   0.153195   0.416397   0.900731   0.179853   0.127324   0.959496
0.489902   0.882946   0.032895   0.361053   0.151165   0.955372   0.926881   0.159541
0.470540   0.640389   0.568590   0.402177   0.113144   0.142866   0.997959   0.169685
0.421942   0.187410   0.516541   0.230353   0.908410   0.143652   0.902487   0.194369
0.188060   0.198293   0.116659   0.412515   0.144040   0.915542   0.163309   0.958689
0.778609   0.378984   0.899574   0.916659   0.957050   0.160254   0.180721   0.974044
0.705145   0.447751   0.229000   0.107383   0.923501   0.196229   0.176998   0.942714
0.436592   0.704004   0.066885   0.084233   0.163704   0.941730   0.976853   0.177825
0.345697   0.842332   0.563505   0.505063   0.135187   0.918970   0.983437   0.121225
0.843060   0.844791   0.099114   0.308763   0.943674   0.118091   0.109170   0.921641
0.139301   0.252389   0.750470   0.462693   0.158300   0.965749   0.122543   0.984584
0.899888   0.358726   0.434343   0.110653   0.998708   0.184719   0.198973   0.941470
0.296395   0.289151   0.278967   0.694667   0.181051   0.949445   0.119877   0.942634
0.774949   0.938135   0.918615   0.095057   0.967273   0.162140   0.163423   0.925016
0.581193   0.313518   0.391193   0.605099   0.178589   0.162724   0.968379   0.128165
0.515781   0.800325   0.182743   0.346930   0.113575   0.919850   0.953199   0.193480
0.929736   0.193639   0.431603   0.261435   0.178196   0.975162   0.971035   0.184642
0.197567   0.222936   0.150402   0.046364   0.160917   0.934504   0.172055   0.988531
0.698056   0.052793   0.478468   0.856597   0.921899   0.161911   0.995542   0.113601
0.334252   0.793158   0.399419   0.558763   0.160683   0.995131   0.968314   0.169223
0.433194   0.665470   0.789543   0.732222   0.123449   0.108095   0.985337   0.184331
0.257213   0.291281   0.562373   0.550154   0.195295   0.925766   0.145193   0.902666
0.776306   0.430440   0.846060   0.256955   0.985090   0.195981   0.148445   0.938907
0.905511   0.515603   0.091535   0.176463   0.979174   0.173419   0.166397   0.909004
0.950009   0.853096   0.334316   0.047038   0.959838   0.186557   0.196411   0.931509
0.133990   0.797736   0.080416   0.594820   0.983495   0.122804   0.913198   0.148679
0.936265   0.313357   0.429818   0.540076   0.935467   0.181263   0.151101   0.966067
0.504979   0.170102   0.584859   0.598245   0.913126   0.160033   0.939982   0.181866
0.139792   0.633381   0.886755   0.217492   0.116674   0.927976   0.161617   0.915265
0.742947   0.060527   0.334458   0.074497   0.182445   0.949888   0.960047   0.123926
0.080614   0.531926   0.095028   0.502335   0.101510   0.962426   0.129514   0.985737
0.558536   0.409881   0.205367   0.943141   0.187787   0.103640   0.996103   0.139310
0.447823   0.583615   0.680326   0.593007   0.109664   0.187768   0.954577   0.141854
0.793178   0.320852   0.777395   0.771119   0.980625   0.183785   0.129668   0.961035
0.476908   0.119471   0.884541   0.127698   0.900364   0.151718   0.008948   0.171097
0.564015   0.731191   0.247379   0.088061   0.192278   0.949795   0.915509   0.134208
0.223973   0.105224   0.649275   0.157680   0.162847   0.979185   0.181421   0.963638
0.044337   0.811362   0.246989   0.323511   0.137252   0.968726   0.152539   0.984958
0.253663   0.378923   0.934492   0.578810   0.175080   0.930142   0.153444   0.931310
0.762930   0.947727   0.670277   0.245106   0.930882   0.185020   0.104154   0.952832
0.450186   0.872909   0.912663   0.725966   0.145788   0.904085   0.007115   0.160872
0.754958   0.883559   0.448029   0.408547   0.906649   0.105769   0.106313   0.974918
0.752538   0.320377   0.455876   0.187853   0.946940   0.151338   0.134228   0.918612
0.762448   0.711245   0.757298   0.084390   0.921812   0.140146   0.156163   0.941313
0.508707   0.417945   0.673089   0.894793   0.144471   0.116927   0.911489   0.185778
0.385283   0.406161   0.042487   0.451463   0.938116   0.116654   0.913770   0.106973
0.428497   0.171923   0.320278   0.219305   0.906076   0.131432   0.927390   0.198939
0.204212   0.376965   0.196887   0.969169   0.144858   0.941498   0.199403   0.994115
0.812483   0.837551   0.200947   0.135445   0.996063   0.118385   0.189337   0.997983
0.834280   0.436242   0.696446   0.201909   0.929225   0.109044   0.185828   0.963601
0.327388   0.123815   0.947311   0.305233   0.985423   0.118441   0.949475   0.114042
0.492975   0.748780   0.744537   0.831656   0.149124   0.930220   0.071516   0.141200
0.773797   0.403855   0.882129   0.516094   0.946815   0.162901   0.181430   0.914368
0.080089   0.802218   0.655170   0.067684   0.114777   0.998309   0.104968   0.954678
0.078593   0.208869   0.840881   0.325371   0.176172   0.927725   0.114526   0.962171
0.039589   0.355890   0.613608   0.897840   0.171034   0.982247   0.166121   0.995753
0.738638   0.481366   0.416802   0.464128   0.956658   0.179654   0.159125   0.983456
0.533234   0.313116   0.230434   0.828074   0.180677   0.158901   0.948583   0.110482
0.114742   0.178357   0.224181   0.755040   0.104769   0.963211   0.147719   0.901637
0.487748   0.372112   0.197724   0.349114   0.104533   0.114753   0.944940   0.104093
0.765984   0.253776   0.694881   0.877919   0.171757   0.994330   0.964064   0.136126
0.442704   0.157243   0.348163   0.682538   0.950525   0.193086   0.959672   0.161307
0.335125   0.175611   0.892385   0.526282   0.949311   0.116346   0.923722   0.100041
0.517395   0.727864   0.815046   0.269505   0.139893   0.934566   0.088341   0.134636
0.256907   0.098415   0.602019   0.289087   0.111201   0.935075   0.155182   0.976638
0.185848   0.179429   0.435976   0.928156   0.118926   0.925659   0.194680   0.940538
0.845291   0.477657   0.878817   0.369361   0.981213   0.128407   0.131762   0.928672
0.321260   0.118207   0.842665   0.351774   0.979925   0.106447   0.985265   0.179893
0.416593   0.280388   0.661368   0.481848   0.947964   0.138881   0.057518   0.160845
0.546735   0.457267   0.425278   0.247167   0.108249   0.119494   0.919041   0.127925
0.446961   0.072415   0.258223   0.521238   0.962549   0.135859   0.131969   0.139524
0.153211   0.207036   0.845757   0.917509   0.132861   0.937624   0.184821   0.962453
0.338842   0.716276   0.119307   0.585557   0.188080   0.944996   0.914076   0.127634
0.680868   0.874376   0.101076   0.232451   0.184001   0.922720   0.998464   0.158816
0.228163   0.654340   0.673496   0.637809   0.136771   0.979432   0.146635   0.953064
0.371270   0.917507   0.261816   0.704175   0.134743   0.924148   0.902635   0.165126
0.157640   0.182944   0.509128   0.765785   0.154393   0.961833   0.122220   0.987788
0.657833   0.679037   0.552690   0.232943   0.184005   0.974717   0.986315   0.148908
0.363785   0.311657   0.271104   0.864596   0.908755   0.161126   0.948956   0.190141
0.468235   0.849343   0.534580   0.689534   0.125375   0.915431   0.953248   0.116151
0.008842   0.211334   0.246971   0.261722   0.146049   0.922337   0.120968   0.982761
0.156939   0.479480   0.939661   0.643776   0.122263   0.916119   0.167177   0.913089
0.965363   0.443834   0.475371   0.702354   0.957309   0.188482   0.133276   0.973370
0.843075   0.517829   0.606536   0.686985   0.929468   0.139722   0.155469   0.944517
0.617437   0.146540   0.719337   0.428687   0.952568   0.132027   0.912458   0.119097
0.342330   0.380785   0.218640   0.638980   0.909410   0.126133   0.996389   0.164418
0.263949   0.687473   0.664293   0.762692   0.113588   0.967059   0.199706   0.978488
0.914188   0.485069   0.368120   0.154123   0.917228   0.113747   0.156639   0.966172
0.509805   0.752064   0.099382   0.792309   0.104364   0.970203   0.948495   0.195718
0.518496   0.761142   0.227769   0.566253   0.196568   0.943219   0.946826   0.133499
0.055563   0.089847   0.832246   0.469454   0.166742   0.987836   0.126476   0.928143
0.454760   0.183884   0.533218   0.510571   0.908049   0.125551   0.976831   0.139058
0.301308   0.739268   0.383432   0.636891   0.141582   0.914518   0.964683   0.123330
0.332027   0.822419   0.707568   0.640067   0.103839   0.977904   0.921092   0.160684
0.681409   0.165798   0.446942   0.824896   0.969933   0.170543   0.949137   0.155425
0.689861   0.851101   0.206636   0.139178   0.170378   0.945094   0.938269   0.100434
0.885482   0.809025   0.113856   0.839427   0.915047   0.173584   0.113344   0.938664
0.806978   0.195674   0.296606   0.257773   0.129752   0.971685   0.987004   0.157760
0.441733   0.232016   0.405798   0.711089   0.916992   0.102910   0.949663   0.147694
0.546707   0.909917   0.420099   0.464158   0.165935   0.932110   0.161285   0.190853
0.280795   0.407648   0.379592   0.305314   0.117263   0.963860   0.144845   0.943495
0.431920   0.865908   0.775955   0.073496   0.151468   0.971952   0.066737   0.179927
0.468079   0.253138   0.539854   0.234649   0.965046   0.148957   0.954782   0.166732
0.506986   0.864522   0.542999   0.231470   0.127053   0.974454   0.996276   0.196586
0.780887   0.703891   0.078710   0.100468   0.912324   0.125884   0.106258   0.915857
0.085100   0.266211   0.821889   0.755768   0.169376   0.905352   0.182299   0.959088
0.792848   0.237875   0.427544   0.153317   0.122119   0.972293   0.907298   0.190303
0.200411   0.638359   0.358206   0.505428   0.144596   0.910233   0.157981   0.992338
0.818518   0.534288   0.499341   0.669433   0.967879   0.182063   0.180421   0.938645
0.231095   0.347160   0.085664   0.792797   0.103005   0.943687   0.146631   0.917782
0.489717   0.304354   0.175246   0.443148   0.149267   0.171219   0.947594   0.162611
0.980683   0.628151   0.674823   0.844902   0.950666   0.148264   0.132289   0.991581
0.620144   0.612307   0.150082   0.907751   0.155941   0.936968   0.916587   0.143798
0.719357   0.165568   0.215566   0.742768   0.119483   0.956311   0.951465   0.157066
0.283526   0.288139   0.417407   0.665110   0.111471   0.900675   0.105434   0.930526
0.172319   0.904503   0.583675   0.617728   0.910643   0.127177   0.939874   0.132085
0.491275   0.654346   0.355187   0.292629   0.189489   0.134135   0.901830   0.133420
0.321265   0.136229   0.406143   0.285362   0.968208   0.105321   0.956807   0.112722
0.501830   0.826997   0.298203   0.655239   0.175470   0.928142   0.976397   0.188725
0.147345   0.825620   0.321830   0.920188   0.969234   0.179515   0.932181   0.154840
0.513507   0.904930   0.133032   0.572066   0.102079   0.925540   0.106360   0.174463
0.787518   0.754003   0.315456   0.242749   0.965218   0.124835   0.118347   0.922344
0.836473   0.770921   0.580078   0.575769   0.904035   0.186330   0.130136   0.954021
0.520890   0.098275   0.276231   0.147849   0.918256   0.111939   0.104467   0.178066
0.548982   0.795447   0.203229   0.326743   0.148469   0.920655   0.989271   0.177348
0.751409   0.490839   0.233919   0.550695   0.962811   0.153161   0.164181   0.935056
0.237172   0.873536   0.654652   0.704268   0.993275   0.129108   0.938535   0.196545
0.702343   0.499373   0.177290   0.574347   0.997185   0.184153   0.181112   0.915789
0.744492   0.530362   0.292634   0.917098   0.945356   0.133466   0.171856   0.963968
0.463750   0.988092   0.782545   0.279906   0.124187   0.907557   0.102576   0.157702
0.381967   0.354796   0.009715   0.932981   0.980671   0.189752   0.912030   0.119421
0.732659   0.499684   0.795540   0.363702   0.959532   0.129106   0.165862   0.975674
0.880402   0.820516   0.137838   0.066033   0.934054   0.139799   0.178945   0.978892
0.151131   0.586279   0.803850   0.972530   0.176983   0.999885   0.130728   0.935193
0.264923   0.455907   0.188773   0.811898   0.153221   0.979991   0.178905   0.966910
0.801631   0.370236   0.436544   0.742084   0.936002   0.141286   0.191242   0.995795
0.463662   0.482395   0.655342   0.429914   0.111518   0.191561   0.924751   0.106751
0.110708   0.183431   0.863769   0.733322   0.184687   0.934065   0.172861   0.950883
0.531490   0.410635   0.822452   0.469213   0.104692   0.169040   0.931233   0.189339
0.112159   0.458668   0.455974   0.142008   0.155828   0.990433   0.104979   0.939116
0.478054   0.679353   0.064219   0.442801   0.177109   0.143293   0.927181   0.188810
0.422857   0.755949   0.780730   0.659445   0.193031   0.912225   0.078728   0.117307
0.545204   0.927881   0.163302   0.914354   0.160963   0.952144   0.164670   0.116945
0.720830   0.195121   0.701032   0.730396   0.178547   0.901257   0.946581   0.108416
0.379115   0.360175   0.838134   0.528377   0.958215   0.157727   0.984212   0.133876
0.685935   0.333295   0.566060   0.629285   0.131080   0.923131   0.948219   0.137504
0.012223   0.094251   0.494876   0.410292   0.165461   0.988069   0.149145   0.947889
0.296808   0.682318   0.097514   0.540985   0.161856   0.951007   0.106958   0.900395
0.289165   0.938395   0.863364   0.106297   0.930304   0.174194   0.939682   0.110751
0.065922   0.027727   0.614892   0.870651   0.156467   0.924935   0.104998   0.974490
0.143774   0.524619   0.120736   0.450241   0.171122   0.906096   0.108313   0.963957
0.842016   0.705622   0.049818   0.452759   0.970391   0.166683   0.192844   0.956568
0.855407   0.874226   0.569126   0.609158   0.998853   0.141203   0.187429   0.939160
0.786217   0.826952   0.175618   0.752726   0.902040   0.139140   0.173787   0.940293
0.433478   0.438884   0.225208   0.355080   0.119086   0.163275   0.936179   0.195535
0.762159   0.064655   0.357460   0.715766   0.126349   0.940769   0.925386   0.149919
0.746068   0.260253   0.477310   0.340096   0.182610   0.998745   0.949551   0.177245
0.328269   0.899179   0.355846   0.343911   0.143259   0.973418   0.969555   0.145251
0.037386   0.549821   0.448078   0.434191   0.149021   0.919414   0.172415   0.972447
0.262925   0.838860   0.479924   0.633321   0.931578   0.182908   0.986541   0.173427
0.250008   0.872383   0.227513   0.628004   0.929706   0.197871   0.966035   0.103644
0.723981   0.399546   0.620806   0.538076   0.913216   0.144364   0.136731   0.914610
0.336419   0.110038   0.779493   0.257939   0.999002   0.148105   0.956970   0.149241
0.672318   0.731271   0.267006   0.223234   0.133732   0.945984   0.958345   0.174430
0.154276   0.240665   0.754204   0.466450   0.174723   0.943003   0.147767   0.964446
0.056715   0.512817   0.838432   0.531444   0.103256   0.970139   0.148961   0.914467
0.311952   0.691956   0.425790   0.928356   0.942820   0.167025   0.981115   0.190269
0.762058   0.718172   0.641782   0.500330   0.924408   0.135520   0.137623   0.973709
0.516395   0.555347   0.639673   0.938518   0.148234   0.123804   0.925784   0.140920
0.572069   0.608527   0.241441   0.422813   0.189614   0.164334   0.995820   0.160861
0.759614   0.796570   0.508258   0.491277   0.965604   0.106954   0.100219   0.947440
0.907532   0.148920   0.098335   0.203468   0.150500   0.961292   0.932231   0.186612
0.947806   0.207184   0.586583   0.892040   0.142117   0.982888   0.981294   0.133435
0.809495   0.473771   0.610267   0.542763   0.982178   0.152481   0.114587   0.973457
0.162081   0.400621   0.556880   0.537916   0.107481   0.922432   0.131651   0.983331
0.474138   0.320286   0.209089   0.216836   0.188116   0.144305   0.957799   0.115368
0.180091   0.853738   0.817366   0.906212   0.928351   0.103995   0.967733   0.181281
0.955479   0.951847   0.500460   0.810465   0.977376   0.107190   0.108620   0.940296
0.141035   0.128835   0.559806   0.385418   0.107563   0.921974   0.182604   0.928139
0.401965   0.362593   0.119215   0.491800   0.134303   0.139822   0.911945   0.164401
0.079770   0.583015   0.629202   0.103327   0.159211   0.993489   0.139746   0.981593
0.213256   0.745840   0.861231   0.300422   0.905709   0.170788   0.932811   0.106149
0.732049   0.313751   0.584753   0.568975   0.951729   0.145511   0.168112   0.944317
0.325146   0.075837   0.712449   0.591737   0.968249   0.190395   0.997900   0.136986
0.129660   0.556995   0.322873   0.210160   0.135066   0.945616   0.191815   0.935242
0.314421   0.780238   0.350385   0.797643   0.123615   0.900195   0.907983   0.110083
0.695352   0.207425   0.924847   0.860217   0.931360   0.143528   0.952408   0.187171
0.337018   0.286371   0.646361   0.508581   0.977861   0.123937   0.912829   0.153019
0.695596   0.100693   0.889568   0.360380   0.969258   0.105514   0.912215   0.159503
0.115370   0.132243   0.340834   0.203977   0.112547   0.994039   0.169135   0.944379
0.138477   0.531442   0.443002   0.062092   0.128758   0.997178   0.111389   0.902687
0.646839   0.449745   0.490755   0.582287   0.166946   0.997187   0.981569   0.107060
0.811258   0.860315   0.812043   0.555064   0.928319   0.136011   0.155369   0.992257
0.826532   0.682178   0.535639   0.111467   0.910099   0.169839   0.146392   0.989449
0.607833   0.759617   0.809994   0.701673   0.157123   0.980762   0.961750   0.162789
0.148589   0.638819   0.695039   0.358252   0.127629   0.939239   0.163916   0.983700
0.101839   0.369841   0.712932   0.601369   0.150007   0.927611   0.172885   0.951133
0.785494   0.406975   0.172010   0.544968   0.924728   0.109833   0.124976   0.981566
0.543654   0.529396   0.407406   0.566544   0.112025   0.177467   0.916621   0.103658
0.883801   0.181082   0.488757   0.244559   0.160374   0.977497   0.973354   0.146400
0.887756   0.503238   0.092148   0.255594   0.929322   0.174026   0.137331   0.999472
0.177570   0.318300   0.953244   0.758780   0.108696   0.982482   0.127093   0.949942
0.179119   0.293240   0.750406   0.080647   0.199633   0.934097   0.157129   0.965817
0.898301   0.819404   0.238201   0.470673   0.989789   0.173669   0.105638   0.982145
0.814076   0.166772   0.359300   0.056481   0.114569   0.996108   0.921452   0.160079
0.339940   0.724148   0.680411   0.117840   0.156691   0.954807   0.956821   0.199764
0.482494   0.322802   0.532024   0.061890   0.186174   0.180841   0.904921   0.139666
0.915177   0.604580   0.414194   0.540142   0.938157   0.140672   0.102571   0.969882
0.168318   0.638062   0.135289   0.594940   0.145299   0.956118   0.145209   0.951243
0.704449   0.764661   0.087178   0.641479   0.986002   0.130473   0.184320   0.996314
0.868973   0.118243   0.470577   0.533221   0.115019   0.965291   0.928972   0.104795
0.942944   0.869537   0.735267   0.242602   0.923671   0.155868   0.125783   0.938452
0.864529   0.638460   0.568113   0.268055   0.903626   0.129964   0.146564   0.966329
0.670782   0.390856   0.744199   0.246529   0.178634   0.992511   0.964110   0.102955
0.257045   0.279641   0.427355   0.477185   0.126471   0.986657   0.170242   0.997525
0.636748   0.698558   0.335378   0.254898   0.124402   0.988804   0.956533   0.195914
0.846434   0.532741   0.119912   0.551310   0.956029   0.129505   0.185475   0.914302
0.657601   0.592841   0.732676   0.773018   0.157274   0.902550   0.921292   0.175599
0.629552   0.530901   0.577529   0.284437   0.116813   0.928938   0.919330   0.108211
0.819366   0.763983   0.942391   0.462518   0.968507   0.189844   0.123656   0.930738
0.558002   0.911471   0.218157   0.553206   0.181971   0.975010   0.159130   0.164439
0.832620   0.461790   0.051622   0.645443   0.925041   0.147921   0.129490   0.935644
0.231855   0.811291   0.182538   0.294420   0.900830   0.167651   0.963205   0.136068
0.236678   0.496905   0.172989   0.741721   0.119273   0.945930   0.161691   0.920448
0.689731   0.189661   0.149191   0.288539   0.995657   0.122649   0.995729   0.118872
0.472153   0.627784   0.921422   0.531035   0.143769   0.185075   0.931809   0.105410
0.435832   0.440673   0.481819   0.106179   0.132717   0.129025   0.904507   0.126277
0.751363   0.577415   0.788904   0.362513   0.986746   0.104279   0.150780   0.995117
0.540895   0.209589   0.114055   0.278001   0.912363   0.123734   0.962079   0.123894
0.944560   0.165412   0.697857   0.560816   0.128041   0.931027   0.949521   0.137438
0.253115   0.864041   0.971974   0.316925   0.930470   0.158550   0.998201   0.138492
0.288877   0.051906   0.629569   0.274134   0.194076   0.981902   0.169890   0.930670
0.154836   0.477642   0.630363   0.256880   0.185328   0.994976   0.197161   0.966854
0.286090   0.658917   0.206532   0.820454   0.154497   0.970037   0.120932   0.983304
0.260616   0.142634   0.246853   0.542926   0.127999   0.903798   0.101287   0.996311
0.083482   0.906152   0.660629   0.822244   0.170765   0.964215   0.192094   0.956000
0.833200   0.592602   0.261581   0.727928   0.945182   0.124919   0.103468   0.980568
0.516183   0.374926   0.259086   0.274563   0.148011   0.172056   0.906516   0.159088
0.465969   0.510057   0.388784   0.833113   0.186703   0.142074   0.955173   0.101686
0.141285   0.206198   0.407720   0.223655   0.108327   0.924193   0.182564   0.963336
0.828492   0.269853   0.293922   0.299333   0.121280   0.958770   0.908549   0.135104
0.419747   0.561412   0.918774   0.219045   0.176456   0.117638   0.946212   0.123531
0.166465   0.773167   0.480106   0.814903   0.914402   0.122033   0.909896   0.143023
0.535035   0.934062   0.265547   0.566531   0.156798   0.999439   0.182491   0.111561
0.687429   0.749346   0.548585   0.407870   0.109430   0.967860   0.939136   0.182813
0.831902   0.278800   0.310785   0.804633   0.101040   0.952490   0.932529   0.154654
0.132521   0.631812   0.182448   0.799072   0.112165   0.929517   0.105759   0.956189
0.770232   0.179462   0.873401   0.471602   0.198202   0.935783   0.942803   0.139358
0.835374   0.383445   0.763239   0.219110   0.957735   0.154185   0.194069   0.977569
0.118995   0.678299   0.922219   0.129908   0.143390   0.933851   0.128237   0.987536
0.628072   0.904439   0.327137   0.823439   0.133314   0.906229   0.920987   0.170796
0.398146   0.570658   0.338530   0.334774   0.995698   0.180361   0.941977   0.113082
0.400311   0.902472   0.399724   0.167596   0.182077   0.901009   0.144731   0.154521
0.611573   0.680822   0.384614   0.088883   0.198195   0.936165   0.950050   0.126668
0.155210   0.123700   0.367725   0.321050   0.140039   0.997269   0.110107   0.955631
0.908081   0.310947   0.425132   0.456799   0.900353   0.177343   0.188255   0.964925
0.344803   0.287923   0.347701   0.449790   0.929081   0.150121   0.914264   0.134435
0.103311   0.325389   0.831138   0.065478   0.193270   0.952775   0.190592   0.972479
0.200296   0.837000   0.423317   0.432052   0.940320   0.105264   0.942294   0.140999
0.544183   0.374950   0.648496   0.201163   0.132729   0.103789   0.993301   0.122163
0.362050   0.425091   0.486966   0.340085   0.918635   0.160657   0.953138   0.186592
0.544134   0.359518   0.433484   0.466160   0.136886   0.189706   0.956021   0.119526
0.860291   0.158725   0.108818   0.650864   0.158694   0.995156   0.942701   0.144909
0.576035   0.425445   0.536848   0.903844   0.163788   0.151812   0.932831   0.143895
0.558921   0.307765   0.642157   0.768606   0.162522   0.160419   0.900523   0.128010
0.236181   0.972680   0.943653   0.384784   0.925948   0.178551   0.979717   0.173622
0.086425   0.325547   0.488885   0.778578   0.111491   0.935949   0.194499   0.963987
0.819289   0.611596   0.723255   0.239562   0.907424   0.132885   0.111305   0.975188
0.405652   0.603222   0.426135   0.663630   0.127838   0.152483   0.922428   0.182674
0.837487   0.093095   0.160592   0.785314   0.188310   0.961921   0.915609   0.188719
0.652800   0.150945   0.135373   0.788520   0.902971   0.179324   0.978324   0.183582
0.625739   0.583446   0.062909   0.421962   0.155988   0.985812   0.981768   0.129310
0.785185   0.023475   0.292697   0.847975   0.100768   0.950247   0.958769   0.111467
0.420747   0.862905   0.882776   0.243630   0.143091   0.926173   0.025450   0.123572
0.854364   0.604012   0.075464   0.737323   0.990948   0.132481   0.192983   0.932721
0.160215   0.531894   0.810974   0.247142   0.194650   0.955361   0.193175   0.940247
0.463317   0.410324   0.515584   0.720435   0.197801   0.102994   0.936124   0.141374
0.153088   0.464835   0.114659   0.278527   0.184558   0.913819   0.151861   0.915762
0.723782   0.609421   0.885758   0.755638   0.922991   0.193792   0.134045   0.923659
0.241957   0.055963   0.800497   0.839921   0.123940   0.989011   0.192146   0.926890
0.569529   0.922025   0.551696   0.529123   0.140376   0.935672   0.136016   0.157022
0.815597   0.614649   0.733433   0.235991   0.965101   0.156199   0.113604   0.900058
0.177167   0.271548   0.270389   0.799465   0.190396   0.974556   0.108600   0.993602
0.791832   0.839439   0.844736   0.580764   0.956641   0.158512   0.119358   0.947635
0.045838   0.542125   0.202227   0.327610   0.182093   0.961533   0.156357   0.939650
0.539992   0.803280   0.755092   0.332456   0.160845   0.990274   0.071611   0.127842
0.415615   0.233384   0.292970   0.386786   0.956919   0.117908   0.994661   0.103955
0.836214   0.074222   0.800191   0.395850   0.193138   0.914223   0.988272   0.169004
0.174766   0.456893   0.748096   0.438359   0.118903   0.972232   0.165148   0.944462
0.601664   0.737356   0.729642   0.686459   0.110205   0.968641   0.944712   0.199286
0.610584   0.512779   0.445144   0.151006   0.166148   0.976532   0.976398   0.129176
0.647407   0.250345   0.201709   0.821689   0.961751   0.117629   0.979957   0.145162
0.132605   0.643460   0.540521   0.571979   0.128425   0.914541   0.120284   0.928564
0.439921   0.643991   0.777071   0.887422   0.185651   0.120605   0.920396   0.104965
0.375225   0.571077   0.917883   0.118997   0.983145   0.199900   0.902193   0.178129
0.303025   0.809238   0.698775   0.180586   0.149608   0.909895   0.989625   0.113093
0.358948   0.852543   0.889005   0.476454   0.169061   0.941392   0.990908   0.131122
0.695346   0.522689   0.689388   0.680727   0.148910   0.986872   0.988576   0.172729
0.663071   0.385426   0.359648   0.751755   0.182381   0.952477   0.912304   0.177291
0.872058   0.239797   0.918242   0.223373   0.170928   0.940543   0.934350   0.152585
0.304668   0.387245   0.866837   0.123332   0.953651   0.167471   0.969072   0.179792
0.624258   0.836135   0.405867   0.930488   0.120928   0.988188   0.910828   0.139254
0.699611   0.704289   0.174652   0.589349   0.194507   0.918061   0.964434   0.140992
0.247743   0.306476   0.445089   0.173035   0.120729   0.902054   0.173315   0.962093
0.333262   0.183120   0.675065   0.166881   0.993765   0.110968   0.910587   0.174333
0.669770   0.253275   0.339026   0.117527   0.914402   0.188879   0.967161   0.170738
0.864488   0.311214   0.610275   0.855591   0.925788   0.134527   0.112830   0.962322
0.803368   0.016319   0.365086   0.187308   0.127144   0.951750   0.960755   0.133982
0.768438   0.822075   0.471833   0.737389   0.984696   0.156378   0.179451   0.903153
0.405902   0.378843   0.478492   0.958226   0.130036   0.105266   0.907522   0.190608
0.304199   0.353832   0.599066   0.354335   0.975287   0.160153   0.953793   0.161037
0.825953   0.131140   0.848120   0.419527   0.109473   0.950352   0.976902   0.194298
0.078885   0.324430   0.325717   0.808953   0.152762   0.951629   0.111172   0.903465
0.656061   0.729242   0.760752   0.785063   0.173358   0.955847   0.910155   0.112448
0.898157   0.583851   0.087702   0.095409   0.996445   0.158246   0.128579   0.907393
0.792313   0.786950   0.411694   0.341606   0.923477   0.123554   0.171015   0.951758
0.867969   0.256362   0.608075   0.271490   0.116117   0.992443   0.991329   0.157105
0.393725   0.756294   0.903135   0.677173   0.137176   0.935423   0.903787   0.136638
0.219962   0.274761   0.563984   0.547396   0.126700   0.922518   0.187585   0.969316
0.581833   0.084437   0.289064   0.518153   0.925606   0.168272   0.171959   0.121687
0.327225   0.330729   0.046074   0.453564   0.975314   0.136408   0.906568   0.184221
0.308619   0.574680   0.627301   0.704018   0.965183   0.156785   0.909545   0.184428
0.390744   0.407486   0.430553   0.538907   0.929631   0.142174   0.914213   0.176457
0.856076   0.901549   0.332827   0.276200   0.946581   0.166328   0.154415   0.943097
0.696810   0.431405   0.776209   0.261234   0.165261   0.965866   0.961040   0.143063
0.515390   0.664920   0.418772   0.830564   0.161570   0.190035   0.907532   0.151957
0.222901   0.600534   0.931442   0.345984   0.145875   0.981414   0.138970   0.933418
0.516987   0.131915   0.514956   0.612371   0.968813   0.143494   0.926810   0.166651
0.306776   0.790857   0.570044   0.757277   0.158751   0.942589   0.999065   0.129403
0.557400   0.593798   0.099528   0.913897   0.137341   0.180944   0.970495   0.162236
0.342683   0.177760   0.502268   0.345978   0.924877   0.172485   0.913686   0.170750
0.423408   0.324453   0.322127   0.782932   0.123530   0.199813   0.961152   0.188457
0.690343   0.409398   0.303800   0.936487   0.171285   0.942216   0.925786   0.118489
0.209274   0.294191   0.783932   0.120252   0.101497   0.948171   0.196893   0.983765
0.482620   0.800687   0.278626   0.715014   0.199226   0.949360   0.942010   0.150845
0.939391   0.293356   0.551292   0.190767   0.175048   0.964183   0.929321   0.111095
0.830468   0.295687   0.647035   0.698558   0.189509   0.921305   0.966023   0.156718
0.711933   0.831408   0.682974   0.152549   0.935549   0.113838   0.159774   0.920422
0.719411   0.820533   0.409935   0.128220   0.980162   0.147151   0.108106   0.932247
0.606466   0.896907   0.672703   0.331427   0.103319   0.971666   0.935934   0.124976
0.588473   0.105686   0.184991   0.887260   0.972387   0.195377   0.931670   0.118395
0.676955   0.306444   0.554576   0.159261   0.114362   0.971796   0.963195   0.105681
0.112834   0.571693   0.913193   0.837934   0.141195   0.907914   0.175098   0.903578
0.516965   0.506793   0.673961   0.499790   0.192335   0.154721   0.957496   0.118787
0.480802   0.624211   0.084522   0.096646   0.163211   0.198107   0.965978   0.197130
0.555971   0.967343   0.683650   0.715677   0.131387   0.994874   0.133859   0.145721
0.972290   0.904133   0.279750   0.451681   0.972517   0.151941   0.122324   0.952467
0.302587   0.405169   0.222466   0.965913   0.997590   0.137232   0.950887   0.123904
0.713021   0.921040   0.693611   0.236314   0.966350   0.101406   0.171053   0.962391
0.227117   0.173919   0.873977   0.311232   0.121798   0.981935   0.122305   0.961308
0.044130   0.340330   0.210078   0.248553   0.188384   0.963876   0.141468   0.915043
0.285765   0.102878   0.608363   0.836603   0.149071   0.991967   0.113529   0.915040
0.096801   0.697345   0.546678   0.531978   0.180589   0.999632   0.128783   0.927412
0.058581   0.808888   0.282040   0.881039   0.150152   0.948583   0.110456   0.935324
0.412708   0.543707   0.480254   0.852590   0.160982   0.154267   0.993505   0.147409
0.466568   0.565590   0.808688   0.769545   0.186488   0.197151   0.985674   0.133759
0.545613   0.912466   0.434256   0.496144   0.126680   0.986843   0.155925   0.100971
0.529616   0.499254   0.876640   0.539001   0.153719   0.133599   0.940564   0.116308
0.477254   0.531043   0.582894   0.756185   0.145690   0.166769   0.992647   0.101731
0.294776   0.720145   0.736946   0.924442   0.916020   0.154866   0.920612   0.116838
0.159301   0.524853   0.578807   0.329412   0.162752   0.940542   0.145175   0.963381
0.473248   0.619953   0.305588   0.411091   0.167177   0.147627   0.948759   0.177468
0.795748   0.117094   0.573151   0.760466   0.190999   0.995072   0.979603   0.114075
0.164207   0.343143   0.105796   0.599416   0.181361   0.977017   0.149900   0.966353
0.835180   0.145012   0.486715   0.632269   0.106475   0.923535   0.944424   0.191157
0.872797   0.948561   0.822762   0.604276   0.992562   0.175494   0.135255   0.921358
0.420736   0.620449   0.097770   0.946990   0.123951   0.160742   0.948548   0.163706
0.467866   0.561360   0.629502   0.463258   0.160687   0.110364   0.981221   0.171528
0.489688   0.632075   0.249022   0.646500   0.173366   0.195029   0.948708   0.101470
0.829452   0.609632   0.445503   0.120998   0.969514   0.130262   0.191689   0.989985
0.334617   0.320300   0.870384   0.726556   0.988912   0.173499   0.998188   0.161093
0.761452   0.218373   0.759852   0.761684   0.127651   0.901478   0.958881   0.182603
0.805474   0.756599   0.890751   0.272742   0.953987   0.130262   0.101945   0.972171
0.189551   0.226942   0.889530   0.286119   0.148010   0.921992   0.152655   0.971230
0.629235   0.455467   0.855213   0.742496   0.167210   0.933756   0.994684   0.156103
0.325882   0.249538   0.900342   0.577731   0.905590   0.188172   0.995581   0.167184
0.024358   0.442978   0.869841   0.228006   0.114308   0.955223   0.191088   0.989592
0.514727   0.074477   0.345478   0.886770   0.992118   0.109805   0.116308   0.121469
0.154923   0.091257   0.182778   0.501721   0.163914   0.942111   0.145653   0.926730
0.505263   0.203653   0.530033   0.395275   0.949763   0.160360   0.984584   0.159680
0.319863   0.822189   0.691684   0.413218   0.197960   0.921052   0.938118   0.122739
0.698089   0.788789   0.402298   0.165358   0.103553   0.933189   0.981253   0.199534
0.150513   0.528540   0.595086   0.479380   0.114490   0.909449   0.178727   0.932435
0.897563   0.859346   0.581132   0.246927   0.935012   0.132445   0.154896   0.950468
0.842299   0.249709   0.602554   0.802747   0.113056   0.956548   0.910168   0.157395
0.738166   0.108144   0.533290   0.376291   0.143746   0.992317   0.902598   0.197611
0.713170   0.168837   0.590527   0.955293   0.148850   0.941037   0.999074   0.184942
0.404273   0.773014   0.250456   0.457952   0.166550   0.955914   0.967460   0.189749
0.537831   0.351336   0.129091   0.626146   0.137750   0.114845   0.940629   0.188417
0.641885   0.048158   0.444308   0.777463   0.928086   0.149063   0.972903   0.174897
0.807331   0.195195   0.755139   0.411703   0.139102   0.920534   0.939374   0.172356
0.174297   0.482873   0.401437   0.436903   0.146146   0.911848   0.166738   0.932348
0.487980   0.839194   0.777817   0.638852   0.170611   0.911484   0.039901   0.105212
0.524342   0.797661   0.836088   0.221547   0.166677   0.918057   0.098338   0.144233
0.598058   0.388772   0.021528   0.290600   0.125102   0.198315   0.937355   0.124476
0.509127   0.622456   0.109394   0.383573   0.157819   0.138147   0.914174   0.100815
0.464582   0.485123   0.882426   0.056459   0.100769   0.193342   0.970364   0.188969
0.998975   0.089752   0.136778   0.426844   0.140682   0.941607   0.961382   0.122376
0.508849   0.148471   0.672765   0.642993   0.952238   0.102256   0.037997   0.180182
0.373718   0.134858   0.597894   0.615138   0.916531   0.166551   0.929447   0.181569
0.875524   0.785490   0.879171   0.665741   0.971533   0.181213   0.144359   0.969312
0.692629   0.379541   0.812191   0.319230   0.123976   0.955849   0.929755   0.168699
0.346634   0.611557   0.453402   0.646461   0.910633   0.197490   0.998594   0.174486
0.710598   0.207464   0.892246   0.183266   0.188877   0.936752   0.933407   0.126026
0.330415   0.884928   0.363773   0.775896   0.153516   0.953037   0.920422   0.156033
0.577166   0.479020   0.450314   0.463111   0.143718   0.115745   0.971088   0.198346
0.187666   0.712499   0.486337   0.688978   0.991322   0.115861   0.964103   0.114593
0.254188   0.376712   0.383771   0.812556   0.152860   0.970187   0.131523   0.952799
0.310895   0.911412   0.580148   0.845710   0.159107   0.939632   0.958009   0.187918
0.821827   0.899955   0.689589   0.951896   0.992791   0.157386   0.144519   0.959601
0.761282   0.173158   0.296058   0.524527   0.115789   0.988488   0.908956   0.195064
0.817172   0.644204   0.062147   0.096994   0.958838   0.147878   0.130324   0.968462
0.630654   0.514637   0.113231   0.752905   0.108903   0.913807   0.915130   0.136596
0.554375   0.177238   0.629401   0.203247   0.997642   0.109312   0.087923   0.149907
0.305975   0.529843   0.735244   0.606678   0.970813   0.157510   0.948224   0.162064
0.874459   0.100504   0.451083   0.631481   0.151693   0.946985   0.961326   0.168450
0.059785   0.211860   0.553793   0.166057   0.112982   0.937021   0.130076   0.932375
0.936777   0.829984   0.077526   0.556664   0.927298   0.123761   0.152277   0.949241
0.382775   0.509386   0.714222   0.685864   0.904637   0.109224   0.945911   0.159886
0.924828   0.685945   0.336601   0.907930   0.925480   0.192390   0.102169   0.920682
0.445728   0.535076   0.726090   0.657841   0.152090   0.194528   0.927504   0.135809
0.851448   0.437860   0.901287   0.862277   0.990651   0.186015   0.146772   0.913411
0.948915   0.384703   0.418622   0.651719   0.936914   0.108456   0.126780   0.933669
0.607203   0.819136   0.478044   0.313740   0.168527   0.900129   0.981650   0.149292
0.620324   0.289613   0.454514   0.717192   0.946979   0.129266   0.918120   0.199276
0.611444   0.543491   0.512968   0.110031   0.181046   0.947720   0.963125   0.180345
0.890081   0.107090   0.522409   0.707006   0.186057   0.911489   0.924993   0.164271
0.735893   0.658195   0.632962   0.370155   0.906713   0.128562   0.129872   0.901198
0.767262   0.952579   0.685404   0.879993   0.903975   0.176335   0.125737   0.954893
0.881839   0.501991   0.425589   0.082767   0.918240   0.130619   0.184339   0.971286
0.602572   0.581551   0.491146   0.162788   0.169795   0.992905   0.952253   0.114837
0.108065   0.941103   0.337520   0.537786   0.915827   0.190496   0.939198   0.159878
0.839744   0.817681   0.561465   0.112143   0.978234   0.127385   0.117083   0.912006
0.506802   0.607747   0.529019   0.278810   0.137387   0.160516   0.955495   0.114716
0.848581   0.133987   0.222962   0.394320   0.116437   0.969147   0.970402   0.164758
0.241754   0.319793   0.585687   0.066191   0.199333   0.930995   0.105485   0.953207
0.254372   0.550281   0.687369   0.250456   0.125472   0.934749   0.196314   0.933401
0.496057   0.243470   0.717522   0.537112   0.925718   0.184022   0.074747   0.139584
0.694985   0.677470   0.519307   0.817184   0.123894   0.909710   0.912537   0.100398
0.425828   0.638038   0.686068   0.370009   0.168202   0.127308   0.931044   0.191422
0.887933   0.541120   0.384286   0.736827   0.966319   0.183095   0.118354   0.940131
0.955286   0.655475   0.418736   0.931236   0.975146   0.178165   0.197158   0.935455
0.395354   0.709269   0.540090   0.497940   0.186626   0.959298   0.972118   0.133646
0.156208   0.430715   0.718063   0.604227   0.191196   0.900204   0.116454   0.982180
0.264507   0.747320   0.680050   0.478026   0.939804   0.112401   0.950241   0.104044
0.191714   0.861796   0.925486   0.469107   0.949962   0.110064   0.908283   0.108885
0.129933   0.471315   0.764971   0.190226   0.102576   0.979068   0.108352   0.906522
0.802135   0.529302   0.602652   0.322639   0.911740   0.135741   0.100282   0.918523
0.233548   0.326932   0.748063   0.746755   0.167967   0.954434   0.122144   0.987895
0.400893   0.895801   0.196234   0.167582   0.122932   0.918422   0.930501   0.119914
0.165983   0.173195   0.637622   0.141664   0.191339   0.918920   0.105487   0.926842
0.786896   0.371368   0.086602   0.442242   0.960055   0.187644   0.179623   0.935050
0.366288   0.475362   0.540839   0.716717   0.933730   0.133622   0.903954   0.194882
0.760176   0.250251   0.779759   0.225251   0.172083   0.923127   0.997528   0.145458
0.718334   0.428407   0.841531   0.205235   0.909066   0.150724   0.140504   0.914423
0.828244   0.339831   0.814623   0.078441   0.926440   0.160142   0.101039   0.980843
0.048214   0.312490   0.961852   0.067705   0.153348   0.995186   0.107887   0.953802
0.527754   0.769997   0.442249   0.609303   0.198315   0.917304   0.967196   0.180134
0.136959   0.697476   0.362667   0.270611   0.153277   0.958463   0.154041   0.913966
0.442066   0.650486   0.117357   0.308088   0.111099   0.126279   0.978854   0.193387
0.804183   0.556605   0.817454   0.366373   0.963877   0.126313   0.129193   0.997461
0.770794   0.758667   0.461808   0.383004   0.933644   0.173992   0.102036   0.951720
0.481483   0.149959   0.332081   0.314884   0.939807   0.176067   0.986927   0.150095
0.286474   0.167120   0.768731   0.508336   0.150141   0.967384   0.199898   0.993762
0.930829   0.192644   0.572577   0.918444   0.197319   0.982307   0.926587   0.193646
0.170804   0.597920   0.227612   0.464665   0.176058   0.968797   0.116005   0.999890
0.228748   0.116860   0.419246   0.196057   0.186516   0.945388   0.138797   0.911834
0.248649   0.181225   0.565649   0.501180   0.104224   0.966173   0.118841   0.952809
0.961551   0.492369   0.136075   0.343602   0.923192   0.177445   0.112809   0.920819
0.224830   0.191700   0.471208   0.502234   0.113805   0.934168   0.173558   0.996185
0.569087   0.933685   0.077539   0.288838   0.187171   0.918755   0.135881   0.124731
0.602603   0.224587   0.365225   0.183792   0.931255   0.191241   0.902592   0.119562
0.677979   0.607148   0.791991   0.094168   0.161875   0.971294   0.979906   0.108086
0.346859   0.727627   0.236530   0.842237   0.191222   0.948625   0.981228   0.160443
0.147275   0.455881   0.705691   0.586568   0.170727   0.900933   0.144626   0.958210
0.117855   0.697385   0.260470   0.684026   0.113959   0.921207   0.165973   0.999226
0.068336   0.408999   0.257855   0.295118   0.173314   0.901066   0.171100   0.999636
0.402958   0.882497   0.632994   0.599925   0.159895   0.929383   0.003248   0.159642
0.530908   0.515785   0.343952   0.410850   0.113962   0.165284   0.941121   0.189410
0.428198   0.737265   0.973120   0.054052   0.157496   0.989364   0.061793   0.142807
0.898246   0.693199   0.743874   0.896621   0.989235   0.139587   0.185863   0.953836
0.934864   0.866744   0.430272   0.337160   0.914153   0.148684   0.133278   0.981509
0.314408   0.359241   0.613618   0.270709   0.915690   0.167354   0.953236   0.159593
0.223806   0.131702   0.129220   0.705852   0.138331   0.944032   0.173758   0.953473
0.098732   0.397982   0.750306   0.244854   0.197282   0.911817   0.129804   0.948553
0.357671   0.771527   0.731516   0.577136   0.122369   0.940384   0.930593   0.165202
0.282457   0.514375   0.339504   0.138218   0.122574   0.943945   0.165767   0.920828
0.721711   0.098899   0.792826   0.313620   0.192297   0.930993   0.910068   0.171963
0.500426   0.567209   0.024341   0.131176   0.120727   0.101181   0.918540   0.142089
0.921435   0.209103   0.186641   0.255489   0.121245   0.978681   0.947098   0.111719
0.118031   0.943004   0.178199   0.282507   0.901398   0.135135   0.966615   0.132751
0.912175   0.017078   0.475379   0.673371   0.169249   0.997501   0.971098   0.126147
0.537167   0.456792   0.381528   0.116649   0.103647   0.106665   0.979182   0.180492
0.688432   0.869556   0.842797   0.596163   0.135297   0.970757   0.920056   0.135586
0.334386   0.362893   0.080349   0.583566   0.928730   0.184631   0.901007   0.151043
0.123431   0.339435   0.660437   0.661777   0.150506   0.983544   0.188330   0.934591
0.480120   0.791861   0.861774   0.915797   0.129535   0.915602   0.032887   0.196638
0.340185   0.780026   0.956463   0.794139   0.186316   0.903836   0.973369   0.182194
0.494915   0.657215   0.369808   0.545744   0.178778   0.158508   0.963507   0.185579
0.816936   0.762832   0.146470   0.158995   0.977925   0.113229   0.129818   0.918594
0.341654   0.655148   0.883358   0.188243   0.930448   0.187762   0.906739   0.119772
0.540882   0.602853   0.145525   0.570028   0.133771   0.182081   0.940816   0.122589
0.437753   0.886545   0.356129   0.770128   0.196088   0.993633   0.916681   0.138940
0.333900   0.554206   0.630585   0.436659   0.908163   0.142050   0.975752   0.183474
0.630927   0.324073   0.424076   0.110960   0.109563   0.969807   0.943563   0.177136
0.425424   0.728635   0.603761   0.658740   0.108384   0.985107   0.012237   0.180897
0.516027   0.609979   0.058534   0.440512   0.102503   0.140346   0.954189   0.134739
0.190610   0.427273   0.309921   0.377885   0.167480   0.962053   0.155086   0.944382
0.047551   0.788279   0.579899   0.846823   0.114438   0.981565   0.178894   0.991081
0.889630   0.508253   0.683390   0.522035   0.900218   0.149955   0.148457   0.930899
0.294245   0.420733   0.339595   0.658846   0.178859   0.956464   0.122585   0.925248
0.745059   0.698918   0.202569   0.353325   0.940162   0.166081   0.168685   0.909497
0.515512   0.170212   0.823953   0.707087   0.988393   0.193218   0.072117   0.128691
0.122433   0.730170   0.314895   0.621536   0.972650   0.171765   0.972817   0.166125
0.671644   0.494115   0.246173   0.743737   0.140516   0.988449   0.989493   0.187035
0.141514   0.865938   0.278406   0.407835   0.995348   0.137810   0.901671   0.137535
0.837733   0.832637   0.847785   0.803709   0.960667   0.105784   0.146174   0.960090
0.385403   0.540034   0.437134   0.653298   0.972536   0.190867   0.937804   0.120032
0.265787   0.172954   0.365849   0.877281   0.125126   0.903479   0.134540   0.970561
0.488506   0.209620   0.231075   0.144787   0.978945   0.157219   0.970418   0.192807
0.361563   0.296002   0.473289   0.709654   0.939663   0.146330   0.915856   0.179840
0.391791   0.549184   0.122742   0.752677   0.982272   0.175520   0.988581   0.190527
0.507417   0.049065   0.528698   0.159134   0.906975   0.109951   0.152593   0.179365
0.328925   0.749343   0.741758   0.817622   0.164865   0.966543   0.934285   0.113290
0.900857   0.156784   0.347012   0.709654   0.196904   0.971125   0.963048   0.183851
0.705050   0.641950   0.550378   0.125847   0.990254   0.130038   0.175176   0.925811
0.284161   0.635018   0.570215   0.710390   0.157790   0.901124   0.159613   0.924894
0.349343   0.746188   0.290284   0.351708   0.169653   0.949025   0.910714   0.108943
0.723463   0.104664   0.139142   0.795968   0.160932   0.905793   0.987906   0.135808
0.246402   0.679423   0.339266   0.799013   0.194656   0.956200   0.193737   0.932085
0.819463   0.099519   0.234594   0.458676   0.136122   0.927352   0.957629   0.169871
0.464840   0.629583   0.108426   0.560695   0.144763   0.184700   0.981981   0.195366
0.843319   0.894105   0.361789   0.262655   0.990954   0.152874   0.150256   0.937672
0.868542   0.700162   0.512657   0.633172   0.978143   0.111720   0.199344   0.994188
0.460846   0.441149   0.548993   0.582212   0.181975   0.105080   0.925093   0.194147
0.458688   0.137553   0.650119   0.803309   0.996988   0.103351   0.073852   0.150797
0.536036   0.701977   0.897908   0.568971   0.159673   0.960692   0.075121   0.119702
0.749441   0.321187   0.209117   0.924126   0.960755   0.196110   0.146610   0.929555
0.305909   0.360231   0.734583   0.930814   0.929806   0.100430   0.959702   0.163814
0.851476   0.445151   0.870255   0.465709   0.947591   0.171987   0.187233   0.999546
0.331389   0.466220   0.102229   0.071414   0.900918   0.172007   0.957040   0.127038
0.131633   0.740184   0.840521   0.429844   0.999139   0.107968   0.993926   0.103871
0.366312   0.049513   0.198601   0.773213   0.975391   0.158749   0.952983   0.150988
0.111105   0.868399   0.902210   0.549802   0.923151   0.189459   0.935351   0.158409
0.448796   0.365867   0.820931   0.284535   0.167434   0.118905   0.915919   0.100285
0.423952   0.180505   0.212990   0.958101   0.935432   0.172499   0.956348   0.128382
0.800219   0.778948   0.221440   0.303386   0.917202   0.117165   0.138578   0.982999
0.557687   0.840309   0.803290   0.736860   0.167094   0.909177   0.052313   0.109333
0.140484   0.371145   0.489434   0.365319   0.142566   0.996789   0.158391   0.940661
0.179395   0.074755   0.729269   0.747890   0.117114   0.964502   0.176204   0.951224
0.295683   0.574847   0.298693   0.888479   0.142264   0.959225   0.124594   0.988204
0.361993   0.316117   0.814984   0.747403   0.941845   0.174791   0.951512   0.171271
0.043151   0.483623   0.094194   0.587734   0.175600   0.970052   0.198573   0.917188
0.490965   0.748279   0.643303   0.084811   0.140020   0.966570   0.030422   0.111668
0.895894   0.237512   0.399673   0.700727   0.136749   0.944518   0.976744   0.121897
0.751681   0.202763   0.341066   0.124921   0.158433   0.972218   0.914540   0.184894
0.311203   0.381730   0.069963   0.835541   0.976185   0.116460   0.924960   0.119249
0.226016   0.533614   0.585787   0.868757   0.112486   0.963967   0.175366   0.911700
0.521893   0.407260   0.870228   0.912779   0.112051   0.154053   0.924303   0.172610
0.118410   0.486213   0.467762   0.842918   0.136978   0.941348   0.175582   0.949611
0.477156   0.530095   0.111152   0.116732   0.196572   0.190622   0.973021   0.192967
0.562040   0.801112   0.782068   0.136482   0.194662   0.940564   0.027529   0.118041
0.962757   0.294472   0.146970   0.730659   0.136642   0.956619   0.914344   0.178622
0.262296   0.582941   0.645656   0.204388   0.141850   0.900999   0.110104   0.924838
0.836828   0.887940   0.189164   0.087071   0.930081   0.100676   0.172035   0.952282
0.061590   0.737409   0.261512   0.587369   0.127630   0.909096   0.108995   0.997405
0.074371   0.301220   0.443697   0.244520   0.103286   0.982782   0.139568   0.928042
0.315030   0.837164   0.729285   0.099537   0.129013   0.925986   0.982418   0.102895
0.813471   0.314342   0.796136   0.860247   0.975450   0.194732   0.192109   0.902220
0.201011   0.565343   0.244909   0.586468   0.107333   0.982667   0.134016   0.939245
0.687867   0.748758   0.233301   0.613761   0.112640   0.901317   0.901939   0.140089
0.832027   0.041579   0.187743   0.209626   0.168570   0.910293   0.930948   0.116803
0.333366   0.452918   0.390389   0.705717   0.997632   0.160944   0.920670   0.156229
0.576996   0.698770   0.474958   0.935035   0.129219   0.170738   0.997197   0.189027
0.455648   0.152355   0.358550   0.461593   0.981473   0.105190   0.994796   0.135390
0.483213   0.674837   0.505084   0.781343   0.116608   0.141099   0.970549   0.133638
0.247087   0.547712   0.173748   0.519017   0.106242   0.992204   0.171115   0.986315
0.677852   0.882222   0.669928   0.300033   0.171990   0.932378   0.964123   0.113926
0.337183   0.370917   0.580097   0.310013   0.959885   0.105637   0.903764   0.152073
0.774656   0.239077   0.317321   0.825608   0.135276   0.924060   0.906497   0.190554
0.252936   0.585375   0.808222   0.393562   0.189672   0.990821   0.148110   0.907319
0.106693   0.439416   0.760110   0.112796   0.134423   0.908266   0.184450   0.914056
0.443540   0.915339   0.300035   0.705536   0.114094   0.977099   0.145493   0.131180
0.275216   0.637434   0.397246   0.205251   0.196884   0.933841   0.180504   0.967674
0.406030   0.560959   0.203969   0.795372   0.176432   0.106560   0.926871   0.160429
0.207322   0.111244   0.772585   0.382459   0.150842   0.911882   0.194009   0.927984
0.409832   0.846092   0.244589   0.261005   0.195769   0.994483   0.923990   0.111284
0.609759   0.694286   0.818378   0.489568   0.180173   0.942234   0.931838   0.128607
0.933908   0.574485   0.379837   0.869285   0.997805   0.127921   0.187794   0.996189
0.908141   0.817839   0.293771   0.761303   0.959230   0.173277   0.137640   0.978215
0.324341   0.970756   0.786840   0.620660   0.154569   0.912081   0.929761   0.132248
0.649735   0.891698   0.924372   0.892082   0.177311   0.928506   0.972983   0.174337
0.240379   0.228931   0.332871   0.301896   0.129733   0.971726   0.108840   0.991532
0.459282   0.403865   0.590815   0.538111   0.188410   0.124353   0.976968   0.198605
0.710125   0.870482   0.189015   0.664446   0.991793   0.151773   0.193270   0.975129
0.576803   0.153581   0.364414   0.425124   0.900733   0.180137   0.941841   0.146447
0.050632   0.521972   0.771464   0.390044   0.116379   0.966872   0.154974   0.926790
0.404563   0.366554   0.680462   0.147021   0.159284   0.134146   0.958171   0.189609
0.732962   0.097835   0.586298   0.262216   0.135205   0.928478   0.988431   0.104738
0.257420   0.702256   0.369077   0.479454   0.996289   0.103139   0.978537   0.160908
0.420715   0.334140   0.293884   0.229173   0.181000   0.154723   0.904754   0.127741
0.569305   0.481981   0.643733   0.578118   0.116719   0.143836   0.985420   0.177918
0.639009   0.450607   0.537206   0.488329   0.115077   0.938766   0.920956   0.154443
0.392061   0.232142   0.215794   0.277151   0.942678   0.185891   0.944080   0.134885
0.174251   0.834293   0.860366   0.403509   0.987580   0.161868   0.974834   0.116260
0.823145   0.547577   0.401959   0.785059   0.988478   0.186335   0.187111   0.943974
0.582932   0.061631   0.617121   0.380441   0.938494   0.123898   0.166169   0.102210
0.439861   0.714216   0.956442   0.720067   0.122806   0.955997   0.010258   0.188355
0.197797   0.159945   0.765410   0.614221   0.177147   0.968383   0.188713   0.999909
0.694037   0.753261   0.417837   0.631146   0.151706   0.966064   0.993658   0.171685
0.568135   0.413463   0.895172   0.456631   0.122741   0.180162   0.936179   0.117118
0.331305   0.142110   0.964047   0.259782   0.957447   0.108014   0.919586   0.141559
0.339884   0.491246   0.538633   0.097438   0.949179   0.189213   0.985523   0.172379
0.356621   0.080819   0.440839   0.229340   0.900841   0.135169   0.975259   0.128218
0.333016   0.685117   0.707369   0.305722   0.941586   0.188056   0.965432   0.181810
0.509722   0.186188   0.328337   0.285055   0.930617   0.185684   0.970345   0.135034
0.449105   0.429959   0.781491   0.520647   0.159661   0.150425   0.969522   0.169946
0.600692   0.739059   0.476650   0.150498   0.168554   0.924593   0.961345   0.115384
0.730541   0.950987   0.214706   0.837122   0.945318   0.110822   0.118912   0.935263
0.770419   0.118821   0.969624   0.415619   0.163230   0.918245   0.968733   0.150726
0.192788   0.532630   0.357888   0.358045   0.148379   0.955610   0.166206   0.933015
0.610571   0.901691   0.316110   0.430170   0.161312   0.948810   0.999166   0.116621
0.390688   0.246188   0.202759   0.452443   0.977269   0.137094   0.937994   0.140873
0.519132   0.818311   0.911326   0.704321   0.114123   0.992385   0.010707   0.100127
0.890836   0.530156   0.253457   0.749725   0.918654   0.120252   0.114101   0.954280
0.230552   0.215649   0.897026   0.771854   0.113290   0.987926   0.172609   0.968236
0.614165   0.543993   0.429947   0.418855   0.107083   0.960604   0.962071   0.141057
0.878480   0.610615   0.787778   0.284029   0.999407   0.141716   0.110995   0.926360
0.992407   0.519588   0.464576   0.581949   0.908997   0.142529   0.195403   0.986267
0.477445   0.249007   0.374124   0.716254   0.937540   0.144392   0.969858   0.144126
0.312583   0.308819   0.816914   0.789644   0.911319   0.142597   0.901944   0.180067
0.250452   0.311612   0.245829   0.233309   0.127363   0.951350   0.159604   0.936569
0.293588   0.355190   0.691275   0.586807   0.122234   0.949322   0.111787   0.982599
0.620705   0.420708   0.240681   0.529127   0.197274   0.976425   0.928217   0.112455
0.610265   0.615413   0.225619   0.130997   0.110013   0.997197   0.910601   0.119059
0.227375   0.092757   0.831979   0.227596   0.124889   0.917393   0.179685   0.901118
0.902258   0.669478   0.644271   0.650038   0.950503   0.114848   0.104571   0.919648
0.333170   0.045663   0.776113   0.207657   0.903917   0.118530   0.949927   0.183724
0.934861   0.253548   0.403278   0.802199   0.195472   0.997066   0.979493   0.140436
0.651243   0.094436   0.312610   0.570145   0.968903   0.152529   0.965592   0.140015
0.777610   0.307486   0.240912   0.677979   0.982868   0.172973   0.159220   0.990007
0.873107   0.317200   0.852391   0.396524   0.954360   0.128369   0.121955   0.990746
0.237342   0.115136   0.093640   0.690705   0.126673   0.986425   0.178761   0.962777
0.204822   0.713368   0.083541   0.774387   0.906610   0.140605   0.900565   0.194754
0.949521   0.159494   0.466833   0.904334   0.172666   0.928196   0.946630   0.180351
0.534144   0.387276   0.382626   0.707206   0.144198   0.175505   0.908880   0.197860
0.088886   0.797327   0.743164   0.791405   0.122954   0.920859   0.110778   0.913965
0.732710   0.696423   0.773772   0.199735   0.957133   0.187318   0.125333   0.998869
0.118661   0.375737   0.175931   0.025597   0.157910   0.927294   0.102302   0.920360
0.800626   0.271850   0.608041   0.515510   0.136623   0.952701   0.953777   0.120724
0.310554   0.282267   0.246935   0.145412   0.992817   0.125884   0.965896   0.158270
0.489178   0.445436   0.536697   0.183914   0.198588   0.139215   0.933245   0.105197
0.988156   0.920163   0.636485   0.663858   0.997584   0.133055   0.116576   0.920640
0.385937   0.822897   0.525695   0.285788   0.136974   0.982976   0.935399   0.151492
0.191401   0.583894   0.821283   0.354548   0.197761   0.960246   0.196314   0.927898
0.238526   0.794067   0.096157   0.946534   0.977595   0.164703   0.902937   0.112075
0.540399   0.155199   0.658968   0.809994   0.902421   0.182233   0.038187   0.142886
0.474643   0.444705   0.523628   0.078299   0.134337   0.130297   0.984957   0.178824
0.760617   0.558017   0.148571   0.322981   0.978100   0.188664   0.123587   0.959842
0.647671   0.136862   0.491243   0.361061   0.991590   0.170261   0.985110   0.137794
0.436460   0.571429   0.923763   0.875705   0.163561   0.140842   0.919179   0.143906
0.098332   0.345855   0.685920   0.532100   0.110776   0.983686   0.160292   0.963921
0.160829   0.402771   0.193193   0.141432   0.107941   0.920807   0.110140   0.971862
0.652039   0.623757   0.381671   0.454869   0.192253   0.930044   0.916084   0.166754
0.298099   0.440426   0.965796   0.089835   0.176009   0.976243   0.134555   0.946361
0.728573   0.504848   0.126733   0.742833   0.931139   0.159030   0.141952   0.949847
0.771364   0.416871   0.103687   0.609739   0.946201   0.125563   0.141189   0.952377
0.863806   0.137549   0.682448   0.698285   0.156780   0.972537   0.981928   0.193772
0.126267   0.469559   0.664705   0.375900   0.103173   0.974075   0.153057   0.933152
0.878574   0.490025   0.899855   0.490510   0.925737   0.116075   0.182848   0.997514
0.622035   0.848454   0.509654   0.088520   0.180545   0.963447   0.983858   0.197424
0.801288   0.778660   0.636456   0.201669   0.977711   0.141266   0.177517   0.940110
0.626269   0.206867   0.281309   0.131923   0.907810   0.161834   0.915701   0.167116
0.855790   0.858331   0.051526   0.857421   0.927887   0.149568   0.149759   0.932388
0.776728   0.524559   0.279348   0.352188   0.989454   0.196537   0.193680   0.906408
0.481506   0.537400   0.180931   0.882892   0.160885   0.170997   0.904935   0.189386
0.707699   0.507525   0.429980   0.085314   0.959796   0.161191   0.154336   0.985246
0.230352   0.768061   0.862880   0.320115   0.960559   0.156412   0.945238   0.125496
0.568634   0.219282   0.470038   0.390828   0.939671   0.168682   0.982712   0.136107
0.330534   0.680922   0.737566   0.162858   0.943872   0.170302   0.988404   0.118742
0.196335   0.669841   0.151636   0.867719   0.103416   0.963699   0.108047   0.982874
0.325135   0.695931   0.908879   0.282220   0.971624   0.170678   0.965967   0.163287
0.414664   0.722298   0.084130   0.742505   0.112049   0.981605   0.996608   0.125383
0.745068   0.487799   0.749195   0.347867   0.919327   0.150449   0.178225   0.965962
0.656818   0.783053   0.511423   0.866665   0.199565   0.948067   0.990772   0.128027
0.569416   0.523008   0.851008   0.806769   0.148727   0.187688   0.957952   0.117121
0.718052   0.931955   0.452525   0.268028   0.944698   0.173434   0.188020   0.904173
0.216184   0.784242   0.388491   0.247820   0.941324   0.196316   0.954830   0.128440
0.242541   0.304370   0.763851   0.868370   0.193850   0.989836   0.192297   0.995006
0.416306   0.852830   0.123682   0.366165   0.153135   0.926338   0.999468   0.166552
0.595958   0.975865   0.742603   0.705071   0.191714   0.956748   0.138948   0.173089
0.486089   0.080981   0.670914   0.357876   0.951611   0.107289   0.100963   0.175483
0.699554   0.379795   0.946071   0.527353   0.179679   0.993036   0.960231   0.197844
0.413076   0.876090   0.594742   0.068165   0.182092   0.988897   0.934099   0.199472
0.680038   0.630353   0.248397   0.798625   0.117155   0.952723   0.953822   0.106833
0.725360   0.909930   0.222699   0.410133   0.995274   0.169915   0.149092   0.978988
0.882004   0.651522   0.886094   0.636502   0.984593   0.125105   0.141308   0.962500
0.541717   0.587741   0.358043   0.957478   0.169645   0.185439   0.985937   0.172069
0.581963   0.925659   0.326793   0.083112   0.157652   0.998216   0.117575   0.111391
0.593836   0.864333   0.722838   0.733065   0.114387   0.971926   0.087095   0.158487
0.510733   0.161444   0.153365   0.473396   0.946818   0.108365   0.985879   0.167232
0.502365   0.094550   0.427696   0.786319   0.959426   0.176535   0.149948   0.113413
0.435332   0.592724   0.620394   0.245418   0.171360   0.199140   0.988678   0.167557
0.563497   0.130216   0.724901   0.435271   0.998874   0.128493   0.016569   0.188109
0.583269   0.189499   0.496290   0.614695   0.970896   0.138241   0.940966   0.196536
0.860637   0.316700   0.169094   0.290375   0.930339   0.196211   0.171218   0.976982
0.575167   0.472736   0.592933   0.376392   0.170415   0.143892   0.985335   0.146432
0.752904   0.119694   0.785578   0.805378   0.114361   0.981465   0.944122   0.153774
0.553978   0.696647   0.853205   0.128979   0.101188   0.148769   0.916966   0.186400
0.792673   0.477948   0.421572   0.415289   0.917073   0.141303   0.140671   0.941407
0.033251   0.401760   0.508892   0.962949   0.165523   0.975657   0.156041   0.932594
0.402435   0.623643   0.202428   0.519151   0.126076   0.174028   0.970589   0.166000
0.713551   0.768091   0.529592   0.534017   0.920469   0.169337   0.146446   0.939210
0.958583   0.545729   0.143650   0.207723   0.925394   0.154170   0.120343   0.993979
0.580657   0.435557   0.883070   0.681677   0.191467   0.132809   0.919786   0.102128
0.435584   0.689901   0.830980   0.313683   0.121809   0.180786   0.967687   0.154718
0.220000   0.274718   0.606806   0.320228   0.187455   0.947154   0.174294   0.922999
0.366757   0.477003   0.126282   0.133939   0.924761   0.175663   0.991315   0.166585
0.387755   0.726771   0.741993   0.314047   0.120007   0.919811   0.960916   0.195409
0.872046   0.956490   0.130263   0.340635   0.971312   0.134737   0.181981   0.941880
0.882013   0.508719   0.395008   0.498273   0.921096   0.150997   0.138297   0.969357
0.798568   0.155444   0.163102   0.119162   0.177465   0.978263   0.944354   0.106878
0.136269   0.159605   0.515701   0.116830   0.100546   0.967083   0.149682   0.913557
0.896714   0.494129   0.663838   0.766555   0.914158   0.190587   0.153094   0.910591
0.010318   0.600497   0.646743   0.205306   0.149787   0.949325   0.194011   0.902590
0.731321   0.623968   0.347044   0.462349   0.937865   0.125676   0.169164   0.940404
0.702304   0.898278   0.446051   0.462230   0.958875   0.158266   0.188916   0.991021
0.408122   0.646388   0.176057   0.853718   0.192878   0.179913   0.959809   0.165659
0.872740   0.324133   0.764722   0.733522   0.925022   0.176084   0.122194   0.915628
0.780290   0.184134   0.604040   0.105519   0.152595   0.999507   0.914449   0.108902
0.215624   0.571692   0.332373   0.262307   0.191236   0.958605   0.104526   0.980348
0.406187   0.143960   0.812571   0.919293   0.963947   0.155349   0.056155   0.198067
0.599508   0.364939   0.071740   0.048232   0.164599   0.182460   0.927511   0.103132
0.524537   0.513270   0.723924   0.267409   0.180790   0.152940   0.988695   0.129466
0.526548   0.116585   0.743992   0.199397   0.932647   0.111887   0.099491   0.163878
0.900465   0.739301   0.651260   0.438552   0.963922   0.157182   0.199971   0.930482
0.277109   0.078026   0.559292   0.632369   0.115973   0.965468   0.152741   0.952316
0.586705   0.207757   0.072818   0.477237   0.931996   0.164109   0.962655   0.195149
0.564903   0.186028   0.437848   0.185201   0.948141   0.185483   0.940261   0.184147
0.632234   0.417612   0.258217   0.311390   0.132323   0.987775   0.937253   0.187354
0.733155   0.291351   0.047260   0.145867   0.178802   0.932552   0.927281   0.151432
0.155927   0.680108   0.149036   0.582989   0.157709   0.998304   0.137343   0.979771
0.913868   0.468017   0.585561   0.697487   0.949475   0.163960   0.189399   0.924894
0.718378   0.417859   0.516918   0.482143   0.922813   0.104145   0.126484   0.955263
0.618507   0.595812   0.203382   0.048479   0.184179   0.911053   0.944900   0.192526
0.805802   0.604377   0.348655   0.289441   0.922107   0.137880   0.195070   0.976517
0.513523   0.277098   0.135186   0.914903   0.928872   0.104755   0.962498   0.122333
0.471160   0.865056   0.144033   0.612412   0.196085   0.977480   0.981893   0.188504
0.954575   0.855570   0.570781   0.203171   0.982445   0.129491   0.194084   0.904972
0.695482   0.208766   0.218641   0.465957   0.957443   0.186057   0.953518   0.127358
0.394795   0.023003   0.166316   0.615170   0.929343   0.154099   0.983183   0.145571
0.106534   0.408523   0.473474   0.264075   0.138328   0.943541   0.196190   0.977793
0.897434   0.653999   0.462040   0.511088   0.974299   0.173947   0.166650   0.982919
0.667600   0.874426   0.045896   0.821071   0.109059   0.996720   0.947965   0.146418
0.687068   0.227892   0.879579   0.612874   0.923746   0.155034   0.917383   0.150393
0.130910   0.367101   0.821875   0.716522   0.184072   0.946770   0.127968   0.942336
0.930097   0.808410   0.463034   0.507785   0.943342   0.171347   0.179330   0.976536
0.163818   0.319762   0.596150   0.827844   0.140627   0.923728   0.194316   0.902865
0.548346   0.354943   0.537676   0.485409   0.168482   0.120986   0.915551   0.156437
0.305126   0.755489   0.870549   0.071967   0.191293   0.934975   0.904567   0.127845
0.182931   0.539396   0.609863   0.235160   0.106239   0.963298   0.178045   0.948057
0.449495   0.275980   0.651950   0.543281   0.935536   0.116638   0.046011   0.142279
0.635761   0.421138   0.783226   0.567354   0.165412   0.988238   0.983716   0.122848
0.369631   0.584699   0.069091   0.819033   0.930940   0.197123   0.973390   0.110598
0.658245   0.285440   0.945842   0.110919   0.966924   0.124959   0.964458   0.144364
0.834053   0.145242   0.222030   0.681348   0.108865   0.940227   0.954941   0.182116
0.689721   0.640286   0.607592   0.277221   0.111730   0.928220   0.937128   0.190908
0.686013   0.265785   0.767087   0.337133   0.939606   0.131981   0.979087   0.173793
0.133814   0.890303   0.922200   0.770645   0.918421   0.113926   0.942088   0.175892
0.350650   0.269951   0.024235   0.557984   0.940404   0.110178   0.958100   0.169598
0.777370   0.667048   0.818912   0.114695   0.937234   0.183607   0.197666   0.943489
0.693753   0.401368   0.451655   0.734510   0.105928   0.940673   0.941746   0.138393
0.890816   0.855276   0.149699   0.240215   0.969752   0.118642   0.135322   0.999139
0.447906   0.216279   0.163995   0.617545   0.968200   0.131652   0.945238   0.148068
0.740050   0.294987   0.774149   0.070808   0.101505   0.975267   0.961635   0.136016
0.566611   0.366457   0.181262   0.781693   0.187636   0.157932   0.913182   0.148961
0.636261   0.787654   0.608161   0.828773   0.173179   0.956055   0.954099   0.101197
0.733704   0.057704   0.129037   0.680493   0.123559   0.911582   0.966370   0.160244
0.133768   0.191993   0.172305   0.574171   0.159486   0.950562   0.192859   0.930155
0.743347   0.126728   0.742718   0.755235   0.182830   0.978870   0.973520   0.132384
0.449789   0.397508   0.475754   0.833974   0.116941   0.161486   0.965011   0.191933
0.473714   0.903344   0.170403   0.264993   0.123866   0.920311   0.198514   0.113220
0.041057   0.387606   0.204560   0.193311   0.190381   0.912359   0.187898   0.975531
0.095990   0.542381   0.233781   0.160382   0.163111   0.955793   0.111370   0.970853
0.421062   0.297295   0.676964   0.544933   0.994862   0.131371   0.066527   0.193130
0.742544   0.123530   0.829721   0.552931   0.182523   0.916756   0.932295   0.179438
0.123355   0.879535   0.115928   0.776047   0.935699   0.155193   0.966191   0.154176
0.898889   0.370393   0.896843   0.175428   0.965061   0.118319   0.172706   0.936340
0.812052   0.782237   0.607777   0.110451   0.922670   0.158534   0.114398   0.966747
0.140596   0.248773   0.941276   0.549776   0.104509   0.941869   0.131863   0.966586
0.712095   0.604060   0.589165   0.327039   0.991828   0.119392   0.177899   0.919878
0.214052   0.266187   0.147348   0.201536   0.173967   0.960236   0.181766   0.950621
0.751860   0.426391   0.694757   0.525518   0.917342   0.198206   0.172565   0.979072
0.571501   0.867472   0.408642   0.873487   0.152793   0.956539   0.924438   0.121174
0.336422   0.357416   0.312216   0.184231   0.951309   0.129973   0.948129   0.185712
0.072695   0.491722   0.562909   0.305225   0.108508   0.906503   0.165944   0.953960
0.162966   0.834166   0.165595   0.658324   0.912955   0.167302   0.975232   0.160891
0.371063   0.565800   0.887973   0.866505   0.967075   0.145057   0.952730   0.107883
0.087244   0.763282   0.309449   0.226891   0.165116   0.990729   0.178725   0.958347
0.145770   0.616598   0.733509   0.286780   0.185241   0.911541   0.178325   0.993925
0.241161   0.210654   0.771234   0.890840   0.125732   0.903762   0.125405   0.996611
0.743145   0.728829   0.382902   0.471030   0.936677   0.132324   0.104158   0.971679
0.234344   0.736900   0.398041   0.580637   0.901586   0.138658   0.929302   0.178382
0.649809   0.522075   0.100978   0.828383   0.149101   0.919046   0.971639   0.107029
0.754935   0.560213   0.092845   0.492238   0.924896   0.119811   0.195632   0.914547
0.506390   0.159571   0.144644   0.534123   0.909376   0.136222   0.979955   0.163511
0.589176   0.373982   0.846826   0.752708   0.152290   0.163521   0.932224   0.198573
0.502188   0.685008   0.160691   0.640620   0.179359   0.128069   0.979334   0.188583
0.482801   0.143449   0.054236   0.403693   0.980890   0.134727   0.910846   0.150405
0.251723   0.412959   0.744398   0.640945   0.144302   0.951393   0.157020   0.903247
0.829041   0.890235   0.359783   0.345345   0.978230   0.107938   0.197218   0.991570
0.107396   0.362613   0.399209   0.390390   0.142474   0.984520   0.124172   0.912418
0.059037   0.193781   0.463985   0.552754   0.181629   0.968792   0.146609   0.981662
0.092106   0.317887   0.617698   0.449559   0.149925   0.957562   0.194597   0.953052
0.211682   0.425321   0.424582   0.475667   0.136310   0.922230   0.165252   0.984082
0.176861   0.419987   0.655495   0.479445   0.159558   0.994709   0.132165   0.985476
0.849015   0.529179   0.681661   0.093060   0.938575   0.140730   0.136819   0.987602
0.768997   0.456754   0.348538   0.822587   0.978578   0.143746   0.157314   0.983575
0.384111   0.578470   0.391019   0.932014   0.963435   0.161993   0.925806   0.152859
0.885243   0.677446   0.404787   0.806430   0.977624   0.105346   0.199059   0.990524
0.734516   0.180476   0.366952   0.901515   0.190650   0.992883   0.993940   0.131544
0.251743   0.353763   0.392068   0.126321   0.175175   0.978798   0.121922   0.991467
0.902623   0.305483   0.679045   0.532128   0.935918   0.143315   0.137016   0.917186
0.350396   0.483395   0.028238   0.813421   0.909829   0.151454   0.963393   0.186960
0.777043   0.530471   0.331924   0.540476   0.904365   0.139745   0.151656   0.984037
0.673112   0.534353   0.846686   0.679342   0.129445   0.971521   0.960752   0.162465
0.871919   0.108352   0.977366   0.548051   0.174834   0.933147   0.944933   0.154223
0.525751   0.636357   0.382773   0.206590   0.182225   0.117041   0.993134   0.159276
0.394905   0.491829   0.250421   0.318011   0.924111   0.103042   0.970277   0.126379
0.426930   0.759241   0.355110   0.549531   0.135624   0.997874   0.975145   0.140898
0.685138   0.614821   0.360127   0.774416   0.194431   0.939999   0.995951   0.191193
0.790713   0.225166   0.221696   0.340390   0.166004   0.961379   0.958711   0.161510
0.179940   0.960403   0.343306   0.563514   0.979349   0.167118   0.954597   0.152270
0.676423   0.864163   0.424565   0.523448   0.122526   0.960031   0.996877   0.122450
0.409624   0.430011   0.871514   0.534030   0.144438   0.138730   0.995245   0.104377
0.637885   0.836131   0.363424   0.559533   0.198619   0.939391   0.997638   0.135551
0.108316   0.379507   0.196592   0.489690   0.128889   0.947455   0.168917   0.971969
0.138712   0.323776   0.667514   0.750933   0.106323   0.929840   0.106430   0.998999
0.937614   0.543609   0.159810   0.407455   0.978183   0.193761   0.152581   0.905916
0.778045   0.107482   0.887446   0.408945   0.132722   0.907340   0.986728   0.181545
0.143814   0.132952   0.575995   0.603920   0.160332   0.934442   0.132209   0.981560
0.935958   0.258102   0.756678   0.366412   0.139633   0.952566   0.997157   0.174214
0.523255   0.169439   0.881870   0.481543   0.978560   0.102296   0.017375   0.153912
0.822973   0.713446   0.325782   0.730574   0.987752   0.175775   0.112837   0.950070
0.728748   0.301568   0.084718   0.040237   0.970674   0.117277   0.170040   0.973736
0.620926   0.778572   0.162764   0.518601   0.199160   0.950490   0.921535   0.100357
0.595804   0.643860   0.244941   0.447736   0.112066   0.169217   0.984025   0.194581
0.660046   0.850200   0.255030   0.281752   0.181962   0.900371   0.985796   0.144346
0.835497   0.318680   0.850387   0.249739   0.956754   0.182279   0.161317   0.929021
0.681901   0.794291   0.445996   0.695980   0.196804   0.929251   0.970528   0.140812
0.344816   0.602603   0.503737   0.086490   0.979514   0.103941   0.919077   0.113472
0.116815   0.142788   0.666836   0.228039   0.189238   0.901509   0.135056   0.915674
0.179621   0.516720   0.159423   0.371820   0.159289   0.930581   0.197399   0.954707
0.194584   0.931202   0.683907   0.477034   0.987599   0.111046   0.938101   0.144880
0.713510   0.448593   0.476649   0.911707   0.955752   0.113319   0.112730   0.956741
0.589558   0.175151   0.506103   0.502484   0.928857   0.153515   0.993005   0.103723
0.448702   0.250368   0.577857   0.305716   0.961899   0.136911   0.950956   0.192876
0.235702   0.790701   0.176228   0.351170   0.955458   0.175742   0.994097   0.127477
0.581389   0.331193   0.207243   0.925229   0.135467   0.136222   0.900819   0.101603
0.452241   0.142504   0.656304   0.510744   0.945142   0.186029   0.093033   0.127004
0.312039   0.637428   0.021575   0.300639   0.974920   0.150878   0.935438   0.180886
0.101339   0.829604   0.485546   0.536992   0.954159   0.120968   0.984909   0.171427
0.695583   0.736796   0.525583   0.568289   0.192787   0.986503   0.911621   0.144376
0.342585   0.662785   0.769457   0.371604   0.930960   0.184447   0.990108   0.148972
0.551947   0.135330   0.774596   0.358958   0.978217   0.176343   0.050975   0.140890
0.124710   0.778300   0.767390   0.125435   0.958014   0.104001   0.994771   0.165677
0.181286   0.464743   0.634198   0.188363   0.101254   0.999342   0.145634   0.914814
0.099789   0.120103   0.216597   0.225696   0.169597   0.961801   0.160972   0.974979
0.919034   0.850897   0.559736   0.347628   0.993582   0.159518   0.103493   0.916721
0.449401   0.470100   0.643558   0.141857   0.143824   0.140679   0.997166   0.114215
0.826037   0.071675   0.504980   0.734509   0.191847   0.995877   0.992877   0.173687
0.751478   0.113335   0.636446   0.807809   0.147573   0.937639   0.997286   0.157254
0.161307   0.224335   0.802082   0.754488   0.186931   0.953543   0.117478   0.954551
0.646072   0.693637   0.585859   0.544625   0.193967   0.902259   0.918107   0.151590
0.218128   0.073158   0.170222   0.431495   0.157792   0.909155   0.155878   0.946986
0.533378   0.691304   0.165675   0.515443   0.167276   0.103879   0.951343   0.190060
0.378029   0.401828   0.925252   0.585729   0.943569   0.132386   0.939865   0.196089
0.335481   0.704879   0.748857   0.355484   0.169254   0.930545   0.926451   0.143450
0.145837   0.826321   0.484342   0.531532   0.929014   0.161931   0.908518   0.173676
0.648239   0.721489   0.106602   0.716653   0.155939   0.972740   0.974752   0.190057
0.484123   0.925847   0.678321   0.226113   0.107099   0.936756   0.193563   0.104715
0.898363   0.628198   0.148900   0.925607   0.943735   0.196672   0.140502   0.921562
0.298616   0.918548   0.919957   0.614990   0.940745   0.148575   0.917257   0.124094
0.935713   0.484394   0.396395   0.402688   0.935340   0.199261   0.145304   0.955250
0.627922   0.324915   0.420945   0.219791   0.171518   0.980797   0.932403   0.116925
0.803652   0.627981   0.576329   0.266693   0.937877   0.151363   0.140735   0.964766
0.799576   0.832012   0.516687   0.347985   0.939885   0.146005   0.114622   0.993203
0.588238   0.331445   0.111033   0.848253   0.134901   0.148334   0.951935   0.172266
0.205810   0.590292   0.439954   0.718292   0.176218   0.930139   0.149495   0.936436
0.299707   0.239143   0.481467   0.226903   0.147509   0.930472   0.151252   0.939742
0.423221   0.933941   0.510735   0.385520   0.170176   0.910664   0.136696   0.180476
0.124963   0.543296   0.631820   0.869052   0.161986   0.920973   0.152133   0.990918
0.850860   0.770485   0.455131   0.628493   0.902468   0.189260   0.183021   0.969472
0.364249   0.134969   0.874860   0.430219   0.925568   0.183882   0.965156   0.112496
0.932007   0.781817   0.898513   0.872263   0.971988   0.124635   0.176096   0.974743
0.139742   0.801121   0.148275   0.507171   0.995132   0.139105   0.961127   0.120511
0.777727   0.080575   0.710968   0.300410   0.143236   0.908765   0.992710   0.149449
0.355906   0.847857   0.604434   0.739586   0.195433   0.934041   0.928937   0.168935
0.901381   0.304503   0.796986   0.938559   0.954740   0.182469   0.131298   0.926288
0.247567   0.074266   0.811522   0.597320   0.155775   0.913842   0.170064   0.935175
0.743746   0.521174   0.094806   0.113260   0.961918   0.178638   0.107325   0.964391
0.402128   0.446524   0.744098   0.506455   0.167645   0.188232   0.978307   0.125593
0.914469   0.118555   0.648192   0.713908   0.134903   0.990478   0.921120   0.111895
0.163261   0.301325   0.552234   0.843900   0.118837   0.978825   0.134749   0.998514
0.981732   0.082538   0.187979   0.519778   0.181857   0.957587   0.953338   0.180024
0.304173   0.856507   0.369123   0.871855   0.189184   0.920229   0.960227   0.142979
0.564413   0.586684   0.488497   0.436930   0.173605   0.155508   0.953100   0.171042
0.797456   0.673238   0.128533   0.130153   0.975287   0.120712   0.198901   0.986280
0.936479   0.718699   0.449614   0.860729   0.952617   0.130561   0.158569   0.940014
0.328009   0.617817   0.218233   0.475480   0.908819   0.148662   0.960853   0.119498
0.908320   0.501909   0.193151   0.691669   0.968174   0.167653   0.148775   0.973604
0.386335   0.209104   0.244294   0.459142   0.952447   0.197965   0.990316   0.115529
0.726188   0.624643   0.658302   0.778762   0.933395   0.130374   0.129575   0.901420
0.294431   0.091070   0.467373   0.290225   0.125036   0.933232   0.145982   0.939272
0.460519   0.435082   0.678712   0.851914   0.178691   0.136674   0.939777   0.170371
0.933647   0.776986   0.905399   0.796509   0.905607   0.112099   0.191954   0.985084
0.458983   0.126318   0.627342   0.530382   0.903754   0.115105   0.093435   0.161374
0.839146   0.423954   0.667100   0.701207   0.943877   0.181118   0.195795   0.961273
0.891911   0.689772   0.723787   0.357204   0.954922   0.108256   0.156536   0.909301
0.898692   0.761963   0.212328   0.753564   0.933005   0.148427   0.191322   0.935964
0.486971   0.183739   0.368997   0.692669   0.907308   0.179830   0.944542   0.154916
0.281945   0.255869   0.704102   0.938629   0.136717   0.919657   0.128767   0.992763
0.206316   0.195126   0.959995   0.408722   0.142872   0.938678   0.143319   0.907806
0.277083   0.427645   0.897133   0.071287   0.113880   0.940129   0.115856   0.979485
0.048661   0.497951   0.928663   0.712225   0.176602   0.988002   0.117067   0.940274
0.205430   0.489397   0.379963   0.828260   0.161009   0.900653   0.130684   0.907770
0.875791   0.276809   0.197698   0.212140   0.197712   0.936002   0.998604   0.179048
0.680799   0.454801   0.473593   0.509330   0.189077   0.920198   0.923260   0.102169
0.239631   0.697275   0.760167   0.296037   0.164512   0.905671   0.153119   0.949594
0.843775   0.892564   0.333435   0.174764   0.978626   0.145491   0.114620   0.965912
0.698023   0.174937   0.161446   0.371834   0.940679   0.192613   0.918622   0.131565
0.192520   0.419429   0.432618   0.776983   0.115504   0.925363   0.115268   0.933436
0.791536   0.764704   0.363762   0.241538   0.970123   0.176919   0.120134   0.976539
0.513107   0.095880   0.437909   0.124866   0.955501   0.172536   0.144145   0.115007
0.312379   0.812274   0.920681   0.271455   0.163750   0.933386   0.995925   0.121933
0.291221   0.739134   0.746122   0.605724   0.960010   0.157367   0.960157   0.167932
0.774686   0.875536   0.146784   0.558183   0.992413   0.196210   0.131785   0.999029
0.631326   0.866390   0.432788   0.281278   0.147014   0.997682   0.937765   0.167626
0.777512   0.137587   0.288204   0.848010   0.124526   0.956941   0.908799   0.169098
0.512202   0.342576   0.513694   0.825287   0.100133   0.147375   0.957840   0.119883
0.438823   0.019140   0.143829   0.709041   0.901427   0.155068   0.169912   0.117228
0.499036   0.764414   0.555463   0.490706   0.169118   0.960375   0.906282   0.135295
0.143343   0.733252   0.254674   0.415725   0.936218   0.185927   0.994943   0.111349
0.360654   0.367455   0.410909   0.412341   0.942428   0.101047   0.958394   0.194199
