0.438706   0.125017   0.223702   0.809950   0.169552   0.924122   0.965482   0.161444
0.418462   0.565167   0.483869   0.412661   0.105211   0.973370   0.932923   0.134739
0.839599   0.728902   0.822504   0.912996   0.114125   0.951946   0.096349   0.141800
0.110594   0.188702   0.107203   0.246010   0.137930   0.935516   0.953803   0.108246
0.464106   0.405226   0.207116   0.860153   0.193649   0.199528   0.900778   0.187047
0.479316   0.780091   0.122342   0.916917   0.148643   0.064559   0.911466   0.181610
0.921017   0.136996   0.665943   0.487257   0.970932   0.110860   0.033467   0.129383
0.214901   0.908757   0.264113   0.086994   0.984945   0.156806   0.914732   0.171815
0.317155   0.243271   0.277188   0.569803   0.142859   0.905804   0.915298   0.176121
0.317526   0.561835   0.486257   0.191876   0.171145   0.912279   0.967704   0.110769
0.667330   0.157984   0.114295   0.026823   0.948351   0.137947   0.963669   0.114239
0.209993   0.874463   0.857694   0.530170   0.947302   0.177728   0.081187   0.159986
0.483213   0.155195   0.311294   0.057000   0.903748   0.150824   0.913335   0.146280
0.374400   0.140017   0.673376   0.098456   0.190069   0.988144   0.072554   0.192489
0.497077   0.430869   0.065724   0.141427   0.182442   0.133701   0.993852   0.131871
0.866452   0.211345   0.114730   0.030934   0.976148   0.110122   0.987821   0.142715
0.194756   0.870344   0.740252   0.440927   0.902072   0.123933   0.092412   0.165265
0.715886   0.408667   0.400611   0.499276   0.917665   0.158583   0.908362   0.173047
0.570708   0.575611   0.300090   0.097549   0.902346   0.107749   0.901528   0.161289
0.660156   0.543519   0.282702   0.713450   0.931108   0.165499   0.970328   0.111299
0.699009   0.099053   0.479702   0.385462   0.964281   0.150025   0.914986   0.161763
0.927479   0.681053   0.136175   0.729124   0.996666   0.142656   0.909640   0.196027
0.292206   0.552417   0.778876   0.353599   0.140565   0.926014   0.027486   0.176792
0.741744   0.448087   0.427495   0.805670   0.915187   0.166813   0.911722   0.188836
0.464975   0.503070   0.310126   0.513226   0.196913   0.130594   0.985744   0.109288
0.404919   0.674457   0.422783   0.125322   0.198695   0.969770   0.988853   0.151806
0.426790   0.859528   0.256282   0.284276   0.953312   0.189775   0.933580   0.134491
0.630549   0.631415   0.439100   0.704654   0.999322   0.118874   0.975843   0.195258
0.749213   0.260497   0.157643   0.266595   0.918102   0.118421   0.999036   0.190896
0.455616   0.414454   0.700485   0.214312   0.119529   0.191070   0.979395   0.104352
0.744156   0.917310   0.461249   0.336460   0.152606   0.989086   0.923191   0.100159
0.713041   0.164006   0.190116   0.294908   0.927197   0.108581   0.994248   0.192042
0.080800   0.494820   0.248682   0.790577   0.180167   0.929773   0.950872   0.189340
0.254016   0.012968   0.488514   0.712564   0.183280   0.986703   0.994892   0.170685
0.620973   0.312776   0.755736   0.417569   0.997421   0.199348   0.045682   0.164033
0.469456   0.463150   0.945921   0.601722   0.178403   0.129113   0.977040   0.170683
0.219564   0.262927   0.810659   0.469522   0.175932   0.905321   0.087962   0.170122
0.627119   0.518116   0.532350   0.414614   0.915058   0.117644   0.933562   0.118475
0.304873   0.366441   0.053124   0.769740   0.103954   0.982770   0.912065   0.179189
0.792506   0.167543   0.954473   0.691896   0.917960   0.145071   0.077342   0.112053
0.472956   0.107664   0.879214   0.399912   0.946924   0.197493   0.010223   0.197527
0.386539   0.843715   0.849188   0.851064   0.934020   0.150108   0.057191   0.142950
0.748916   0.376690   0.126746   0.715960   0.935573   0.195326   0.973947   0.166598
0.732480   0.377028   0.082537   0.439770   0.981466   0.194954   0.987111   0.172966
0.549691   0.237488   0.445896   0.212884   0.925016   0.177878   0.913492   0.113064
0.071194   0.084297   0.797677   0.648517   0.155463   0.997927   0.074415   0.183970
0.689441   0.680169   0.058609   0.147682   0.916526   0.140992   0.950019   0.116537
0.895232   0.141659   0.137518   0.711248   0.985500   0.142328   0.963432   0.134900
0.612268   0.089008   0.722924   0.209282   0.974599   0.129504   0.025915   0.147234
0.518878   0.650934   0.535049   0.866316   0.158960   0.116445   0.913427   0.156072
0.496815   0.886053   0.697601   0.418279   0.157027   0.993559   0.091256   0.104261
0.736879   0.800885   0.666337   0.184967   0.149211   0.923086   0.050188   0.164051
0.672138   0.195849   0.623770   0.636327   0.959198   0.196208   0.076261   0.164561
0.573198   0.769685   0.834294   0.360433   0.138677   0.965856   0.025553   0.108264
0.314534   0.205059   0.171406   0.768705   0.134746   0.946585   0.948966   0.124924
0.900493   0.265139   0.442528   0.307372   0.901653   0.161739   0.975755   0.143917
0.158847   0.610110   0.946566   0.754202   0.163586   0.964728   0.028678   0.169772
0.201708   0.046628   0.420695   0.963909   0.121529   0.938379   0.980802   0.151252
0.161403   0.533236   0.678844   0.891023   0.145317   0.963506   0.036017   0.162092
0.348954   0.208072   0.529997   0.898272   0.164758   0.919666   0.955649   0.165632
0.627072   0.050902   0.407637   0.476198   0.945841   0.152247   0.988004   0.122895
0.360791   0.431885   0.446566   0.476747   0.107253   0.957903   0.927741   0.196679
0.460872   0.824200   0.725765   0.657122   0.175694   0.988623   0.007032   0.130090
0.349900   0.623628   0.570783   0.026619   0.105281   0.929770   0.990567   0.189903
0.749085   0.537349   0.493087   0.600079   0.903609   0.157513   0.954183   0.148436
0.692143   0.437341   0.914232   0.499216   0.917123   0.172907   0.034689   0.147264
0.145299   0.022344   0.262800   0.693078   0.136358   0.916888   0.906042   0.146812
0.489074   0.628835   0.902494   0.826260   0.122905   0.154690   0.904197   0.135339
0.370129   0.510069   0.859603   0.390786   0.164293   0.953360   0.095421   0.154211
0.539558   0.881202   0.772813   0.655825   0.131287   0.979797   0.029082   0.158948
0.200923   0.656508   0.101258   0.757746   0.148523   0.903157   0.948829   0.182675
0.749340   0.717295   0.482587   0.452458   0.138505   0.947321   0.951484   0.123549
0.748748   0.638108   0.373516   0.468738   0.946506   0.138190   0.938938   0.118202
0.600230   0.252790   0.312525   0.322731   0.977917   0.186820   0.957234   0.144896
0.406487   0.655484   0.723101   0.596920   0.114470   0.931599   0.020950   0.169652
0.243204   0.264169   0.898854   0.835854   0.158368   0.946255   0.098384   0.121076
0.707027   0.200642   0.233413   0.330718   0.941045   0.151016   0.999417   0.108786
0.906236   0.880304   0.827546   0.802204   0.133924   0.955955   0.063191   0.186914
0.364366   0.285639   0.124092   0.673794   0.170919   0.966720   0.915123   0.153474
0.808599   0.223015   0.597493   0.953229   0.906438   0.153679   0.921462   0.140028
0.939165   0.410954   0.124336   0.341931   0.991827   0.138981   0.916632   0.138839
0.597316   0.412590   0.159828   0.965396   0.906241   0.172088   0.942000   0.199414
0.598386   0.122001   0.592589   0.673253   0.926809   0.159672   0.937239   0.122858
0.681321   0.543871   0.694520   0.676302   0.923244   0.164312   0.005234   0.106723
0.398339   0.803309   0.964752   0.862873   0.939796   0.140498   0.003430   0.145071
0.292831   0.504454   0.123872   0.304886   0.138177   0.935914   0.933948   0.133170
0.444076   0.172697   0.376345   0.061539   0.175691   0.950732   0.956114   0.125867
0.673003   0.804744   0.544223   0.345527   0.184860   0.981716   0.955555   0.165357
0.963898   0.769585   0.806393   0.201433   0.126241   0.949623   0.095067   0.158688
0.330225   0.719221   0.209072   0.909040   0.964385   0.109035   0.903678   0.174708
0.349014   0.105281   0.547037   0.441441   0.163923   0.956222   0.945213   0.171858
0.869887   0.181614   0.428604   0.607414   0.932610   0.198730   0.901325   0.100724
0.659070   0.200431   0.118696   0.452940   0.908856   0.197606   0.972331   0.175231
0.393854   0.323815   0.822841   0.166026   0.197794   0.925450   0.086828   0.122872
0.216744   0.629817   0.332627   0.939320   0.119712   0.914993   0.977845   0.100435
0.059300   0.500594   0.591776   0.875262   0.173413   0.900366   0.961464   0.171681
0.034421   0.496739   0.482515   0.816373   0.108666   0.965157   0.912740   0.199528
0.722415   0.181760   0.818631   0.903267   0.949968   0.171162   0.006491   0.146435
0.623153   0.354416   0.858384   0.482758   0.993915   0.192555   0.026636   0.143575
0.625735   0.573619   0.522254   0.293318   0.971773   0.100165   0.974805   0.102423
0.128125   0.922461   0.885117   0.328494   0.990271   0.149674   0.030807   0.194489
0.541934   0.560886   0.279446   0.883860   0.183254   0.128699   0.905635   0.116415
0.519430   0.535998   0.158148   0.333408   0.161895   0.134558   0.904805   0.113993
0.578263   0.902437   0.466447   0.114239   0.195613   0.977826   0.907703   0.153569
0.485276   0.517621   0.393527   0.448184   0.112983   0.131516   0.909221   0.132261
0.862695   0.831010   0.119261   0.201770   0.197664   0.931980   0.950568   0.116918
0.632824   0.538587   0.410435   0.613276   0.964043   0.190762   0.942018   0.133647
0.533186   0.533726   0.191626   0.877444   0.100957   0.160917   0.909889   0.149943
0.621163   0.704011   0.678034   0.603366   0.167573   0.982750   0.018238   0.181031
0.694542   0.275482   0.674395   0.295044   0.995842   0.111229   0.090274   0.184272
0.335332   0.753642   0.183454   0.913231   0.906512   0.141242   0.955030   0.123720
0.964354   0.547992   0.142706   0.670402   0.977513   0.196917   0.943392   0.145660
0.378346   0.363897   0.119026   0.315689   0.172645   0.995636   0.936450   0.124009
0.690898   0.790566   0.100298   0.336185   0.117895   0.921520   0.945118   0.169075
0.431848   0.260029   0.518423   0.909854   0.129668   0.951729   0.930309   0.158453
0.283021   0.224438   0.856797   0.244332   0.112211   0.991027   0.002457   0.113254
0.130561   0.611708   0.287968   0.698683   0.186016   0.942359   0.992421   0.121225
0.882936   0.191377   0.032812   0.831835   0.980980   0.143254   0.925987   0.180641
0.219659   0.498301   0.870900   0.866987   0.160447   0.978294   0.026185   0.114675
0.062123   0.124389   0.176127   0.558096   0.110179   0.915504   0.951370   0.151933
0.736493   0.045186   0.529923   0.510638   0.949584   0.186767   0.936002   0.174025
0.478932   0.317658   0.731394   0.206674   0.139682   0.191512   0.965698   0.188202
0.642950   0.563943   0.768725   0.875618   0.945620   0.199129   0.091576   0.155035
0.698446   0.473324   0.928087   0.470703   0.992606   0.162852   0.037503   0.181792
0.876176   0.687090   0.579715   0.901415   0.932730   0.184775   0.931092   0.118336
0.084636   0.951049   0.187981   0.136402   0.994044   0.153487   0.961487   0.140888
0.659930   0.785209   0.728594   0.949285   0.113897   0.931832   0.029022   0.115202
0.119996   0.298406   0.556661   0.740311   0.179464   0.974370   0.921924   0.118912
0.864780   0.267250   0.796564   0.560737   0.960869   0.175286   0.060352   0.197854
0.719172   0.145068   0.543015   0.948456   0.921175   0.142429   0.926774   0.170287
0.730576   0.523121   0.445367   0.569513   0.926563   0.166043   0.900930   0.191391
0.201796   0.553920   0.753341   0.683696   0.150681   0.996456   0.010511   0.101738
0.659702   0.756531   0.573173   0.170852   0.104910   0.935739   0.929078   0.182922
0.913987   0.710275   0.774548   0.084700   0.130574   0.973865   0.004761   0.148569
0.699457   0.345621   0.308043   0.593407   0.908640   0.180032   0.937180   0.135283
0.955451   0.694227   0.451238   0.227931   0.963894   0.133459   0.961728   0.193736
0.575632   0.670015   0.863126   0.648458   0.977867   0.156079   0.011675   0.109640
0.501139   0.556887   0.436203   0.294862   0.104093   0.135659   0.994900   0.129123
0.253142   0.494924   0.624661   0.369524   0.140495   0.962533   0.098067   0.190617
0.140208   0.222837   0.612331   0.812549   0.112580   0.915868   0.034614   0.189309
0.271057   0.891048   0.282438   0.409328   0.974466   0.161903   0.906091   0.172880
0.212642   0.063156   0.857439   0.635028   0.192597   0.964359   0.001628   0.128709
0.824955   0.988269   0.538674   0.879256   0.153023   0.904039   0.950859   0.134898
0.093703   0.598380   0.541462   0.289328   0.137341   0.909314   0.901327   0.173415
0.368690   0.384404   0.506780   0.809514   0.107281   0.919133   0.951846   0.171822
0.551925   0.877879   0.241069   0.315376   0.170460   0.982797   0.989005   0.140950
0.212503   0.357286   0.314860   0.069181   0.156579   0.901182   0.963058   0.148530
0.387911   0.935627   0.087477   0.792135   0.917182   0.163198   0.962768   0.197701
0.731990   0.596407   0.186619   0.679803   0.922260   0.142409   0.984675   0.100224
0.372317   0.192289   0.410692   0.423897   0.185997   0.912572   0.949483   0.103611
0.746941   0.554216   0.781925   0.095806   0.962420   0.196868   0.036845   0.102037
0.618975   0.813312   0.120735   0.721983   0.162246   0.984509   0.925400   0.178479
0.580246   0.304628   0.073635   0.973607   0.934867   0.168470   0.931346   0.193768
0.393235   0.578004   0.251224   0.483608   0.121773   0.925885   0.902228   0.163548
0.244619   0.297258   0.355160   0.448779   0.124986   0.937519   0.947233   0.178674
0.325808   0.202503   0.350546   0.335237   0.183493   0.998917   0.995003   0.133288
0.673707   0.909746   0.153372   0.319417   0.131863   0.902981   0.912780   0.165426
0.643304   0.324058   0.059877   0.526365   0.944440   0.131508   0.989856   0.109110
0.894741   0.786042   0.171441   0.824271   0.169808   0.976326   0.946341   0.184302
0.700909   0.856699   0.822403   0.120291   0.143098   0.963991   0.028620   0.112393
0.867404   0.874611   0.420973   0.298585   0.181640   0.995936   0.940001   0.198985
0.621313   0.940526   0.686101   0.667280   0.178745   0.995020   0.016102   0.102421
0.047182   0.803780   0.917326   0.830501   0.900007   0.106916   0.022086   0.161585
0.558393   0.229549   0.903452   0.307417   0.922890   0.171855   0.045281   0.175407
0.229018   0.171088   0.147365   0.232899   0.111141   0.965008   0.947533   0.118830
0.389035   0.546753   0.503624   0.405071   0.138138   0.980114   0.914627   0.110063
0.151568   0.190884   0.289062   0.181178   0.141509   0.959217   0.946250   0.138396
0.101526   0.908155   0.183713   0.108604   0.983563   0.144996   0.970814   0.100670
0.047094   0.791597   0.697421   0.617862   0.980254   0.104307   0.021665   0.143221
0.538371   0.280586   0.784565   0.377932   0.913843   0.153813   0.069614   0.151929
0.258638   0.631992   0.877017   0.373338   0.190214   0.965900   0.049930   0.104978
0.776688   0.360125   0.139743   0.760347   0.989004   0.198820   0.947245   0.135015
0.327844   0.714926   0.203919   0.616585   0.929673   0.148190   0.938697   0.138185
0.481413   0.183104   0.602880   0.679363   0.951650   0.127634   0.000216   0.140536
0.685671   0.216271   0.292295   0.185804   0.944669   0.193904   0.999027   0.123399
0.698830   0.193599   0.822335   0.866271   0.993219   0.113695   0.052484   0.174695
0.096691   0.318411   0.244207   0.285608   0.116977   0.942347   0.971100   0.108219
0.478105   0.434906   0.196228   0.590130   0.144006   0.111720   0.921921   0.145969
0.089710   0.140267   0.098702   0.911488   0.123528   0.999626   0.974389   0.161848
0.973513   0.338158   0.848819   0.704171   0.977379   0.105124   0.010979   0.188398
0.750790   0.779104   0.677026   0.659550   0.113044   0.975659   0.056415   0.162086
0.851674   0.122433   0.185164   0.614727   0.957494   0.105886   0.988057   0.133831
0.779862   0.631300   0.822382   0.282124   0.929383   0.142091   0.044274   0.170666
0.769818   0.443373   0.904083   0.835256   0.904190   0.120160   0.023553   0.179078
0.728331   0.610770   0.861181   0.926053   0.901120   0.173773   0.046808   0.177266
0.937696   0.695769   0.541969   0.747704   0.998689   0.134990   0.904507   0.187886
0.109320   0.502342   0.258362   0.353734   0.156079   0.986194   0.987033   0.110898
0.504280   0.822576   0.228572   0.237592   0.188714   0.900458   0.949443   0.183844
0.127616   0.826282   0.988259   0.636743   0.987114   0.122813   0.001511   0.110741
0.696046   0.586675   0.809220   0.241016   0.941550   0.175704   0.064018   0.108443
0.052118   0.759677   0.205778   0.328731   0.954080   0.186286   0.906892   0.188780
0.532143   0.860159   0.651052   0.793440   0.107101   0.932567   0.060960   0.191892
0.721480   0.135728   0.562419   0.185260   0.997969   0.197820   0.963265   0.123740
0.629295   0.143080   0.337744   0.578458   0.929482   0.192880   0.931109   0.175257
0.786048   0.210421   0.683378   0.770645   0.935463   0.157622   0.059407   0.166131
0.497447   0.275077   0.772106   0.851425   0.938142   0.117644   0.047077   0.145748
0.152609   0.852223   0.231265   0.599484   0.958863   0.133915   0.915793   0.169120
0.784274   0.329528   0.174307   0.135995   0.988287   0.128979   0.929027   0.172147
0.148790   0.925715   0.619302   0.196903   0.992729   0.110047   0.005425   0.141100
0.421839   0.527109   0.671472   0.701819   0.166575   0.970465   0.073638   0.177315
0.311069   0.589596   0.882156   0.759968   0.153426   0.945310   0.015680   0.175060
0.839547   0.222949   0.611154   0.515124   0.945602   0.189920   0.084908   0.128571
0.447670   0.556575   0.808809   0.073335   0.199843   0.938183   0.047168   0.176888
0.862890   0.373733   0.808659   0.458481   0.972432   0.191632   0.035837   0.109198
0.670667   0.386914   0.252336   0.635773   0.944658   0.125742   0.951969   0.164165
0.152261   0.905802   0.861612   0.680992   0.997949   0.137234   0.029918   0.178302
0.523035   0.591202   0.693761   0.903148   0.112716   0.145718   0.997538   0.177724
0.832567   0.570315   0.868566   0.629110   0.937120   0.135032   0.042616   0.178632
0.050215   0.806324   0.711920   0.536545   0.990872   0.181934   0.018946   0.190806
0.164233   0.386138   0.504748   0.411752   0.155670   0.984890   0.983612   0.158468
0.211840   0.709249   0.368845   0.331992   0.939081   0.157799   0.964361   0.153532
0.881365   0.830530   0.603798   0.519324   0.177001   0.945700   0.003579   0.184545
0.466767   0.855239   0.833828   0.897181   0.183248   0.994278   0.000481   0.130910
0.175527   0.920471   0.128190   0.896770   0.947791   0.155487   0.902439   0.141283
0.860416   0.223624   0.434985   0.930652   0.946174   0.120672   0.951994   0.163457
0.749128   0.556280   0.778306   0.421966   0.930119   0.131351   0.000036   0.111017
0.682356   0.675420   0.903309   0.044060   0.908396   0.114239   0.001071   0.167502
0.329987   0.140884   0.890837   0.549801   0.110841   0.948934   0.096059   0.178029
0.342057   0.219367   0.833457   0.768015   0.130616   0.909215   0.090684   0.195052
0.279156   0.213094   0.268537   0.708863   0.160937   0.944421   0.951469   0.139883
0.229588   0.705950   0.927596   0.358716   0.923441   0.106329   0.000100   0.140624
0.897441   0.910469   0.281293   0.517089   0.141993   0.946626   0.953675   0.117240
0.807773   0.412972   0.609096   0.797361   0.978542   0.178194   0.096198   0.143157
0.791922   0.211567   0.835321   0.442483   0.974923   0.146054   0.087562   0.169206
0.480348   0.489877   0.250508   0.280077   0.113514   0.162192   0.997273   0.111050
0.659460   0.725628   0.603309   0.453246   0.104383   0.916188   0.069782   0.170858
0.882340   0.503221   0.247890   0.471377   0.930908   0.105464   0.952357   0.162185
0.879654   0.548074   0.560026   0.842042   0.991177   0.154810   0.973201   0.126011
0.541813   0.924457   0.981657   0.132134   0.166156   0.998474   0.104029   0.195660
0.543741   0.097419   0.376683   0.902438   0.996337   0.168963   0.111309   0.144151
0.678457   0.019368   0.423712   0.183411   0.994418   0.142298   0.986303   0.128399
0.426795   0.345012   0.821619   0.305146   0.158428   0.901851   0.049148   0.184074
0.329367   0.879197   0.647854   0.294583   0.953515   0.121520   0.096092   0.166724
0.052792   0.252225   0.613610   0.303170   0.137285   0.989099   0.011681   0.194677
0.861949   0.273030   0.113292   0.922942   0.901902   0.126527   0.996659   0.184017
0.814997   0.950789   0.112894   0.651668   0.197542   0.961376   0.944280   0.139762
0.453453   0.866464   0.088298   0.388075   0.115383   0.949029   0.908214   0.116630
0.256855   0.862549   0.835913   0.922022   0.970459   0.143258   0.095134   0.157490
0.272045   0.523896   0.743391   0.060789   0.116830   0.967041   0.037877   0.154814
0.751495   0.156019   0.736930   0.787741   0.972301   0.131503   0.032313   0.148813
0.058371   0.908158   0.489227   0.694535   0.984900   0.168433   0.943470   0.118355
0.942782   0.581712   0.075646   0.155459   0.932118   0.128771   0.949559   0.138699
0.559802   0.846075   0.304275   0.991648   0.159284   0.962012   0.978956   0.195463
0.131866   0.604990   0.589002   0.957345   0.143430   0.965822   0.936855   0.160045
0.924522   0.643365   0.763417   0.949652   0.993933   0.198189   0.053634   0.171842
0.385252   0.143960   0.275302   0.040371   0.109078   0.919041   0.970559   0.151805
0.665086   0.609926   0.497167   0.675578   0.930054   0.178966   0.983225   0.113334
0.416446   0.786488   0.589505   0.358339   0.913320   0.117931   0.906211   0.136631
0.789226   0.661404   0.419222   0.873393   0.958057   0.133020   0.909065   0.106262
0.947925   0.218296   0.578524   0.818017   0.962867   0.122346   0.996894   0.173611
0.353149   0.136437   0.474436   0.745611   0.116521   0.901711   0.909659   0.180918
0.262267   0.400011   0.214602   0.818429   0.118944   0.948035   0.966976   0.197099
0.067762   0.558668   0.568593   0.611905   0.193280   0.909897   0.984109   0.115904
0.285637   0.656051   0.484454   0.222682   0.151835   0.960451   0.970489   0.179187
0.227032   0.244523   0.144985   0.413830   0.167603   0.940866   0.937185   0.169716
0.839810   0.819396   0.301622   0.767111   0.104049   0.902795   0.991147   0.196700
0.870183   0.553542   0.551901   0.101520   0.932521   0.128420   0.973940   0.192051
0.692035   0.686367   0.574881   0.795563   0.906445   0.133982   0.946258   0.153063
0.777504   0.585691   0.187747   0.194130   0.932984   0.186867   0.944008   0.126125
0.329754   0.741608   0.481506   0.222638   0.929447   0.102165   0.998716   0.162997
0.765732   0.687388   0.291547   0.246332   0.918781   0.171266   0.998467   0.106866
0.873741   0.889482   0.337861   0.201893   0.142328   0.924167   0.960678   0.167544
0.674456   0.344664   0.448732   0.556323   0.945541   0.116539   0.905990   0.148924
0.488197   0.114986   0.309083   0.385889   0.969062   0.148557   0.927123   0.191314
0.229099   0.918627   0.929150   0.553437   0.997627   0.106356   0.092455   0.117278
0.474510   0.712321   0.582730   0.717866   0.139145   0.002909   0.930674   0.135184
0.683132   0.451057   0.719535   0.597623   0.983793   0.126969   0.082677   0.147965
0.673656   0.645971   0.612558   0.473912   0.912054   0.126120   0.066789   0.159337
0.778931   0.362440   0.387379   0.409815   0.929710   0.176507   0.985323   0.169441
0.685754   0.615826   0.464292   0.175238   0.994389   0.169187   0.920399   0.114811
0.322060   0.540210   0.441939   0.542459   0.139493   0.904013   0.964921   0.180411
0.128939   0.176939   0.880685   0.772183   0.189524   0.945581   0.037883   0.182839
0.044977   0.434788   0.771860   0.092501   0.103920   0.947185   0.089675   0.115036
0.311355   0.690704   0.391947   0.013965   0.111130   0.906569   0.964806   0.113945
0.789931   0.147721   0.627693   0.223347   0.901187   0.157895   0.075629   0.165437
0.864217   0.618171   0.854209   0.746264   0.918148   0.103609   0.044649   0.159836
0.628479   0.324838   0.850833   0.116004   0.930866   0.196734   0.014580   0.190640
0.177925   0.245082   0.672505   0.869439   0.197515   0.962593   0.093421   0.134917
0.733789   0.768128   0.216761   0.170474   0.133664   0.953473   0.909899   0.157776
0.905197   0.500169   0.774225   0.144814   0.918431   0.172102   0.095103   0.141213
0.663063   0.418591   0.297545   0.195922   0.957580   0.136062   0.950606   0.186453
0.115379   0.111884   0.827493   0.486267   0.146172   0.937240   0.043038   0.113579
0.493243   0.455869   0.465579   0.738320   0.156896   0.146271   0.990557   0.185689
0.438787   0.507706   0.294389   0.211492   0.187405   0.945707   0.974019   0.153838
0.524006   0.510547   0.525655   0.145041   0.175110   0.178658   0.962922   0.196891
0.078385   0.541525   0.861144   0.203389   0.198033   0.923615   0.032522   0.166235
0.684711   0.504297   0.884697   0.680765   0.937312   0.153548   0.029973   0.113696
0.295192   0.723923   0.658639   0.421490   0.988885   0.159497   0.042289   0.184417
0.466515   0.101229   0.188426   0.730325   0.036104   0.107980   0.945447   0.142747
0.356101   0.440364   0.378337   0.805736   0.184989   0.960046   0.970577   0.121136
0.240549   0.451200   0.690045   0.450390   0.167069   0.993956   0.039480   0.151315
0.924514   0.192131   0.698102   0.755582   0.939297   0.100368   0.099995   0.168131
0.910310   0.462382   0.289027   0.673612   0.935543   0.149849   0.928449   0.148590
0.655931   0.374317   0.869616   0.186344   0.948802   0.155274   0.076491   0.146853
0.071864   0.276276   0.366049   0.797454   0.119575   0.981490   0.921061   0.155485
0.612164   0.173250   0.392782   0.584239   0.981756   0.137855   0.990892   0.138121
0.582270   0.570789   0.533297   0.522780   0.991791   0.173901   0.976820   0.178099
0.368171   0.247347   0.685984   0.686445   0.156379   0.985979   0.029665   0.197374
0.625903   0.747694   0.382469   0.711785   0.163492   0.924097   0.977017   0.175130
0.876766   0.575505   0.359025   0.703266   0.964011   0.185067   0.964760   0.181276
0.101756   0.658741   0.615092   0.262284   0.187201   0.958399   0.046849   0.191054
0.912854   0.161926   0.411303   0.416558   0.919648   0.156069   0.932128   0.125094
0.552320   0.276943   0.862261   0.148974   0.978956   0.191702   0.036997   0.163854
0.108013   0.391390   0.873923   0.121027   0.185432   0.969277   0.004719   0.114111
0.184628   0.419699   0.894242   0.895440   0.111143   0.903191   0.076908   0.182584
0.076272   0.827251   0.374735   0.088582   0.928766   0.182738   0.975645   0.188739
0.439286   0.151861   0.573779   0.645617   0.176649   0.975457   0.998213   0.141342
0.555551   0.645124   0.580803   0.492912   0.956921   0.186869   0.956188   0.111233
0.237382   0.559228   0.139752   0.891580   0.160298   0.954812   0.935718   0.171272
0.568580   0.684285   0.839457   0.660803   0.958501   0.103440   0.018992   0.183459
0.642464   0.621964   0.547847   0.577745   0.944327   0.130107   0.942731   0.139871
0.762534   0.239579   0.807481   0.456566   0.978258   0.184288   0.042852   0.178782
0.249840   0.700875   0.218920   0.218950   0.961133   0.179449   0.915510   0.177746
0.731703   0.433792   0.679118   0.433527   0.947073   0.183040   0.080455   0.166659
0.869516   0.919058   0.582595   0.467339   0.102957   0.998092   0.959808   0.105177
0.668798   0.349213   0.915876   0.435061   0.961811   0.183532   0.062830   0.105812
0.709852   0.645853   0.533570   0.328181   0.942235   0.165729   0.924640   0.114329
0.292929   0.201146   0.443568   0.886327   0.132716   0.935848   0.901268   0.163921
0.262278   0.749443   0.212184   0.821845   0.976110   0.102553   0.928805   0.177597
0.660024   0.975107   0.947060   0.242237   0.102503   0.950367   0.098719   0.188442
0.030289   0.396125   0.636837   0.549557   0.112063   0.994825   0.060731   0.188217
0.619713   0.185198   0.736949   0.826478   0.940248   0.146601   0.000116   0.126259
0.122219   0.359357   0.888370   0.146221   0.150350   0.948190   0.009427   0.105694
0.315173   0.753755   0.800808   0.073008   0.935904   0.165474   0.028315   0.194725
0.459555   0.061289   0.394351   0.544549   0.988772   0.169513   0.153187   0.115683
0.031755   0.950422   0.888647   0.449795   0.957501   0.141227   0.066721   0.115484
0.202432   0.639241   0.507755   0.843623   0.176414   0.972344   0.960394   0.154011
0.403408   0.449627   0.708328   0.724010   0.141974   0.902532   0.057217   0.114054
0.760586   0.257967   0.601264   0.376337   0.919747   0.128789   0.044070   0.139349
0.828189   0.353506   0.733846   0.718444   0.952791   0.178034   0.017107   0.118449
0.324381   0.123125   0.413082   0.082326   0.174121   0.967008   0.987673   0.101842
0.385652   0.779370   0.510708   0.508318   0.916684   0.177546   0.995547   0.155398
0.858252   0.532631   0.219531   0.242501   0.907421   0.132323   0.941909   0.139317
0.500836   0.542046   0.348523   0.146330   0.157746   0.124042   0.993800   0.110191
0.754577   0.314867   0.144149   0.414114   0.955074   0.196628   0.978019   0.146034
0.349044   0.127538   0.341299   0.480013   0.168072   0.953756   0.970183   0.192040
0.794857   0.242935   0.550440   0.646707   0.955573   0.198508   0.925091   0.186198
0.240296   0.268409   0.630507   0.666758   0.150021   0.997487   0.021134   0.136276
0.780158   0.611637   0.161051   0.852896   0.932507   0.160775   0.973104   0.151264
0.688847   0.449068   0.188269   0.157683   0.951878   0.160176   0.992594   0.175080
0.323299   0.389843   0.108357   0.640302   0.166989   0.999350   0.910244   0.163082
0.735919   0.315319   0.724944   0.749912   0.914489   0.132895   0.029652   0.143807
0.308045   0.142915   0.765852   0.337668   0.123155   0.912594   0.042793   0.141527
0.387771   0.287505   0.238285   0.606377   0.102684   0.968499   0.973145   0.131616
0.764700   0.057200   0.229768   0.452544   0.978904   0.185333   0.920637   0.129239
0.552351   0.465378   0.110813   0.097972   0.983309   0.106555   0.981143   0.197793
0.544550   0.244767   0.647066   0.955565   0.957298   0.155718   0.058395   0.111350
0.174310   0.504634   0.244228   0.375506   0.191232   0.983530   0.971704   0.153811
0.457632   0.913859   0.717315   0.318943   0.119961   0.983796   0.156251   0.168484
0.571485   0.268116   0.280242   0.416866   0.944445   0.135599   0.989896   0.188573
0.277835   0.469404   0.723785   0.542764   0.156306   0.999362   0.013350   0.156407
0.582539   0.606210   0.735619   0.197498   0.987966   0.198833   0.046254   0.151783
0.032892   0.812935   0.216639   0.718212   0.972743   0.151997   0.939301   0.133396
0.885582   0.585361   0.547294   0.681712   0.948404   0.159149   0.964549   0.192393
0.848543   0.152344   0.751974   0.278033   0.900226   0.129002   0.037025   0.106238
0.746048   0.682305   0.514198   0.759893   0.994666   0.112966   0.959182   0.123128
0.543661   0.149238   0.121422   0.181815   0.971984   0.196273   0.976960   0.162352
0.695480   0.158661   0.470542   0.432588   0.913931   0.161181   0.943106   0.152952
0.591155   0.759718   0.470741   0.431255   0.137340   0.960662   0.942949   0.153180
0.614037   0.819084   0.798919   0.879678   0.109239   0.935649   0.054299   0.159364
0.879748   0.384147   0.881265   0.478259   0.997535   0.133030   0.089673   0.131650
0.267970   0.751611   0.089100   0.340166   0.998162   0.169160   0.906834   0.194054
0.656347   0.702979   0.503666   0.955840   0.179528   0.985155   0.977800   0.119363
0.448759   0.528784   0.537353   0.682461   0.142421   0.956658   0.925244   0.111390
0.583336   0.889427   0.853395   0.683341   0.101966   0.995614   0.057968   0.138994
0.400576   0.042556   0.660222   0.375732   0.175634   0.924630   0.072931   0.181647
0.356782   0.589734   0.296641   0.907402   0.116856   0.906055   0.944129   0.172921
0.701944   0.714470   0.577761   0.151237   0.184236   0.908624   0.968754   0.187218
0.698791   0.157019   0.373537   0.157174   0.917365   0.198094   0.927170   0.136395
0.484067   0.483118   0.270340   0.089403   0.182611   0.180000   0.956625   0.159946
0.311808   0.581758   0.107995   0.447282   0.157263   0.940232   0.976952   0.174545
0.163955   0.605584   0.317684   0.974271   0.123529   0.941247   0.999831   0.153377
0.520556   0.256396   0.415732   0.654657   0.021603   0.175775   0.985037   0.103847
0.753232   0.261602   0.320809   0.102899   0.971777   0.169369   0.924501   0.192045
0.962473   0.711174   0.512423   0.540477   0.175772   0.999739   0.914274   0.187158
0.911292   0.697351   0.582995   0.678945   0.973038   0.175411   0.956916   0.132454
0.683715   0.356300   0.852532   0.850675   0.903824   0.149886   0.047904   0.161765
0.605239   0.827279   0.391783   0.524200   0.196193   0.957450   0.980011   0.109606
0.768618   0.655293   0.107119   0.244872   0.958739   0.138012   0.912263   0.103095
0.497692   0.287615   0.452758   0.910402   0.082855   0.100096   0.944762   0.189200
0.762161   0.894096   0.392677   0.157138   0.129273   0.990849   0.930147   0.189897
0.791386   0.421360   0.331746   0.939777   0.980699   0.167105   0.961962   0.124629
0.680914   0.505934   0.143600   0.199589   0.918852   0.105406   0.903137   0.133170
0.431992   0.043974   0.274802   0.884538   0.108410   0.969631   0.971774   0.185473
0.817647   0.572861   0.767062   0.861648   0.980861   0.100540   0.069026   0.160723
0.115470   0.924828   0.161407   0.187828   0.957427   0.175089   0.904508   0.179244
0.802400   0.713573   0.472280   0.971376   0.172633   0.968988   0.997785   0.123404
0.889818   0.379156   0.467637   0.139704   0.903126   0.106755   0.956708   0.151250
0.053318   0.692581   0.482116   0.509273   0.107534   0.989268   0.920523   0.178483
0.873318   0.288057   0.693501   0.485620   0.909399   0.152997   0.028364   0.112106
0.357126   0.652224   0.748212   0.607149   0.177395   0.918439   0.099822   0.152758
0.598969   0.950874   0.766761   0.564706   0.174027   0.953691   0.089087   0.196917
0.297468   0.462393   0.954222   0.956731   0.104314   0.978293   0.015154   0.169363
0.661967   0.763718   0.158188   0.120029   0.181496   0.997839   0.901456   0.126116
0.852879   0.153670   0.702938   0.499847   0.932391   0.152886   0.059498   0.113030
0.236579   0.718517   0.901541   0.304893   0.923040   0.182503   0.013141   0.109609
0.790387   0.385919   0.765665   0.574400   0.936673   0.118961   0.033595   0.194298
0.244342   0.188644   0.806947   0.855281   0.114963   0.976034   0.077295   0.145749
0.447934   0.934038   0.521401   0.408691   0.958326   0.154418   0.971124   0.132062
0.746254   0.061000   0.755059   0.227372   0.921428   0.104025   0.075409   0.163657
0.541878   0.397898   0.698077   0.666717   0.159751   0.136119   0.997778   0.101722
0.704299   0.800232   0.258487   0.947755   0.157690   0.981880   0.922476   0.155803
0.329400   0.436196   0.792924   0.260080   0.199109   0.950791   0.048120   0.139478
0.586980   0.334965   0.427949   0.257264   0.934578   0.159497   0.914904   0.131786
0.382949   0.642508   0.546051   0.638874   0.134369   0.900974   0.987391   0.118321
0.751746   0.327574   0.390479   0.521159   0.915039   0.194101   0.938726   0.153018
0.509571   0.097755   0.615510   0.961918   0.904178   0.114427   0.166847   0.130685
0.529942   0.184049   0.397437   0.848186   0.068119   0.159733   0.916823   0.157311
0.306313   0.933563   0.803314   0.733535   0.900142   0.107757   0.044696   0.190317
0.732606   0.640151   0.760146   0.384558   0.992326   0.193943   0.008079   0.134500
0.700541   0.826690   0.628955   0.421207   0.147815   0.993633   0.091193   0.199826
0.334428   0.155180   0.138895   0.741313   0.187863   0.985194   0.983481   0.174003
0.878242   0.083574   0.102333   0.221539   0.915190   0.154616   0.994766   0.101339
0.653928   0.601215   0.118358   0.567549   0.945788   0.160173   0.968995   0.143006
0.417062   0.839697   0.366663   0.409619   0.949946   0.105968   0.991515   0.115037
0.788520   0.680581   0.697521   0.344174   0.932366   0.147467   0.013533   0.184134
0.503089   0.255432   0.294391   0.857453   0.038159   0.147477   0.994045   0.154619
0.340248   0.538696   0.914663   0.654422   0.163317   0.956097   0.087531   0.196634
0.133890   0.698223   0.213370   0.059770   0.150460   0.955992   0.946734   0.194926
0.893783   0.418056   0.038017   0.838753   0.906567   0.105406   0.946297   0.190171
0.611328   0.255409   0.282844   0.442586   0.909742   0.125986   0.975898   0.109730
0.081631   0.283520   0.816440   0.487970   0.112509   0.981690   0.081635   0.157834
0.879054   0.308828   0.905180   0.379500   0.992467   0.111719   0.021915   0.136304
0.599755   0.273276   0.540934   0.186320   0.967437   0.101470   0.990030   0.158777
0.559858   0.541894   0.382588   0.075005   0.949393   0.180786   0.977185   0.194291
0.965723   0.518876   0.615726   0.647205   0.929840   0.137791   0.045769   0.121329
0.704319   0.678749   0.285912   0.206437   0.906964   0.108224   0.937307   0.101829
0.734506   0.840377   0.796050   0.464848   0.106161   0.912362   0.043473   0.106617
0.539469   0.221960   0.231926   0.834487   0.070335   0.166524   0.930660   0.139289
0.127971   0.416845   0.574718   0.464707   0.150337   0.995486   0.967541   0.146288
0.558278   0.699048   0.351438   0.614056   0.926208   0.143585   0.934455   0.175736
0.470867   0.444794   0.745587   0.087596   0.142896   0.188809   0.911691   0.194092
0.438916   0.572934   0.737291   0.651644   0.174956   0.936449   0.074281   0.147619
0.365651   0.590444   0.399696   0.738429   0.185343   0.962390   0.932930   0.105952
0.358061   0.500401   0.707872   0.507675   0.165630   0.925859   0.052693   0.133457
0.948390   0.294808   0.919818   0.156919   0.992161   0.156908   0.080413   0.179297
0.262635   0.030969   0.629637   0.122720   0.173136   0.983008   0.068582   0.160463
0.424783   0.213593   0.323839   0.692968   0.190432   0.920094   0.941193   0.165053
0.454474   0.054768   0.562683   0.939639   0.955308   0.182965   0.123578   0.148878
0.954204   0.143128   0.691964   0.660546   0.950463   0.126120   0.005525   0.167280
0.608312   0.656136   0.297070   0.330790   0.972802   0.110354   0.917017   0.110655
0.222921   0.237160   0.575484   0.613489   0.100522   0.918961   0.964807   0.170173
0.593657   0.202820   0.544672   0.445915   0.990044   0.192474   0.920013   0.150138
0.088515   0.464669   0.695910   0.317511   0.179928   0.973477   0.046074   0.163631
0.720775   0.571897   0.377534   0.170680   0.994399   0.178624   0.949114   0.163617
0.831844   0.885511   0.742760   0.404654   0.129323   0.976872   0.051382   0.138840
0.773735   0.719386   0.021976   0.862371   0.163024   0.991523   0.946446   0.188344
0.574538   0.521298   0.534984   0.653203   0.965936   0.143371   0.965375   0.192075
0.183928   0.582486   0.652931   0.294265   0.161956   0.907652   0.037522   0.184507
0.400415   0.629532   0.314298   0.710924   0.188081   0.987893   0.964136   0.144839
0.783983   0.360573   0.685670   0.357224   0.938269   0.144128   0.079768   0.134152
0.519506   0.384969   0.122320   0.600522   0.115219   0.112034   0.945422   0.136570
0.874595   0.578989   0.346026   0.385704   0.954764   0.125697   0.998417   0.194257
0.528100   0.084554   0.311058   0.292911   0.972694   0.164508   0.153646   0.150794
0.786949   0.396885   0.086051   0.698178   0.936781   0.170051   0.914839   0.145127
0.367600   0.345165   0.809787   0.450821   0.174883   0.978297   0.055640   0.167338
0.772198   0.571345   0.293051   0.869193   0.938786   0.172130   0.975817   0.157317
0.555655   0.910502   0.565716   0.607176   0.141022   0.942478   0.951944   0.131944
0.812322   0.245453   0.852358   0.838971   0.978039   0.155161   0.023828   0.188645
0.833700   0.272844   0.860194   0.497024   0.982208   0.101239   0.077418   0.180940
0.786745   0.769060   0.519917   0.120870   0.130154   0.987791   0.973553   0.186741
0.688555   0.739909   0.358011   0.638248   0.172956   0.988797   0.914968   0.198997
0.176584   0.406889   0.599264   0.649579   0.122688   0.951817   0.989687   0.107936
0.663614   0.489221   0.595055   0.230651   0.911848   0.165697   0.923043   0.198053
0.345702   0.321474   0.593228   0.294962   0.129573   0.978946   0.944291   0.137973
0.121225   0.948644   0.632737   0.209129   0.938029   0.198761   0.007216   0.165396
0.190587   0.340671   0.439057   0.635928   0.127876   0.981177   0.962883   0.106854
0.116552   0.560073   0.321562   0.673562   0.116940   0.908380   0.961323   0.192817
0.516651   0.637319   0.719737   0.159731   0.172972   0.160618   0.981234   0.178241
0.186119   0.223710   0.221992   0.172245   0.129577   0.929794   0.937313   0.126990
0.975333   0.726727   0.268711   0.596956   0.199302   0.947506   0.962593   0.131481
0.022364   0.518557   0.134352   0.899929   0.122151   0.945432   0.925175   0.190261
0.151392   0.661395   0.292113   0.366190   0.101675   0.968524   0.916402   0.161214
0.150651   0.957086   0.467359   0.900558   0.935682   0.103369   0.993359   0.117225
0.839761   0.797667   0.742835   0.546301   0.127501   0.906357   0.096567   0.197194
0.821934   0.373400   0.784072   0.243926   0.998438   0.164643   0.095946   0.136049
0.851483   0.813628   0.803393   0.631131   0.135924   0.915707   0.005731   0.145177
0.898192   0.439608   0.079467   0.180025   0.988064   0.179609   0.932704   0.117883
0.075178   0.732698   0.592358   0.577783   0.992262   0.198082   0.998972   0.137759
0.923985   0.319267   0.884575   0.223628   0.989509   0.187654   0.029249   0.121320
0.746333   0.699100   0.186884   0.328790   0.959046   0.170612   0.967769   0.178578
0.662141   0.736871   0.042124   0.153972   0.119105   0.923939   0.962138   0.131043
0.157745   0.480941   0.345147   0.441460   0.104831   0.919281   0.998934   0.133685
0.186263   0.516275   0.661531   0.902618   0.124422   0.909169   0.066581   0.156698
0.551137   0.461332   0.586169   0.580691   0.950230   0.183124   0.907999   0.176366
0.794157   0.382358   0.447944   0.153384   0.951076   0.182428   0.938778   0.168761
0.089278   0.809137   0.463182   0.126139   0.937900   0.138824   0.985085   0.170704
0.925628   0.591149   0.730508   0.517288   0.900778   0.158938   0.032647   0.188322
0.277061   0.291698   0.941590   0.777246   0.103548   0.917998   0.076952   0.139229
0.166463   0.257759   0.793827   0.697602   0.164367   0.989207   0.045476   0.124413
0.482112   0.608892   0.328746   0.881059   0.111404   0.155945   0.916748   0.190376
0.400036   0.362091   0.944964   0.367030   0.128907   0.926819   0.079311   0.156380
0.815677   0.218451   0.040584   0.797620   0.981068   0.179723   0.912712   0.115924
0.890476   0.421498   0.679069   0.334810   0.922397   0.156677   0.012921   0.193595
0.927269   0.391622   0.388171   0.484312   0.954680   0.185460   0.969027   0.186863
0.484304   0.495736   0.037223   0.243704   0.139666   0.144448   0.913894   0.154452
0.433067   0.569763   0.118123   0.843711   0.167834   0.932662   0.944540   0.126227
0.578847   0.077739   0.547604   0.133171   0.930478   0.156760   0.951017   0.112678
0.205518   0.889044   0.594355   0.050777   0.955255   0.124326   0.962156   0.184664
0.043224   0.176477   0.434632   0.320659   0.168718   0.908215   0.916931   0.195471
0.814213   0.067498   0.069280   0.487883   0.995608   0.195535   0.923863   0.158050
0.444663   0.462416   0.723163   0.241731   0.165775   0.939499   0.011115   0.124637
0.353262   0.441178   0.535805   0.412982   0.193869   0.984849   0.976669   0.104460
0.626520   0.801940   0.466309   0.610168   0.181907   0.934869   0.922772   0.140171
0.588874   0.711295   0.294128   0.841693   0.136519   0.927118   0.992698   0.169389
0.603797   0.837855   0.203358   0.650718   0.132156   0.991579   0.999838   0.157965
0.872294   0.849853   0.351142   0.617620   0.113370   0.905032   0.942432   0.126927
0.211771   0.636978   0.231174   0.658968   0.148211   0.912542   0.990214   0.178375
0.602644   0.174201   0.802821   0.375964   0.939867   0.162212   0.074646   0.154297
0.697865   0.976092   0.480614   0.357700   0.186552   0.943824   0.903341   0.144691
0.529664   0.650256   0.357196   0.437245   0.191791   0.163635   0.905558   0.193548
0.820991   0.320862   0.375407   0.430361   0.973677   0.132292   0.956573   0.194966
0.332284   0.116284   0.472579   0.829552   0.111101   0.933690   0.916090   0.159285
0.906168   0.270117   0.548282   0.476246   0.950123   0.134686   0.952880   0.126608
0.495309   0.657176   0.298943   0.351855   0.131927   0.100435   0.960958   0.198807
0.383646   0.690066   0.923871   0.108131   0.136850   0.953298   0.065474   0.127513
0.313740   0.159398   0.278165   0.396779   0.143323   0.914939   0.949836   0.164710
0.289655   0.612752   0.395953   0.797019   0.107384   0.964707   0.942003   0.180334
0.717800   0.229377   0.706919   0.754069   0.981572   0.181658   0.052659   0.162520
0.290340   0.820348   0.298043   0.668407   0.922105   0.142188   0.950200   0.185461
0.208721   0.236148   0.137627   0.035188   0.191131   0.970356   0.978447   0.185910
0.693098   0.923397   0.495299   0.557646   0.125286   0.960617   0.972853   0.165273
0.637130   0.091289   0.178282   0.799935   0.986820   0.100965   0.939241   0.173185
0.805126   0.791608   0.565420   0.730528   0.119697   0.929032   0.985861   0.152698
0.328621   0.231974   0.129743   0.379844   0.133110   0.902835   0.923469   0.133769
0.126036   0.864461   0.156669   0.500151   0.988324   0.177952   0.983430   0.178979
0.427956   0.262184   0.848198   0.555690   0.193295   0.994696   0.089174   0.170925
0.690016   0.320676   0.090574   0.648918   0.923480   0.107810   0.973487   0.138123
0.777172   0.800182   0.076335   0.105977   0.147969   0.914581   0.931627   0.127182
0.461510   0.155717   0.432320   0.091744   0.949833   0.108619   0.932223   0.144457
0.337903   0.810792   0.767858   0.844076   0.937592   0.148932   0.086426   0.192691
0.662497   0.295869   0.222677   0.558387   0.943352   0.150196   0.985460   0.176118
0.659052   0.660060   0.412798   0.363528   0.937235   0.198448   0.948691   0.177899
0.083762   0.032598   0.195765   0.674820   0.122284   0.985187   0.902800   0.188869
0.379570   0.491059   0.341169   0.431377   0.180704   0.945360   0.975071   0.193720
0.474935   0.391935   0.337675   0.848451   0.131311   0.126986   0.925363   0.108065
0.802222   0.251108   0.883036   0.465918   0.994354   0.175949   0.012830   0.147464
0.992573   0.785119   0.719422   0.365243   0.192613   0.928308   0.012425   0.134539
0.449449   0.597550   0.828513   0.306421   0.139769   0.902813   0.064307   0.197112
0.463996   0.286408   0.509481   0.306275   0.941086   0.109335   0.909741   0.188653
0.301672   0.147345   0.120877   0.794484   0.110314   0.925525   0.967564   0.174154
0.351881   0.127854   0.415969   0.846525   0.194423   0.963337   0.958090   0.194592
0.502263   0.304289   0.664662   0.742715   0.167228   0.195795   0.960272   0.151700
0.121982   0.338309   0.553070   0.958145   0.120750   0.920473   0.972766   0.175984
0.443564   0.594439   0.803571   0.370428   0.105059   0.945053   0.014426   0.110596
0.329466   0.277195   0.481552   0.197540   0.106893   0.933236   0.925796   0.137038
0.176287   0.407440   0.409429   0.324166   0.143926   0.950583   0.939004   0.128361
0.469868   0.806849   0.109374   0.654251   0.157379   0.027677   0.981571   0.171690
0.313711   0.296341   0.099205   0.505777   0.169486   0.968264   0.971456   0.150962
0.313347   0.529360   0.786400   0.291881   0.101853   0.903391   0.092457   0.114028
0.252730   0.525686   0.460398   0.458138   0.147180   0.998242   0.966907   0.164000
0.396112   0.343276   0.249535   0.769801   0.127979   0.946670   0.977093   0.181385
0.563865   0.810448   0.100129   0.787575   0.125341   0.909097   0.969648   0.157520
0.285338   0.818108   0.239346   0.261133   0.907464   0.112961   0.972302   0.112608
0.257372   0.044050   0.505479   0.800614   0.177887   0.955588   0.972444   0.162903
0.273728   0.663272   0.622048   0.380109   0.152435   0.927661   0.002117   0.116193
0.098364   0.186582   0.512901   0.420916   0.152525   0.957251   0.998094   0.123371
0.721368   0.545580   0.864571   0.930141   0.937537   0.135152   0.073568   0.165568
0.228840   0.822779   0.640204   0.340826   0.956280   0.109237   0.061054   0.153323
0.282395   0.289215   0.248322   0.529702   0.172914   0.908310   0.938886   0.174878
0.329562   0.391329   0.459923   0.623386   0.135286   0.917869   0.959243   0.142902
0.417149   0.542410   0.695732   0.077952   0.103178   0.916698   0.069971   0.120549
0.545069   0.295750   0.124017   0.180792   0.980042   0.172690   0.990314   0.187545
0.334075   0.283861   0.220856   0.860517   0.127962   0.967000   0.928598   0.185443
0.419861   0.532939   0.459187   0.578964   0.168898   0.922636   0.917217   0.125930
0.763367   0.127786   0.385297   0.640282   0.963365   0.175686   0.953418   0.103926
0.669356   0.531479   0.577692   0.571224   0.906163   0.185636   0.945548   0.117730
0.658949   0.889697   0.650679   0.668773   0.184087   0.910325   0.049430   0.109375
0.302402   0.572839   0.421582   0.485078   0.147232   0.952608   0.981631   0.159130
0.120916   0.441145   0.185293   0.763640   0.170029   0.918565   0.940604   0.163842
0.479324   0.756447   0.831209   0.128269   0.190874   0.972716   0.099792   0.160003
0.371869   0.303747   0.780772   0.199738   0.124956   0.985081   0.004500   0.100675
0.184597   0.160278   0.616120   0.616559   0.111271   0.940880   0.093503   0.115401
0.284061   0.131711   0.261260   0.630336   0.166579   0.960400   0.950874   0.135228
0.640192   0.252050   0.428237   0.553365   0.949026   0.133160   0.920240   0.189502
0.495494   0.370924   0.131915   0.198281   0.198973   0.189401   0.944064   0.153792
0.881648   0.453354   0.106949   0.909900   0.951749   0.123072   0.958137   0.164725
0.616737   0.719981   0.308004   0.147483   0.161549   0.914228   0.961337   0.142725
0.313478   0.859271   0.199545   0.228705   0.957824   0.188525   0.957527   0.105948
0.386732   0.674070   0.629551   0.717502   0.126293   0.977061   0.025761   0.106371
0.755908   0.734401   0.059829   0.743848   0.109988   0.934826   0.930686   0.142913
0.281337   0.400036   0.485241   0.766576   0.181516   0.908406   0.976564   0.101479
0.420882   0.494988   0.411851   0.368960   0.126761   0.958758   0.970301   0.122644
0.119541   0.434687   0.202972   0.218865   0.192654   0.915930   0.923179   0.145858
0.397241   0.133706   0.360707   0.566138   0.154955   0.962563   0.976248   0.178927
0.089075   0.461666   0.761450   0.880982   0.185755   0.966587   0.071165   0.115810
0.264908   0.367882   0.653289   0.860586   0.180293   0.946496   0.060886   0.125834
0.441738   0.301364   0.862031   0.790516   0.123825   0.998562   0.011867   0.103368
0.144563   0.402993   0.376079   0.767871   0.149039   0.992619   0.996423   0.126177
0.898081   0.759502   0.831353   0.951040   0.142821   0.919047   0.076040   0.181272
0.228939   0.556068   0.346733   0.773492   0.195917   0.958204   0.959664   0.184035
0.866291   0.426150   0.556238   0.884542   0.980196   0.198442   0.930967   0.119848
0.300343   0.052685   0.069529   0.359722   0.163573   0.938459   0.948760   0.136358
0.237826   0.784975   0.375768   0.514023   0.968748   0.142515   0.961305   0.102418
0.540633   0.557458   0.065869   0.539447   0.184895   0.166022   0.940770   0.125621
0.839111   0.433997   0.435897   0.810509   0.934153   0.147374   0.966329   0.165342
0.089583   0.718473   0.427065   0.227140   0.994491   0.136666   0.901883   0.153253
0.908501   0.670546   0.860262   0.129160   0.976764   0.132166   0.041389   0.164714
0.876338   0.725985   0.469599   0.758009   0.142747   0.979846   0.942952   0.181828
0.883799   0.450595   0.218167   0.284083   0.942835   0.168143   0.954598   0.110899
0.456748   0.512388   0.151547   0.371534   0.198469   0.110153   0.995140   0.176404
0.847871   0.908917   0.778266   0.204038   0.137067   0.989172   0.080188   0.156480
0.891608   0.454424   0.420336   0.695312   0.941901   0.157523   0.925047   0.176329
0.348411   0.291735   0.309640   0.864828   0.150004   0.987192   0.900914   0.100248
0.861267   0.907366   0.796610   0.458766   0.170550   0.964226   0.069435   0.164589
0.384868   0.485438   0.493886   0.234513   0.169329   0.939076   0.919960   0.185063
0.290117   0.273231   0.712747   0.780426   0.129321   0.996281   0.027083   0.147435
0.084033   0.836641   0.640438   0.613693   0.917646   0.102082   0.023691   0.153366
0.757350   0.122619   0.658101   0.766144   0.932652   0.179780   0.042395   0.141731
0.227112   0.836284   0.612466   0.338239   0.973717   0.169672   0.077531   0.112487
0.651042   0.256305   0.423058   0.200344   0.924466   0.106164   0.970955   0.182674
0.388582   0.014139   0.755702   0.455873   0.158255   0.913479   0.000275   0.171167
0.570719   0.745771   0.284674   0.711563   0.144014   0.921081   0.920222   0.149006
0.271589   0.160032   0.678261   0.268543   0.162163   0.963472   0.038155   0.124914
0.396157   0.918191   0.527177   0.332662   0.933222   0.171281   0.938077   0.172721
0.115056   0.390533   0.610186   0.671249   0.132488   0.964124   0.086613   0.187809
0.102495   0.639108   0.515980   0.259685   0.102227   0.947056   0.903592   0.153979
0.336188   0.088825   0.107177   0.712503   0.111397   0.925669   0.942253   0.151321
0.747872   0.980066   0.538752   0.827336   0.127024   0.948994   0.984601   0.153552
0.913621   0.681169   0.624861   0.405674   0.927490   0.184784   0.057611   0.182676
0.868350   0.162783   0.421489   0.457396   0.926415   0.122065   0.988178   0.186757
0.310345   0.361488   0.715949   0.142955   0.162287   0.977670   0.079005   0.182846
0.648518   0.149745   0.147836   0.795556   0.948435   0.161161   0.946156   0.134282
0.336641   0.387691   0.147955   0.919037   0.184720   0.998711   0.937130   0.150665
0.450178   0.716147   0.257244   0.545680   0.108946   0.990300   0.973968   0.132918
0.633720   0.939338   0.441121   0.774231   0.145467   0.931739   0.904213   0.125436
0.672604   0.411871   0.753031   0.535810   0.930429   0.170246   0.009977   0.118334
0.870388   0.791904   0.445372   0.506580   0.182800   0.911395   0.901668   0.179523
0.746641   0.350684   0.669635   0.212228   0.959707   0.138344   0.079164   0.163799
0.633797   0.057906   0.612618   0.782475   0.991333   0.191312   0.098393   0.151057
0.651254   0.670500   0.278590   0.522583   0.945060   0.147779   0.921171   0.176398
0.435091   0.420447   0.842009   0.636780   0.189082   0.919923   0.060484   0.101722
0.497068   0.013294   0.695105   0.216059   0.960193   0.140474   0.134648   0.149814
0.540519   0.580110   0.596064   0.087854   0.168204   0.118763   0.980811   0.113699
0.863014   0.802336   0.808693   0.376003   0.199470   0.921261   0.038798   0.149290
0.603125   0.079781   0.658403   0.329921   0.944797   0.163527   0.012008   0.190550
0.277440   0.220082   0.454368   0.485032   0.131486   0.953936   0.927269   0.194126
0.776130   0.257019   0.971491   0.606966   0.929839   0.117826   0.077283   0.196809
0.378742   0.739686   0.134711   0.962415   0.925146   0.123944   0.947892   0.117323
0.056700   0.445827   0.121515   0.859901   0.163579   0.968572   0.965951   0.115060
0.171670   0.515218   0.820965   0.930198   0.110560   0.961734   0.045493   0.101078
0.927825   0.153913   0.471249   0.424258   0.909561   0.174893   0.986081   0.190303
0.301168   0.722779   0.800499   0.487350   0.981020   0.110443   0.041606   0.137871
0.859777   0.638244   0.712480   0.783123   0.944611   0.188551   0.018269   0.149890
0.581685   0.712996   0.653028   0.178752   0.120952   0.966855   0.097627   0.152000
0.776648   0.554577   0.293424   0.203060   0.996915   0.180059   0.910958   0.150100
0.833170   0.299928   0.428179   0.270442   0.930989   0.140002   0.915958   0.172569
0.702798   0.362876   0.146275   0.838116   0.901363   0.191378   0.939619   0.126451
0.421185   0.678276   0.766039   0.106086   0.128634   0.941685   0.094277   0.154620
0.114659   0.535501   0.545175   0.365391   0.198962   0.903364   0.959710   0.193156
0.808646   0.872791   0.967270   0.237566   0.184575   0.996056   0.048903   0.100419
0.901745   0.251643   0.372083   0.196970   0.902799   0.107062   0.994136   0.137134
0.854711   0.059031   0.217981   0.788669   0.962107   0.106669   0.946462   0.129249
0.295031   0.320031   0.444961   0.803714   0.138349   0.901246   0.905816   0.160276
0.183200   0.247528   0.461645   0.585514   0.102833   0.999241   0.972449   0.105380
0.397900   0.207754   0.623272   0.863034   0.149520   0.943221   0.067734   0.150721
0.656387   0.246573   0.715309   0.524060   0.984266   0.169881   0.057581   0.128218
0.869363   0.177582   0.805296   0.150712   0.943665   0.122166   0.075062   0.143218
0.329245   0.453459   0.796340   0.743480   0.187675   0.977695   0.017337   0.147529
0.399021   0.506579   0.055753   0.230826   0.123606   0.998957   0.954274   0.123031
0.785428   0.230862   0.601397   0.536833   0.997209   0.111244   0.066521   0.163628
0.755835   0.486163   0.221229   0.708748   0.946663   0.154600   0.982453   0.104236
0.819572   0.297515   0.592188   0.876346   0.972270   0.169714   0.974022   0.142352
0.441566   0.423657   0.567406   0.742201   0.176218   0.974045   0.979621   0.127796
0.312627   0.222615   0.388227   0.620833   0.105809   0.938072   0.975579   0.106761
0.477071   0.301911   0.405401   0.974526   0.125844   0.196028   0.980111   0.131756
0.553948   0.036933   0.340970   0.753680   0.922441   0.100308   0.928493   0.139197
0.907206   0.662969   0.068301   0.436895   0.970417   0.191821   0.918377   0.182572
0.202864   0.157530   0.319165   0.688746   0.144540   0.959625   0.925650   0.123354
0.123906   0.537704   0.913420   0.719967   0.191070   0.951339   0.007023   0.197446
0.120801   0.893857   0.100270   0.756956   0.902097   0.111504   0.901986   0.178009
0.087294   0.604915   0.616452   0.647059   0.162411   0.964256   0.070001   0.187611
0.640229   0.649878   0.670753   0.516924   0.941309   0.175960   0.076898   0.105827
0.384896   0.899342   0.817881   0.481607   0.974312   0.196308   0.011449   0.156433
0.758762   0.071170   0.653608   0.197491   0.975627   0.178011   0.000708   0.151092
0.130829   0.238593   0.700095   0.101378   0.121792   0.969953   0.074800   0.133633
0.878632   0.914917   0.139560   0.805676   0.176235   0.924063   0.986438   0.174072
0.655323   0.681602   0.694716   0.446498   0.996168   0.174541   0.073157   0.136720
0.878280   0.088697   0.934068   0.103455   0.927685   0.145084   0.092045   0.133641
0.673261   0.135175   0.894968   0.122640   0.948222   0.165944   0.098910   0.155017
0.768029   0.096114   0.330850   0.335202   0.939370   0.119029   0.969189   0.115632
0.650048   0.487210   0.929299   0.723469   0.948038   0.154898   0.029508   0.144132
0.723938   0.871730   0.006738   0.643849   0.164079   0.985914   0.970471   0.162865
0.740233   0.844186   0.357263   0.851670   0.151312   0.958184   0.992215   0.178471
0.964098   0.710026   0.453248   0.914201   0.118060   0.997594   0.976103   0.154894
0.977671   0.535802   0.404975   0.452790   0.969413   0.195253   0.993442   0.188435
0.599931   0.140939   0.854472   0.209108   0.960759   0.132534   0.049319   0.166694
0.579005   0.965942   0.856462   0.500597   0.110238   0.937241   0.076625   0.175643
0.925569   0.504889   0.536205   0.481428   0.915369   0.180413   0.928724   0.142039
0.594219   0.506544   0.302625   0.085582   0.971667   0.171608   0.905556   0.111787
0.587363   0.344901   0.794931   0.911949   0.982912   0.143228   0.089833   0.171136
0.218399   0.393466   0.430667   0.866680   0.193702   0.902049   0.955322   0.110081
0.269342   0.743984   0.368921   0.623864   0.961101   0.133417   0.990789   0.164232
0.445266   0.477043   0.925323   0.769989   0.107687   0.997700   0.027433   0.143244
0.126086   0.705793   0.399363   0.189822   0.905573   0.104851   0.955554   0.112810
0.952477   0.695560   0.877814   0.468965   0.989787   0.183067   0.003477   0.106617
0.431323   0.435968   0.185946   0.348980   0.197895   0.978901   0.993364   0.190252
0.593821   0.900953   0.460425   0.883537   0.169018   0.945763   0.966279   0.113924
0.242849   0.560454   0.632247   0.645217   0.193224   0.980299   0.098837   0.192916
0.880780   0.626165   0.480283   0.797872   0.932493   0.147515   0.901806   0.156963
0.983780   0.511574   0.884519   0.590209   0.924633   0.194553   0.019627   0.108206
0.882404   0.780692   0.816734   0.555081   0.191901   0.907302   0.048599   0.154528
0.516734   0.227476   0.295050   0.406170   0.088915   0.164051   0.962369   0.103567
0.424390   0.254681   0.889161   0.482736   0.188823   0.973896   0.089159   0.126577
0.309070   0.081102   0.484418   0.509419   0.131167   0.932918   0.980565   0.191901
0.816338   0.375140   0.834247   0.809434   0.958337   0.191161   0.003934   0.122580
0.077131   0.698114   0.075197   0.231417   0.116980   0.966400   0.996585   0.158601
0.540392   0.268729   0.773397   0.269070   0.936218   0.131956   0.027450   0.147533
0.515302   0.882560   0.947286   0.219537   0.102255   0.932534   0.036575   0.108660
0.380436   0.273500   0.876504   0.478397   0.150551   0.965409   0.069200   0.110975
0.760760   0.857690   0.719963   0.432176   0.157769   0.998200   0.026467   0.123445
0.698857   0.370661   0.216027   0.565753   0.971205   0.164660   0.942634   0.116585
0.463491   0.097288   0.528676   0.873138   0.945118   0.194155   0.105630   0.142861
0.501316   0.505943   0.870222   0.339383   0.183494   0.154787   0.970908   0.102417
0.845685   0.380302   0.271089   0.463447   0.914244   0.167837   0.992723   0.156133
0.065026   0.180223   0.781736   0.498945   0.176573   0.942081   0.068433   0.159728
0.688911   0.365261   0.232843   0.163086   0.963205   0.151727   0.921586   0.142019
0.852508   0.822166   0.628169   0.083986   0.165695   0.917115   0.005846   0.166436
0.586278   0.555983   0.286684   0.490465   0.981526   0.145385   0.946054   0.126749
0.533396   0.910916   0.953706   0.420319   0.126464   0.998538   0.141830   0.142602
0.177701   0.894650   0.900474   0.887926   0.966382   0.178547   0.082313   0.154697
0.658778   0.689708   0.968541   0.044731   0.931890   0.123249   0.031348   0.187491
0.958446   0.425805   0.960075   0.130838   0.969425   0.191629   0.081692   0.103861
0.641603   0.937745   0.674031   0.800048   0.156567   0.915360   0.033700   0.112321
0.753068   0.321082   0.465382   0.300640   0.990145   0.194407   0.932561   0.120427
0.579866   0.494421   0.155284   0.642258   0.929347   0.174413   0.985098   0.193631
0.130978   0.395925   0.343546   0.412272   0.119555   0.904136   0.970972   0.193820
0.725061   0.743147   0.072753   0.203555   0.118252   0.950345   0.964408   0.151949
0.421425   0.098529   0.442951   0.817085   0.110853   0.956155   0.965331   0.167843
0.948089   0.152051   0.335632   0.739640   0.919885   0.139042   0.961036   0.142622
0.845234   0.285483   0.266713   0.861137   0.985522   0.137606   0.903980   0.150719
0.665800   0.175217   0.558718   0.877772   0.928011   0.110622   0.902200   0.182600
0.398493   0.474984   0.165088   0.221905   0.165912   0.994100   0.967045   0.173713
0.974029   0.319584   0.933169   0.889085   0.929990   0.174355   0.069123   0.194685
0.347355   0.223516   0.449651   0.189120   0.114740   0.942507   0.957291   0.125932
0.589199   0.536905   0.266817   0.124857   0.907468   0.161609   0.969144   0.103999
0.476439   0.763302   0.054575   0.288993   0.115758   0.954548   0.968914   0.180545
0.321962   0.378917   0.398847   0.085500   0.169658   0.942321   0.918406   0.144571
0.113680   0.397640   0.441231   0.334617   0.150764   0.934033   0.946952   0.117811
0.775401   0.384391   0.153959   0.481531   0.932649   0.133533   0.982760   0.117830
0.394780   0.197034   0.306731   0.655442   0.112452   0.983618   0.973542   0.196441
0.496810   0.695824   0.310087   0.788603   0.185032   0.154062   0.925616   0.113021
0.739834   0.582459   0.253479   0.313919   0.955306   0.178868   0.948584   0.177610
0.694015   0.399811   0.357356   0.541687   0.959787   0.127493   0.960526   0.135039
0.602935   0.353104   0.082045   0.186808   0.923713   0.175852   0.990625   0.119537
0.851846   0.809217   0.707713   0.354594   0.188056   0.933784   0.092744   0.113059
0.653382   0.793649   0.715750   0.491511   0.108989   0.971986   0.022155   0.157637
0.265035   0.775787   0.481651   0.443704   0.911203   0.114442   0.977712   0.158233
0.563325   0.908180   0.365500   0.579845   0.118814   0.968566   0.910710   0.126457
0.302466   0.634223   0.252159   0.863273   0.103455   0.955707   0.954860   0.177862
0.414612   0.222916   0.666898   0.814012   0.199180   0.982855   0.086033   0.132509
0.241456   0.515815   0.376389   0.709963   0.164782   0.954541   0.955074   0.170639
0.690078   0.938623   0.452706   0.776137   0.114241   0.970614   0.984413   0.162243
0.614402   0.430180   0.351989   0.278823   0.917785   0.166473   0.927738   0.199586
0.881250   0.236143   0.596657   0.891053   0.928371   0.149870   0.900837   0.109093
0.250770   0.887153   0.591312   0.042315   0.920590   0.151835   0.963775   0.194448
0.341055   0.666897   0.223825   0.043743   0.119326   0.904265   0.933320   0.145386
0.913630   0.813765   0.412101   0.232217   0.165537   0.947831   0.995014   0.197604
0.212509   0.679544   0.657541   0.788155   0.179788   0.998488   0.054691   0.170061
0.952895   0.412594   0.782254   0.940611   0.905382   0.161348   0.024764   0.189859
0.609895   0.275888   0.593499   0.762553   0.934755   0.150229   0.986628   0.164517
0.785729   0.552216   0.836722   0.891474   0.958134   0.167491   0.019972   0.113068
0.459943   0.273534   0.136184   0.851021   0.058658   0.189858   0.901155   0.137131
0.534471   0.797288   0.290680   0.680100   0.144040   0.060698   0.987630   0.145938
0.054503   0.670698   0.378753   0.606953   0.173129   0.998194   0.931383   0.114005
0.396115   0.466582   0.817480   0.314924   0.147810   0.922052   0.053257   0.173212
0.770291   0.629134   0.868526   0.923988   0.978467   0.137311   0.072266   0.153835
0.338808   0.850558   0.468507   0.847739   0.988232   0.155204   0.950045   0.110903
0.103142   0.567870   0.813098   0.566156   0.126808   0.933604   0.070899   0.147004
0.188403   0.197456   0.919069   0.376004   0.154066   0.963240   0.098092   0.105360
0.640373   0.558109   0.194012   0.495268   0.951202   0.169748   0.967335   0.187383
0.406754   0.199511   0.408654   0.695935   0.183077   0.982026   0.986923   0.118276
0.476648   0.828753   0.143410   0.420284   0.157692   0.986510   0.986904   0.162764
0.218517   0.343299   0.489798   0.588140   0.121790   0.945863   0.950559   0.126743
0.508944   0.875656   0.155826   0.621672   0.175653   0.083901   0.923335   0.107008
0.712129   0.390375   0.242435   0.665469   0.961724   0.103699   0.976705   0.177327
0.530703   0.062951   0.620923   0.745890   0.966165   0.193493   0.133340   0.118684
0.792597   0.545504   0.862966   0.585285   0.972012   0.185836   0.027991   0.167609
0.171388   0.668229   0.492107   0.442498   0.149207   0.956677   0.965738   0.158186
0.675115   0.795277   0.883230   0.213957   0.136763   0.936986   0.094495   0.164988
0.667136   0.524635   0.411014   0.164115   0.979956   0.165247   0.918482   0.185727
0.717192   0.369665   0.209592   0.716580   0.941961   0.172683   0.921068   0.151496
0.714804   0.688290   0.380209   0.560860   0.962510   0.126684   0.942050   0.166780
0.391809   0.440477   0.818479   0.225432   0.102927   0.925980   0.044037   0.102112
0.554425   0.802779   0.677815   0.138098   0.155955   0.921305   0.048321   0.185265
0.078188   0.777927   0.181428   0.074647   0.986316   0.157524   0.935403   0.188378
0.403852   0.226636   0.104973   0.901314   0.149785   0.985001   0.976356   0.110337
0.611941   0.367369   0.942385   0.479715   0.944095   0.131896   0.075551   0.119251
0.315000   0.246030   0.575495   0.787057   0.198048   0.995422   0.959243   0.157679
0.162930   0.793208   0.487576   0.374954   0.938674   0.165282   0.967845   0.192128
0.889643   0.492504   0.527830   0.047893   0.961613   0.178060   0.918254   0.118901
0.672279   0.436476   0.648532   0.088137   0.986617   0.121614   0.034875   0.110045
0.578505   0.649960   0.917667   0.883041   0.922323   0.180418   0.007730   0.175226
0.114868   0.575833   0.062512   0.195217   0.177058   0.954011   0.956242   0.135181
0.464609   0.951599   0.720160   0.490139   0.178259   0.906114   0.150130   0.180157
0.321361   0.136879   0.692213   0.283309   0.171951   0.976337   0.039215   0.157628
0.463621   0.732494   0.194557   0.148382   0.150844   0.941481   0.921420   0.185441
0.333666   0.095243   0.611433   0.748846   0.190708   0.991642   0.046640   0.171244
0.650207   0.714608   0.256822   0.751762   0.159072   0.998936   0.963367   0.118759
0.095530   0.738923   0.573943   0.170202   0.978393   0.113904   0.953837   0.167106
0.679119   0.638116   0.412361   0.809983   0.984193   0.148001   0.919186   0.158373
0.913629   0.317211   0.525471   0.417106   0.982841   0.138141   0.968259   0.138726
0.474300   0.284698   0.793533   0.495781   0.950241   0.171939   0.094532   0.109693
0.566384   0.468445   0.243702   0.264339   0.932316   0.189343   0.944542   0.134887
0.501997   0.102241   0.694570   0.148863   0.934548   0.118295   0.063329   0.151503
0.328355   0.778698   0.396443   0.564876   0.986349   0.151624   0.928720   0.199970
0.419412   0.195802   0.544971   0.263020   0.159155   0.908633   0.977844   0.153147
0.721964   0.624852   0.599415   0.811257   0.985573   0.193809   0.982708   0.162047
0.160565   0.109118   0.793980   0.473297   0.105596   0.988241   0.099092   0.137542
0.235812   0.417404   0.464532   0.847959   0.134829   0.946017   0.944265   0.110029
0.747487   0.616854   0.572196   0.847886   0.934373   0.176101   0.907845   0.118636
0.888508   0.227697   0.115433   0.796515   0.998772   0.163222   0.924833   0.157106
0.376564   0.846251   0.439645   0.499848   0.950809   0.134740   0.909623   0.182099
0.623673   0.372083   0.779675   0.211486   0.951573   0.135284   0.058918   0.102247
0.938858   0.897104   0.091667   0.738469   0.111637   0.930718   0.955254   0.135553
0.947515   0.802646   0.328482   0.606840   0.152739   0.941218   0.943428   0.101625
0.618702   0.657669   0.659339   0.532875   0.925785   0.173605   0.058431   0.147212
0.413792   0.450339   0.888094   0.381059   0.182516   0.933625   0.078381   0.146547
0.743906   0.698578   0.658020   0.950005   0.904647   0.197378   0.081027   0.124380
0.262526   0.938795   0.417552   0.409567   0.935162   0.164369   0.938771   0.192845
0.083445   0.838832   0.642001   0.527213   0.931635   0.170991   0.082019   0.184471
0.338810   0.475399   0.627732   0.478027   0.109068   0.919470   0.045673   0.167710
0.372813   0.236456   0.441330   0.297316   0.177309   0.972653   0.903423   0.122395
0.021392   0.106184   0.616794   0.193826   0.196987   0.936208   0.079333   0.111458
0.245511   0.114216   0.770867   0.438009   0.105909   0.948534   0.006994   0.104977
0.670074   0.694220   0.415214   0.915350   0.982695   0.184164   0.953015   0.154140
0.501153   0.051610   0.955726   0.570412   0.971057   0.186733   0.148860   0.147936
0.483521   0.844280   0.901331   0.663303   0.146460   0.918047   0.004704   0.129105
0.150855   0.242129   0.871321   0.443792   0.136349   0.988670   0.061130   0.131158
0.460335   0.051306   0.916113   0.183225   0.964697   0.158039   0.133249   0.199432
0.274110   0.851746   0.901336   0.118132   0.954039   0.144356   0.096858   0.149592
0.111909   0.921963   0.552515   0.315714   0.906905   0.188287   0.968383   0.171319
0.748431   0.086168   0.722632   0.608416   0.907073   0.129452   0.035196   0.179178
0.587423   0.934254   0.147496   0.425088   0.185385   0.972683   0.942260   0.192240
0.353661   0.910481   0.135023   0.759693   0.976499   0.151025   0.999332   0.195292
0.734240   0.637986   0.421088   0.094176   0.988926   0.152308   0.982441   0.183071
0.433743   0.298674   0.835059   0.497142   0.133867   0.925935   0.076334   0.111020
0.499464   0.256963   0.848371   0.642788   0.919225   0.119148   0.012906   0.123375
0.472701   0.309422   0.481292   0.342169   0.148803   0.147372   0.936438   0.147128
0.831465   0.093619   0.861046   0.479759   0.920438   0.135352   0.034077   0.140540
0.408192   0.445736   0.292889   0.721803   0.190358   0.923701   0.962191   0.111348
0.331089   0.441949   0.372189   0.263054   0.115221   0.988127   0.967589   0.129118
0.629272   0.900063   0.644832   0.320633   0.130641   0.977757   0.039869   0.158383
0.185329   0.147209   0.109199   0.223297   0.112016   0.988629   0.934949   0.129878
0.562135   0.415449   0.242717   0.812341   0.907079   0.117944   0.908900   0.163388
0.846166   0.903916   0.127508   0.797760   0.131992   0.926546   0.962002   0.141464
0.880714   0.514730   0.330519   0.188743   0.979706   0.179835   0.929497   0.127524
0.530406   0.284032   0.194079   0.414139   0.023229   0.154794   0.947286   0.180912
0.829763   0.810285   0.499309   0.283511   0.147236   0.992309   0.926052   0.117164
0.411270   0.668679   0.330008   0.353151   0.140595   0.934909   0.991414   0.120125
0.369203   0.896464   0.301317   0.282701   0.946733   0.155817   0.903409   0.198928
0.668945   0.211054   0.677735   0.063870   0.977601   0.155388   0.068778   0.120132
0.756247   0.470393   0.812185   0.585918   0.934115   0.183817   0.004603   0.163552
0.047259   0.518275   0.079129   0.550002   0.104827   0.918876   0.908416   0.129215
0.401462   0.964178   0.591358   0.800361   0.955733   0.182996   0.957187   0.157324
0.636783   0.685825   0.328187   0.652686   0.996528   0.145717   0.973622   0.112305
0.102340   0.396187   0.530007   0.323096   0.109971   0.984921   0.917714   0.181400
0.099577   0.192653   0.438627   0.615177   0.173165   0.993531   0.935381   0.167552
0.403094   0.923158   0.807688   0.870646   0.990001   0.120714   0.024249   0.174847
0.425752   0.362902   0.257678   0.644390   0.110967   0.965744   0.905144   0.144859
0.344918   0.501981   0.803065   0.351515   0.144040   0.926919   0.053590   0.121596
0.167353   0.228014   0.843398   0.739398   0.104587   0.981294   0.057842   0.107388
0.784258   0.459155   0.235571   0.423272   0.989853   0.150222   0.916171   0.125760
0.076547   0.579593   0.759194   0.176451   0.110529   0.970473   0.076664   0.139322
0.738855   0.400128   0.890951   0.880492   0.915068   0.143475   0.060754   0.114938
0.218638   0.583906   0.627374   0.252892   0.191457   0.910406   0.015168   0.185388
0.878224   0.194043   0.635557   0.754028   0.978543   0.152892   0.035905   0.160685
0.547716   0.280388   0.406698   0.690497   0.087063   0.114354   0.909552   0.166165
0.810421   0.397328   0.106562   0.083140   0.938280   0.194316   0.936440   0.131681
0.306346   0.387137   0.755290   0.454023   0.129224   0.929146   0.020704   0.199551
0.745504   0.757993   0.533985   0.176943   0.144492   0.959441   0.967191   0.171773
0.841292   0.184055   0.000317   0.697635   0.950008   0.112636   0.987657   0.143685
0.840579   0.407071   0.871189   0.424346   0.914858   0.123623   0.009586   0.132811
0.556725   0.503847   0.277909   0.829247   0.988373   0.124668   0.970235   0.134501
0.310172   0.420681   0.856342   0.723247   0.167375   0.991904   0.044535   0.156347
0.674798   0.260203   0.747801   0.252744   0.973316   0.162338   0.029958   0.184645
0.933007   0.225337   0.406840   0.740938   0.990048   0.137440   0.988760   0.134973
0.618547   0.673498   0.470401   0.165534   0.913832   0.109735   0.948075   0.189617
0.456091   0.652096   0.896127   0.461874   0.128973   0.199553   0.974012   0.121544
0.134283   0.335273   0.884372   0.535034   0.120023   0.972195   0.033025   0.120898
0.894955   0.708314   0.104553   0.540839   0.140619   0.964499   0.925558   0.176089
0.317584   0.621223   0.689831   0.046028   0.155340   0.961544   0.028737   0.175787
0.212258   0.267077   0.931546   0.541764   0.125331   0.964925   0.003013   0.116292
0.412191   0.676612   0.616331   0.596200   0.195662   0.986689   0.037391   0.139128
0.930442   0.274961   0.113555   0.334928   0.936778   0.164489   0.937437   0.143136
0.476880   0.375937   0.383516   0.067898   0.129864   0.141720   0.961282   0.130151
0.728767   0.161715   0.719874   0.977448   0.915026   0.133801   0.075499   0.173318
0.425720   0.896882   0.110682   0.434634   0.970012   0.155418   0.948004   0.109332
0.686766   0.052602   0.353388   0.446808   0.989246   0.198872   0.998516   0.169239
0.050977   0.609025   0.417670   0.649390   0.110151   0.938970   0.964524   0.117915
0.154371   0.083930   0.181477   0.595581   0.142996   0.938266   0.957760   0.145782
0.571484   0.532155   0.602607   0.864964   0.959504   0.155922   0.047545   0.183837
0.409619   0.602862   0.477472   0.271246   0.197809   0.934775   0.924099   0.154680
0.256775   0.754401   0.129651   0.650001   0.944366   0.120757   0.924084   0.175335
0.129063   0.124121   0.735571   0.920523   0.107797   0.908481   0.043355   0.103829
0.749756   0.917962   0.590472   0.914970   0.134288   0.979532   0.931221   0.127736
0.416049   0.248571   0.881413   0.569375   0.160538   0.970098   0.039535   0.160427
0.663082   0.066364   0.823649   0.330350   0.918669   0.162928   0.007763   0.108527
0.935201   0.804801   0.387519   0.307083   0.189990   0.976560   0.930374   0.144785
0.719724   0.427361   0.822094   0.375115   0.976657   0.162991   0.005544   0.183295
0.479794   0.878600   0.721002   0.460644   0.189875   0.929174   0.049616   0.135845
0.843261   0.733907   0.140241   0.904347   0.166727   0.947141   0.982128   0.168024
0.621284   0.936164   0.213500   0.853492   0.115889   0.960367   0.962684   0.178491
0.431778   0.168621   0.022397   0.936394   0.174632   0.958685   0.957533   0.170990
0.443579   0.506600   0.758468   0.834110   0.117455   0.985805   0.003199   0.187065
0.291387   0.164486   0.265800   0.158664   0.149585   0.920356   0.911471   0.162523
0.071810   0.840930   0.296559   0.778164   0.911211   0.138154   0.971311   0.107823
0.888849   0.800745   0.468170   0.532814   0.156684   0.938926   0.906316   0.176728
0.887983   0.559603   0.113917   0.106319   0.928810   0.156149   0.916144   0.114138
0.599518   0.288783   0.655422   0.611876   0.997663   0.154296   0.064670   0.164172
0.796033   0.449227   0.445080   0.786100   0.957880   0.183690   0.913059   0.183058
0.097525   0.625538   0.929296   0.064229   0.136004   0.953668   0.047480   0.137013
0.347957   0.675741   0.543995   0.326485   0.180878   0.961531   0.900596   0.155666
0.188003   0.840697   0.170831   0.154023   0.950101   0.191396   0.962084   0.185537
0.551734   0.879064   0.486014   0.541046   0.116090   0.981275   0.944260   0.160541
0.505208   0.362301   0.559446   0.666898   0.154025   0.142011   0.986348   0.101798
0.753090   0.563304   0.586893   0.246755   0.942265   0.196881   0.927149   0.172648
0.093128   0.806226   0.167061   0.620481   0.980608   0.117477   0.966782   0.137601
0.944987   0.166199   0.887536   0.160254   0.968502   0.176333   0.054463   0.143636
0.886331   0.026333   0.468461   0.115710   0.958789   0.158792   0.952691   0.192204
0.425410   0.223910   0.278497   0.054037   0.101916   0.902255   0.917873   0.104709
0.473630   0.602365   0.525040   0.309359   0.193113   0.114323   0.921094   0.157352
0.838627   0.601726   0.687050   0.317362   0.981747   0.190489   0.023371   0.110905
0.456484   0.171401   0.371708   0.263386   0.948921   0.181409   0.942999   0.159653
0.537157   0.378317   0.264943   0.477113   0.105790   0.139454   0.930403   0.122101
0.177705   0.032303   0.517012   0.876817   0.162308   0.992605   0.948072   0.143390
0.873938   0.421884   0.507710   0.664540   0.955644   0.155102   0.980105   0.121041
0.382224   0.815187   0.296926   0.237700   0.914086   0.148326   0.922972   0.111659
0.481181   0.971403   0.670212   0.673074   0.116492   0.954762   0.110936   0.167275
0.471341   0.132568   0.262192   0.792607   0.016167   0.188429   0.991895   0.165095
0.229955   0.895785   0.567742   0.538180   0.954137   0.105763   0.998225   0.112887
0.084105   0.563277   0.695872   0.568312   0.123686   0.947437   0.055076   0.147568
0.640518   0.319919   0.109065   0.273913   0.905057   0.162765   0.924735   0.134021
0.247955   0.192029   0.772809   0.138865   0.198824   0.936615   0.068301   0.117605
0.049034   0.579378   0.497407   0.508807   0.196186   0.929453   0.917225   0.122256
0.095108   0.359583   0.763573   0.191284   0.185737   0.921146   0.017972   0.187616
0.649164   0.129360   0.539717   0.604171   0.966417   0.176101   0.911978   0.170811
0.527439   0.648206   0.628108   0.568050   0.106114   0.130215   0.913395   0.156172
0.879237   0.327697   0.140944   0.748895   0.923526   0.189818   0.990666   0.104642
0.159635   0.811761   0.834720   0.407897   0.971057   0.161350   0.016797   0.100961
0.880731   0.528228   0.092451   0.180934   0.968833   0.142020   0.959506   0.141793
0.374382   0.237263   0.781632   0.369438   0.179144   0.965850   0.014115   0.167618
0.941009   0.784919   0.029240   0.653655   0.183417   0.913957   0.978020   0.110680
0.357048   0.419616   0.689546   0.881225   0.113499   0.910896   0.021733   0.111314
0.490971   0.802129   0.179282   0.699620   0.179848   0.088451   0.991874   0.111906
0.094617   0.517883   0.780962   0.213107   0.135787   0.961402   0.088276   0.138555
0.412400   0.810581   0.789795   0.949654   0.900134   0.170266   0.084556   0.168201
0.137291   0.346172   0.472471   0.479217   0.179202   0.932937   0.918256   0.120574
0.220494   0.747270   0.086888   0.184688   0.924305   0.155712   0.921636   0.139019
0.566739   0.442129   0.267627   0.400700   0.913439   0.165662   0.948851   0.166712
0.960161   0.137429   0.321981   0.104293   0.949716   0.151065   0.932492   0.136715
0.925419   0.371274   0.403601   0.627966   0.943882   0.182523   0.914479   0.148437
0.843945   0.601940   0.019357   0.856928   0.963759   0.182068   0.983712   0.101832
0.400715   0.133199   0.623395   0.361998   0.170487   0.951848   0.034720   0.178745
0.753396   0.689676   0.266362   0.675152   0.933818   0.105519   0.932048   0.163572
0.085582   0.713714   0.414579   0.890696   0.944193   0.140851   0.939382   0.153377
0.160889   0.077402   0.384057   0.618684   0.160941   0.922747   0.964771   0.105971
0.183795   0.594696   0.614569   0.704283   0.113202   0.924219   0.029491   0.118261
0.511223   0.340672   0.619068   0.875599   0.105211   0.108300   0.978778   0.109901
0.278030   0.609148   0.175856   0.465281   0.177344   0.904011   0.980215   0.196222
0.218227   0.682432   0.366516   0.131606   0.163208   0.918579   0.927343   0.102569
0.117140   0.135281   0.057454   0.107213   0.145161   0.972983   0.907511   0.177636
0.532337   0.374252   0.063881   0.371666   0.113027   0.129343   0.931654   0.133717
0.700695   0.836224   0.147314   0.578884   0.102809   0.949390   0.906310   0.116308
0.231517   0.745873   0.487737   0.463755   0.918119   0.112549   0.966284   0.145532
0.494586   0.086035   0.143758   0.463736   0.992406   0.188318   0.161744   0.126998
0.813997   0.471948   0.626987   0.653777   0.971401   0.105364   0.012485   0.114999
0.762316   0.224041   0.819916   0.059681   0.907022   0.194667   0.038152   0.145953
0.265664   0.574486   0.800887   0.520642   0.104939   0.963923   0.098376   0.163351
0.108687   0.796345   0.215870   0.245817   0.959699   0.160446   0.959215   0.109730
0.502589   0.488003   0.713193   0.366897   0.117474   0.192547   0.986772   0.163009
0.888675   0.761003   0.240780   0.497779   0.104988   0.983037   0.961026   0.138602
0.129297   0.749304   0.651140   0.156404   0.937142   0.148843   0.067573   0.108475
0.261158   0.762502   0.208940   0.917568   0.940042   0.166796   0.968133   0.146355
0.698090   0.157200   0.451728   0.606713   0.959063   0.130563   0.917111   0.115824
0.401200   0.274470   0.368510   0.837498   0.131691   0.986574   0.986004   0.189701
0.225758   0.642018   0.637699   0.817023   0.130404   0.982356   0.031687   0.189619
0.731665   0.437681   0.692944   0.868886   0.960764   0.199133   0.076643   0.109340
0.774528   0.764255   0.783058   0.646872   0.170583   0.949665   0.060346   0.197341
0.867873   0.641082   0.276631   0.869870   0.952530   0.126559   0.940688   0.151315
0.169299   0.379279   0.386559   0.369306   0.143517   0.925046   0.981518   0.139177
0.311060   0.943390   0.281511   0.304891   0.942258   0.168680   0.965708   0.134679
0.281042   0.144821   0.728229   0.935635   0.193577   0.940487   0.084071   0.126467
0.229551   0.092040   0.075122   0.437901   0.131001   0.977273   0.945022   0.127432
0.796361   0.681358   0.572280   0.781929   0.949505   0.108662   0.946938   0.142497
0.345489   0.931048   0.225416   0.615475   0.942828   0.125481   0.973099   0.170245
0.278675   0.514020   0.311717   0.386292   0.150693   0.985690   0.993283   0.197267
0.138802   0.274393   0.796186   0.179840   0.158806   0.922511   0.075481   0.121540
0.578660   0.344872   0.812157   0.627261   0.990140   0.155544   0.045678   0.194054
0.791129   0.140444   0.294548   0.137317   0.967585   0.187116   0.990865   0.132263
0.318186   0.771153   0.578761   0.705032   0.918749   0.191005   0.984179   0.185620
0.864965   0.937584   0.817287   0.297268   0.171722   0.914645   0.072432   0.188945
0.463049   0.613157   0.437363   0.076055   0.153979   0.105249   0.954639   0.101632
0.302292   0.073252   0.380456   0.184337   0.144681   0.994052   0.974745   0.177545
0.741773   0.341418   0.849900   0.385203   0.923256   0.194386   0.091548   0.173397
0.649290   0.347402   0.597408   0.445900   0.916449   0.151675   0.949839   0.121478
0.180795   0.466133   0.517197   0.377716   0.142471   0.935649   0.926177   0.109817
0.669304   0.797572   0.825255   0.781384   0.184184   0.929898   0.052325   0.178265
0.491981   0.090273   0.350646   0.512084   0.968738   0.186134   0.183701   0.166417
0.444433   0.841884   0.800801   0.437728   0.983008   0.169102   0.063800   0.100352
