0.421666   0.577071   0.203367   0.707012   0.955902   0.150627   0.919838   0.113662
0.885379   0.715545   0.321162   0.451190   0.985864   0.054991   0.070048   0.935638
0.158346   0.906361   0.513042   0.907756   0.123520   0.937212   0.143047   0.987667
0.345906   0.781487   0.254720   0.782761   0.191218   0.086613   0.921840   0.188471
0.845088   0.823616   0.419914   0.105370   0.967776   0.032361   0.034578   0.962504
0.901239   0.633456   0.181203   0.417792   0.950322   0.087060   0.046979   0.991814
0.845371   0.200960   0.878745   0.904422   0.923139   0.001469   0.086876   0.992113
0.530842   0.395093   0.453130   0.265744   0.050405   0.018937   0.943083   0.178729
0.355791   0.102325   0.795305   0.868103   0.944167   0.081706   0.167368   0.928709
0.732275   0.014423   0.445268   0.763573   0.171305   0.941414   0.994439   0.144493
0.254512   0.322307   0.892844   0.211358   0.161536   0.997849   0.174090   0.944270
0.783318   0.659456   0.778302   0.929322   0.906598   0.169251   0.101674   0.969024
0.404919   0.325541   0.357395   0.274431   0.998726   0.179089   0.921615   0.111961
0.868548   0.468317   0.546880   0.518534   0.962801   0.052827   0.057827   0.963382
0.355261   0.239590   0.584968   0.536140   0.931787   0.042340   0.112941   0.982517
0.714349   0.427337   0.556235   0.773395   0.177860   0.940949   0.955487   0.161826
0.864790   0.648440   0.108574   0.684299   0.917856   0.063565   0.007522   0.944297
0.849458   0.128966   0.171526   0.490664   0.913714   0.047054   0.029345   0.950019
0.781074   0.321369   0.312423   0.182702   0.194680   0.909377   0.908764   0.173318
0.915494   0.106303   0.323760   0.258356   0.917354   0.010155   0.022827   0.904958
0.748370   0.869598   0.681224   0.069467   0.966669   0.111278   0.132776   0.962813
0.508642   0.093371   0.876513   0.689535   0.927142   0.137474   0.984390   0.141554
0.319052   0.779901   0.180151   0.249888   0.103769   0.090055   0.978861   0.193020
0.584854   0.229835   0.093485   0.773965   0.178118   0.096251   0.911149   0.164579
0.420297   0.749387   0.049524   0.459938   0.102091   0.003730   0.998475   0.153295
0.752809   0.345320   0.880746   0.312840   0.125192   0.914833   0.986581   0.143076
0.072070   0.164661   0.232131   0.711783   0.175078   0.989522   0.123505   0.989435
0.660479   0.716539   0.598374   0.952765   0.036129   0.924644   0.009104   0.999941
0.736968   0.441404   0.791247   0.809071   0.111644   0.917602   0.904456   0.123167
0.428523   0.948312   0.431686   0.202388   0.167085   0.077142   0.995353   0.122410
0.240464   0.899460   0.372209   0.747920   0.994128   0.180672   0.915920   0.177013
0.907325   0.618428   0.851839   0.855667   0.904726   0.053756   0.090671   0.987826
0.553189   0.886496   0.276123   0.717240   0.033933   0.959330   0.036124   0.920524
0.725402   0.348534   0.280249   0.153783   0.115205   0.910742   0.934275   0.170797
0.487551   0.673494   0.195523   0.422419   0.081978   0.047333   0.997929   0.110641
0.606030   0.905997   0.259309   0.616431   0.077128   0.947138   0.168678   0.991071
0.907805   0.849410   0.340508   0.100532   0.978434   0.072249   0.015681   0.987537
0.736253   0.848369   0.780611   0.566945   0.966167   0.193064   0.114227   0.992416
0.459977   0.163746   0.618453   0.503450   0.993103   0.160051   0.929994   0.192699
0.122499   0.059097   0.679920   0.928872   0.137006   0.986054   0.173792   0.904315
0.537458   0.321025   0.297035   0.163512   0.014360   0.081300   0.974549   0.129017
0.858542   0.442607   0.530151   0.832751   0.978743   0.088278   0.088284   0.975699
0.353318   0.430580   0.480388   0.519173   0.920215   0.129005   0.965120   0.119105
0.862737   0.759106   0.220028   0.068949   0.985051   0.003693   0.067515   0.956509
0.356840   0.306970   0.574608   0.414073   0.967575   0.160019   0.952829   0.111488
0.802429   0.430641   0.202114   0.732680   0.910119   0.046719   0.072834   0.995227
0.515280   0.735969   0.789740   0.085009   0.167419   0.988361   0.931432   0.165113
0.324498   0.460330   0.625538   0.501315   0.978349   0.132941   0.993355   0.117947
0.616647   0.680365   0.477344   0.901853   0.165237   0.986989   0.905982   0.115639
0.447742   0.766001   0.522111   0.091126   0.106686   0.071967   0.902954   0.117680
0.606432   0.811730   0.540320   0.335385   0.061660   0.965203   0.084087   0.950290
0.448502   0.674576   0.353244   0.238541   0.969867   0.159453   0.993774   0.159818
0.151708   0.913863   0.368571   0.105192   0.141287   0.981528   0.113335   0.938051
0.792121   0.526111   0.321491   0.697500   0.991904   0.153436   0.129302   0.958539
0.679976   0.907355   0.763992   0.233728   0.091637   0.981472   0.167633   0.902648
0.472245   0.591850   0.329761   0.148545   0.068966   0.020452   0.951472   0.165261
0.944128   0.777769   0.387775   0.108772   0.910149   0.077803   0.081306   0.913916
0.699523   0.243604   0.101730   0.244409   0.147018   0.035734   0.904755   0.153416
0.715812   0.830769   0.644146   0.209122   0.987595   0.103060   0.152386   0.968957
0.111807   0.270272   0.446369   0.890256   0.141329   0.941345   0.113852   0.903105
0.307300   0.894492   0.527342   0.646230   0.177145   0.021373   0.963214   0.145089
0.224166   0.605051   0.814769   0.208338   0.911781   0.162133   0.921379   0.149484
0.493346   0.859434   0.895498   0.679963   0.163691   0.931293   0.054974   0.196424
0.366214   0.760000   0.726425   0.941503   0.137353   0.075766   0.922238   0.124279
0.705794   0.578593   0.637545   0.441840   0.985213   0.105110   0.179615   0.970540
0.206275   0.195609   0.863144   0.316717   0.188990   0.953375   0.146721   0.979347
0.652566   0.732625   0.389883   0.737923   0.051683   0.915794   0.064976   0.923597
0.642915   0.418671   0.533075   0.895311   0.120753   0.963066   0.918077   0.152461
0.159654   0.601173   0.646090   0.445131   0.182214   0.951340   0.164434   0.935708
0.167661   0.777900   0.189825   0.202508   0.199468   0.942129   0.159349   0.923413
0.247393   0.323710   0.611675   0.346289   0.177391   0.914236   0.196544   0.934695
0.381568   0.376049   0.519880   0.421921   0.959393   0.141408   0.902968   0.186362
0.570470   0.895115   0.554964   0.242296   0.034528   0.907466   0.072951   0.902903
0.426842   0.184817   0.273186   0.118997   0.942487   0.058554   0.191034   0.920360
0.616221   0.909432   0.478369   0.358698   0.037648   0.931716   0.188204   0.983230
0.467981   0.637609   0.709899   0.522570   0.091958   0.032109   0.978697   0.172510
0.272054   0.222622   0.450639   0.593557   0.149559   0.980196   0.121921   0.992765
0.787383   0.383682   0.581358   0.358320   0.149081   0.990812   0.974176   0.170876
0.216686   0.347237   0.480104   0.706301   0.158808   0.967524   0.126447   0.943588
0.531253   0.536843   0.558124   0.605849   0.057270   0.054366   0.955550   0.175967
0.602230   0.774157   0.383236   0.930539   0.087930   0.982052   0.080907   0.913437
0.283167   0.700098   0.872573   0.716026   0.930282   0.146408   0.928999   0.146358
0.474904   0.365935   0.043926   0.777909   0.049194   0.083961   0.926982   0.131837
0.580333   0.868097   0.434909   0.081160   0.069407   0.950762   0.048448   0.910984
0.132355   0.250205   0.903750   0.217647   0.196603   0.957948   0.195594   0.990933
0.875799   0.510942   0.886125   0.426290   0.927544   0.020918   0.065150   0.981498
0.122273   0.546329   0.874371   0.710757   0.114566   0.931830   0.160769   0.958009
0.709100   0.642210   0.426626   0.733254   0.907879   0.177353   0.150919   0.968687
0.399162   0.778142   0.877336   0.981765   0.141947   0.000568   0.008583   0.176096
0.328289   0.186997   0.690737   0.394251   0.952562   0.058246   0.161816   0.968995
0.146234   0.143629   0.407978   0.311396   0.180975   0.963156   0.121070   0.941997
0.383390   0.383701   0.422589   0.173319   0.997152   0.121201   0.997325   0.178526
0.968071   0.653775   0.183285   0.094867   0.936418   0.099617   0.080185   0.932667
0.427288   0.246551   0.806023   0.245359   0.928886   0.140076   0.094894   0.131922
0.066804   0.089449   0.969924   0.464366   0.120436   0.987763   0.137391   0.963249
0.842595   0.769087   0.192011   0.622546   0.963705   0.003069   0.048783   0.972544
0.654023   0.491764   0.256385   0.063680   0.128215   0.972895   0.916902   0.123020
0.953031   0.936893   0.211282   0.847393   0.962453   0.090054   0.030650   0.993011
0.153243   0.800400   0.531896   0.871732   0.115676   0.973161   0.113352   0.994625
0.912593   0.285960   0.411197   0.443855   0.973712   0.045918   0.012210   0.959340
0.685739   0.482056   0.060636   0.485964   0.178181   0.975126   0.906210   0.168772
0.441682   0.403708   0.895220   0.357522   0.976378   0.133500   0.034577   0.123745
0.985638   0.382047   0.694172   0.722913   0.905883   0.077928   0.028830   0.915143
0.402128   0.679023   0.143665   0.041676   0.928487   0.168039   0.944513   0.198890
0.724188   0.151341   0.275112   0.127395   0.144362   0.940889   0.957781   0.127263
0.556599   0.348514   0.288756   0.619918   0.127881   0.970413   0.966813   0.158018
0.163862   0.807229   0.709470   0.373745   0.120144   0.902602   0.181057   0.985348
0.079849   0.740285   0.985091   0.427014   0.184230   0.969355   0.148699   0.980394
0.032664   0.153874   0.456774   0.381612   0.178186   0.900539   0.169198   0.937788
0.331432   0.436111   0.202781   0.193667   0.918154   0.101977   0.909206   0.188032
0.801699   0.882081   0.410828   0.412942   0.912756   0.067061   0.036784   0.995332
0.441705   0.886653   0.393562   0.088057   0.135307   0.087618   0.964879   0.181550
0.459635   0.145779   0.421723   0.564172   0.945364   0.181052   0.903346   0.149413
0.731005   0.341543   0.222431   0.868285   0.132677   0.925358   0.917548   0.198961
0.634165   0.943587   0.889010   0.606257   0.043394   0.919039   0.145055   0.950833
0.463523   0.611050   0.757425   0.768136   0.071295   0.047911   0.924119   0.102917
0.283338   0.583099   0.684764   0.705832   0.947509   0.156610   0.929627   0.141660
0.893703   0.338502   0.909192   0.410257   0.974556   0.031879   0.099555   0.941035
0.179621   0.533776   0.437482   0.114452   0.152758   0.984992   0.164219   0.964884
0.877491   0.429169   0.184503   0.615719   0.982751   0.030325   0.093344   0.937536
0.305152   0.815696   0.712089   0.855522   0.149670   0.008846   0.900267   0.154899
0.655588   0.427802   0.470571   0.563055   0.145583   0.993421   0.976618   0.139442
0.341962   0.253640   0.433576   0.487456   0.957707   0.079975   0.106694   0.968956
0.234542   0.694064   0.883566   0.713102   0.952347   0.197580   0.961845   0.123206
0.842449   0.298354   0.484725   0.729759   0.924465   0.071799   0.012585   0.955484
0.564092   0.197531   0.638709   0.677745   0.125153   0.075602   0.957476   0.182696
0.659258   0.697257   0.082687   0.072008   0.159825   0.932241   0.973325   0.151700
0.365646   0.087564   0.132389   0.200094   0.922308   0.002184   0.148708   0.978610
0.363406   0.273520   0.364699   0.598424   0.999477   0.020963   0.115624   0.976408
0.431432   0.787186   0.182169   0.539648   0.141131   0.074630   0.902128   0.161602
0.467326   0.526816   0.275521   0.694937   0.029823   0.028728   0.901292   0.165636
0.389635   0.831519   0.222481   0.661535   0.159813   0.062230   0.976632   0.183296
0.310664   0.132014   0.235464   0.613494   0.938516   0.061005   0.175450   0.966537
0.380239   0.811936   0.963693   0.794735   0.108165   0.025024   0.057270   0.165025
0.926158   0.609111   0.551728   0.476968   0.993561   0.060906   0.098260   0.957892
0.770333   0.921914   0.319486   0.280936   0.988514   0.113808   0.131602   0.903644
0.090526   0.125189   0.743202   0.872167   0.183366   0.944563   0.106686   0.957966
0.813184   0.885404   0.604511   0.885985   0.932171   0.038274   0.063242   0.958310
0.801730   0.555634   0.154128   0.475447   0.929492   0.070227   0.029873   0.926680
0.782102   0.107000   0.610462   0.948473   0.149402   0.916687   0.965015   0.178352
0.757521   0.152917   0.630046   0.042213   0.131572   0.967459   0.966163   0.153986
0.281836   0.528129   0.138552   0.309064   0.931128   0.137148   0.977496   0.131041
0.164267   0.920247   0.776333   0.391585   0.169513   0.900921   0.124471   0.991944
0.681983   0.127999   0.394292   0.604191   0.145694   0.095931   0.990570   0.191338
0.331944   0.374156   0.425339   0.140622   0.914675   0.131998   0.944014   0.132817
0.766483   0.321792   0.039526   0.940722   0.187317   0.963119   0.919869   0.134896
0.860200   0.644183   0.236777   0.444425   0.952186   0.082927   0.084293   0.904350
0.211312   0.533741   0.093908   0.674764   0.994308   0.142164   0.921239   0.118771
0.896748   0.736346   0.955204   0.387422   0.973303   0.051937   0.076740   0.916097
0.728970   0.703430   0.472825   0.587838   0.942666   0.114862   0.134370   0.967005
0.438813   0.132308   0.436434   0.579650   0.982312   0.026414   0.190064   0.935065
0.467876   0.768024   0.686971   0.570317   0.172455   0.935790   0.947822   0.113655
0.230106   0.392201   0.034427   0.435656   0.106815   0.946506   0.147313   0.905380
0.152268   0.243791   0.604396   0.780240   0.128782   0.940066   0.169157   0.988114
0.985859   0.591919   0.718122   0.823533   0.961788   0.050442   0.073956   0.913656
0.992729   0.174180   0.049172   0.358946   0.940544   0.031294   0.007119   0.946956
0.475334   0.574974   0.573443   0.133390   0.018280   0.059637   0.936502   0.126249
0.871987   0.054491   0.413144   0.848336   0.961081   0.040532   0.074830   0.916896
0.557384   0.797512   0.407533   0.928074   0.038711   0.951833   0.074953   0.993236
0.136226   0.921392   0.324445   0.194195   0.180418   0.999896   0.166808   0.916393
0.780233   0.584277   0.336306   0.078757   0.955230   0.181433   0.138250   0.959086
0.390590   0.521601   0.375201   0.918928   0.963516   0.146395   0.990255   0.117267
0.238322   0.602054   0.137841   0.135878   0.998271   0.112925   0.987108   0.199484
0.233495   0.659137   0.913862   0.304351   0.913555   0.110182   0.997598   0.195400
0.418226   0.251700   0.113442   0.214612   0.925971   0.052248   0.118168   0.940433
0.875713   0.751766   0.689898   0.621439   0.927126   0.091304   0.058455   0.989337
0.619952   0.673201   0.450946   0.572929   0.114521   0.920717   0.959878   0.103504
0.596248   0.131014   0.821881   0.839487   0.120335   0.029702   0.032818   0.108839
0.029304   0.293799   0.323239   0.512648   0.194190   0.950494   0.168339   0.990564
0.298599   0.253029   0.923798   0.193279   0.149821   0.992750   0.187793   0.969837
0.387694   0.642978   0.500014   0.864876   0.901648   0.155444   0.937534   0.172480
0.598321   0.174121   0.556451   0.535850   0.110329   0.074662   0.943132   0.114902
0.373436   0.084820   0.608951   0.019436   0.966851   0.007657   0.148104   0.906374
0.276770   0.592994   0.991263   0.105113   0.932100   0.111447   0.930362   0.149519
0.473377   0.860263   0.839194   0.251188   0.180045   0.906528   0.026234   0.130150
0.279402   0.701013   0.292457   0.784076   0.934910   0.151260   0.989260   0.105372
0.413155   0.478602   0.815750   0.244972   0.930912   0.139143   0.025935   0.193272
0.166534   0.851888   0.071340   0.033675   0.190412   0.933846   0.158691   0.952617
0.626141   0.354496   0.814936   0.328913   0.191755   0.928921   0.090669   0.191098
0.497333   0.368589   0.355843   0.545040   0.062671   0.005436   0.979352   0.150129
0.732113   0.598242   0.144821   0.354762   0.923546   0.145000   0.118227   0.921303
0.569118   0.194099   0.874961   0.723917   0.176032   0.096532   0.051604   0.169100
0.790463   0.938034   0.146292   0.689819   0.989318   0.128231   0.126808   0.934315
0.798711   0.220538   0.714195   0.373301   0.128087   0.910154   0.952598   0.157809
0.609298   0.901243   0.477627   0.566001   0.007485   0.916648   0.144220   0.902614
0.080842   0.087383   0.306132   0.638121   0.139812   0.905338   0.156588   0.989379
0.040838   0.478696   0.719423   0.865198   0.191468   0.956576   0.164689   0.967356
0.469387   0.498491   0.592885   0.307886   0.036935   0.002710   0.980298   0.136545
0.388276   0.163142   0.821394   0.065234   0.908470   0.128869   0.020240   0.160476
0.223981   0.359878   0.285021   0.828356   0.162125   0.997946   0.103080   0.956443
0.568425   0.934321   0.047337   0.752123   0.020954   0.999431   0.165837   0.979782
0.666850   0.233335   0.905249   0.486213   0.127382   0.066674   0.036870   0.163559
0.170538   0.910977   0.115262   0.147063   0.152571   0.949697   0.142787   0.971634
0.460698   0.135300   0.319643   0.300054   0.098071   0.124680   0.940269   0.170835
0.959550   0.471552   0.321076   0.787287   0.984006   0.044279   0.074035   0.972882
0.557296   0.689903   0.406448   0.344890   0.126438   0.976386   0.950364   0.113708
0.268331   0.273008   0.524390   0.426068   0.144204   0.913220   0.131280   0.935588
0.807794   0.897141   0.349765   0.032776   0.988914   0.010779   0.063689   0.956981
0.614646   0.288831   0.358897   0.939405   0.183142   0.018528   0.904194   0.162326
0.112650   0.311095   0.043552   0.348240   0.111122   0.977721   0.166134   0.952711
0.802246   0.228324   0.320129   0.903484   0.938319   0.032846   0.020576   0.917937
0.066658   0.144220   0.668570   0.057983   0.116004   0.908613   0.148248   0.909977
0.455969   0.111563   0.172883   0.311502   0.089963   0.190693   0.989700   0.196540
0.920054   0.118910   0.374832   0.140893   0.973458   0.094226   0.041155   0.952358
0.469100   0.226270   0.508818   0.386512   0.069623   0.164274   0.955716   0.179392
0.090799   0.876666   0.676169   0.566404   0.135716   0.923577   0.110696   0.928605
0.424949   0.768703   0.690886   0.286324   0.179147   0.095398   0.980640   0.162931
0.720430   0.403634   0.902159   0.215824   0.175529   0.956825   0.935394   0.192815
0.803064   0.127088   0.719238   0.813147   0.973524   0.009825   0.029060   0.939887
0.099932   0.284845   0.140791   0.852468   0.130253   0.955112   0.149402   0.955601
0.849782   0.293005   0.646945   0.494524   0.946146   0.015452   0.024666   0.996199
0.542342   0.291500   0.484770   0.107224   0.041779   0.133027   0.969449   0.194323
0.685188   0.610006   0.717939   0.360430   0.156588   0.961555   0.974734   0.102736
0.708809   0.600625   0.676184   0.476767   0.997405   0.128324   0.149387   0.941628
0.374815   0.888657   0.732999   0.282492   0.131327   0.093835   0.977646   0.194474
0.082735   0.116275   0.569350   0.774092   0.190125   0.914481   0.137366   0.910145
0.609523   0.748745   0.734868   0.948552   0.033116   0.972820   0.082119   0.966322
0.390357   0.519520   0.434374   0.402294   0.908596   0.194437   0.916860   0.120217
0.219147   0.876988   0.714054   0.846630   0.997132   0.105907   0.961394   0.130749
0.688452   0.363757   0.750554   0.618895   0.169028   0.906090   0.985620   0.185642
0.348968   0.186102   0.087788   0.379971   0.986450   0.093482   0.135845   0.991625
0.607470   0.242778   0.245423   0.123262   0.105327   0.049763   0.945527   0.108101
0.102326   0.322026   0.409786   0.937136   0.141618   0.987598   0.111816   0.990870
0.415707   0.471650   0.417398   0.610642   0.945603   0.162415   0.919660   0.145155
0.200005   0.484899   0.157636   0.361846   0.183996   0.993457   0.194901   0.996612
0.858563   0.282027   0.123627   0.582889   0.963906   0.075102   0.012748   0.985859
0.930313   0.349298   0.224327   0.297219   0.955760   0.033609   0.057620   0.937181
0.834131   0.535968   0.947925   0.605002   0.978435   0.074415   0.032155   0.927319
0.828259   0.847073   0.090619   0.809417   0.911868   0.025054   0.069187   0.961753
0.668405   0.476592   0.948166   0.952495   0.111480   0.960362   0.035810   0.186147
0.195606   0.930263   0.924370   0.781571   0.197191   0.914099   0.148722   0.909126
0.223995   0.184881   0.415832   0.323610   0.142328   0.941748   0.103516   0.985135
0.378556   0.420426   0.654787   0.349376   0.902942   0.129128   0.977900   0.185184
0.660193   0.124450   0.594861   0.416442   0.165911   0.002411   0.998386   0.199474
0.544654   0.714670   0.855133   0.631040   0.176259   0.905392   0.096817   0.132769
0.189353   0.068720   0.207340   0.158124   0.191203   0.979577   0.132604   0.957977
0.363148   0.721025   0.306699   0.703782   0.110290   0.074747   0.921375   0.198131
0.439696   0.820467   0.068997   0.619821   0.117878   0.023645   0.990549   0.164035
0.762004   0.175326   0.130492   0.557781   0.144871   0.905943   0.983616   0.151706
0.861013   0.746367   0.170836   0.595248   0.909958   0.049689   0.094090   0.938505
0.788617   0.691901   0.046733   0.455137   0.934447   0.145792   0.141372   0.964362
0.191317   0.102964   0.960559   0.826738   0.110349   0.979497   0.115209   0.980092
0.415869   0.398843   0.609929   0.790637   0.933382   0.120614   0.955298   0.173716
0.182952   0.181275   0.691145   0.580768   0.199239   0.956486   0.185966   0.921058
0.406538   0.122206   0.135015   0.544122   0.994401   0.094754   0.153632   0.972205
0.396710   0.495730   0.728058   0.290535   0.926991   0.143012   0.955886   0.157225
0.615378   0.803202   0.788367   0.047031   0.078318   0.933808   0.037047   0.967904
0.229288   0.813376   0.640449   0.700015   0.976012   0.113204   0.970066   0.152392
0.132454   0.452587   0.409190   0.177035   0.169236   0.999581   0.120723   0.930685
0.774285   0.839269   0.360245   0.300699   0.943432   0.133428   0.197652   0.983302
0.885959   0.706251   0.461794   0.670332   0.994293   0.073168   0.027256   0.905646
0.228200   0.574982   0.771500   0.304999   0.944758   0.113851   0.926312   0.198630
0.617530   0.262562   0.847330   0.316448   0.193286   0.038522   0.060603   0.149099
0.148493   0.271146   0.369799   0.714447   0.135143   0.912756   0.148156   0.954798
0.176739   0.104628   0.229462   0.147536   0.103489   0.949569   0.162410   0.921145
0.330469   0.452133   0.510712   0.123321   0.947085   0.183895   0.981384   0.188833
0.899971   0.321545   0.712776   0.593548   0.976668   0.082420   0.095364   0.969861
0.836441   0.167591   0.511296   0.825909   0.996246   0.045720   0.034813   0.983138
0.883029   0.414932   0.530408   0.392432   0.993135   0.046506   0.098122   0.987028
0.447372   0.530833   0.206792   0.925308   0.989618   0.114606   0.912884   0.101325
0.283288   0.800689   0.569033   0.277238   0.962792   0.150258   0.923695   0.145234
0.845665   0.086517   0.422541   0.281809   0.910074   0.046928   0.085598   0.906867
0.102573   0.859339   0.278025   0.779261   0.152885   0.944466   0.158129   0.910385
0.353002   0.892806   0.192950   0.411313   0.117747   0.062627   0.926982   0.120323
0.479301   0.744998   0.944252   0.122834   0.137622   0.926480   0.097334   0.104103
0.538572   0.184157   0.492145   0.240488   0.048681   0.109439   0.914795   0.176108
0.513995   0.500150   0.306750   0.373834   0.086286   0.067480   0.941741   0.144040
0.162475   0.760392   0.591750   0.531128   0.153635   0.981047   0.190341   0.913220
0.720681   0.875650   0.691475   0.655643   0.988320   0.105748   0.109848   0.927008
0.405663   0.930936   0.785221   0.827699   0.104080   0.011656   0.904077   0.109298
0.384463   0.967174   0.564827   0.069069   0.166567   0.048816   0.900009   0.128564
0.872103   0.261968   0.342547   0.758737   0.913435   0.036061   0.061171   0.955178
0.126332   0.484098   0.931727   0.170861   0.182469   0.940320   0.128764   0.963980
0.078268   0.588243   0.596144   0.561163   0.177787   0.958191   0.175701   0.936143
0.406583   0.305004   0.027687   0.808694   0.978949   0.165032   0.981792   0.174288
0.387240   0.098072   0.177429   0.168115   0.979749   0.081054   0.118261   0.984436
0.785848   0.778258   0.170681   0.868251   0.990433   0.164478   0.133779   0.961797
0.530879   0.147003   0.153734   0.904537   0.903561   0.104844   0.932081   0.139843
0.184084   0.317249   0.251265   0.564966   0.166596   0.976215   0.116078   0.925259
0.548502   0.368813   0.746885   0.738812   0.044560   0.031766   0.946127   0.102031
0.169581   0.147778   0.800079   0.316358   0.165358   0.951961   0.114225   0.932883
0.912893   0.224328   0.853917   0.381876   0.937940   0.004819   0.033756   0.946912
0.356832   0.590532   0.685492   0.626624   0.930097   0.192952   0.954251   0.105559
0.706654   0.654691   0.825004   0.641023   0.931357   0.137131   0.118162   0.920643
0.865757   0.874774   0.751044   0.595686   0.985805   0.072566   0.026901   0.945729
0.731078   0.296371   0.709519   0.550624   0.182834   0.955806   0.985427   0.143717
0.392291   0.576441   0.227356   0.881701   0.980339   0.166797   0.952196   0.189574
0.909069   0.279591   0.950122   0.925214   0.903195   0.068501   0.098980   0.991650
0.478558   0.569551   0.246296   0.321697   0.005725   0.039145   0.993515   0.131784
0.944946   0.499512   0.211838   0.843762   0.982568   0.060488   0.092930   0.913228
0.658105   0.680474   0.140879   0.731175   0.158923   0.906064   0.915363   0.106905
0.985652   0.498354   0.214644   0.245223   0.926812   0.058323   0.018953   0.965513
0.905875   0.773083   0.257745   0.096484   0.919731   0.052524   0.080237   0.986461
0.755655   0.502007   0.754483   0.569976   0.912499   0.102538   0.113931   0.940119
0.856300   0.143903   0.282749   0.566346   0.946894   0.021869   0.050685   0.984689
0.837557   0.412129   0.794488   0.665332   0.989117   0.008338   0.033013   0.928249
0.440804   0.828716   0.577642   0.684908   0.192905   0.091486   0.963948   0.190678
0.362379   0.326307   0.591883   0.647881   0.997746   0.116925   0.969686   0.146582
0.823327   0.927909   0.637824   0.525110   0.916350   0.077954   0.064685   0.958699
0.400389   0.317057   0.178383   0.208032   0.929746   0.166450   0.953415   0.180628
0.461186   0.902783   0.485376   0.278644   0.114603   0.977035   0.985506   0.122815
0.337680   0.143372   0.458361   0.336701   0.967261   0.050401   0.141020   0.900465
0.135146   0.811349   0.503946   0.634099   0.155605   0.989356   0.143596   0.914919
0.783287   0.637977   0.911831   0.337829   0.940668   0.160578   0.140295   0.966250
0.722169   0.418154   0.168803   0.186546   0.171268   0.988549   0.930889   0.181139
0.642935   0.132255   0.409355   0.545249   0.152861   0.083254   0.983378   0.198696
0.868479   0.877319   0.255913   0.284889   0.999653   0.058475   0.024970   0.962697
0.202203   0.161377   0.437378   0.551449   0.159257   0.916587   0.130026   0.994488
0.358233   0.406735   0.417460   0.298223   0.992119   0.151972   0.968788   0.167829
0.208426   0.589606   0.824403   0.806428   0.925737   0.102241   0.923010   0.164703
0.433899   0.323016   0.783025   0.504705   0.907805   0.183785   0.975067   0.168160
0.393595   0.205593   0.723461   0.598229   0.929374   0.059214   0.158807   0.950308
0.270574   0.627150   0.452952   0.888190   0.978075   0.179926   0.904481   0.136148
0.094389   0.338795   0.574916   0.773135   0.141640   0.994889   0.152394   0.976113
0.334962   0.275250   0.450013   0.136696   0.974710   0.040252   0.152333   0.920466
0.194784   0.355243   0.799271   0.650213   0.130284   0.992041   0.114553   0.971804
0.723383   0.460989   0.397066   0.722176   0.102084   0.998490   0.958894   0.191404
0.814479   0.897808   0.919678   0.727655   0.920538   0.014920   0.053806   0.968924
0.106498   0.544296   0.742334   0.348459   0.153337   0.942764   0.109655   0.982954
0.133015   0.800504   0.257200   0.201063   0.112563   0.904142   0.128764   0.918399
0.899285   0.223688   0.230584   0.282438   0.956655   0.004350   0.085296   0.940536
0.619671   0.414259   0.489644   0.306396   0.110184   0.964436   0.943846   0.172974
0.261904   0.428233   0.113196   0.502477   0.120054   0.952712   0.142756   0.901202
0.931418   0.922359   0.013408   0.558834   0.981148   0.017854   0.004697   0.992129
0.236335   0.880087   0.163056   0.449231   0.963770   0.161724   0.989727   0.110004
0.700137   0.696943   0.858679   0.724784   0.959135   0.161296   0.165376   0.917517
0.050180   0.741177   0.221543   0.647774   0.181731   0.905181   0.109023   0.913457
0.536598   0.366485   0.209683   0.867875   0.032183   0.089896   0.914258   0.196247
0.490407   0.334172   0.260887   0.574610   0.046312   0.052089   0.944335   0.103099
0.568971   0.293577   0.779868   0.292660   0.185471   0.064353   0.963168   0.115925
0.665698   0.159979   0.721915   0.281487   0.104730   0.005833   0.964429   0.128484
0.684872   0.728586   0.155790   0.154515   0.020703   0.959204   0.085811   0.901587
0.672839   0.909734   0.731458   0.122044   0.071568   0.954743   0.154818   0.903738
0.499782   0.169860   0.856564   0.877901   0.971849   0.174619   0.035150   0.164043
0.726996   0.105687   0.858597   0.573902   0.174726   0.990361   0.984360   0.196705
0.186056   0.142378   0.132164   0.752158   0.124415   0.999074   0.106806   0.999673
0.635306   0.439574   0.202462   0.807379   0.122556   0.948957   0.973253   0.158387
0.881175   0.102324   0.939255   0.474270   0.922329   0.056577   0.053036   0.952790
0.429201   0.867799   0.799101   0.112503   0.128386   0.041782   0.914051   0.137569
0.581145   0.898365   0.300328   0.313316   0.095083   0.974919   0.050101   0.923327
0.781559   0.646500   0.371821   0.646815   0.999849   0.157253   0.174507   0.958593
0.548323   0.160287   0.900738   0.445225   0.966955   0.100916   0.029509   0.186043
0.307384   0.558741   0.902616   0.589465   0.960655   0.130289   0.008666   0.148521
0.387041   0.217757   0.783439   0.822212   0.906443   0.016485   0.170900   0.980379
0.611899   0.146194   0.626097   0.168185   0.167061   0.036007   0.920053   0.174521
0.634947   0.896136   0.477827   0.175327   0.034771   0.905223   0.028623   0.926707
0.683231   0.920069   0.205725   0.373869   0.080130   0.956263   0.152177   0.972957
0.418827   0.224876   0.824434   0.668821   0.979846   0.198555   0.057413   0.154193
0.792628   0.428982   0.199668   0.634967   0.108064   0.910904   0.974363   0.143013
0.779027   0.664139   0.406141   0.649093   0.995773   0.181689   0.173862   0.914918
0.887438   0.140848   0.042372   0.549675   0.906148   0.075118   0.016887   0.902941
0.444479   0.736598   0.519701   0.155135   0.184298   0.082017   0.905273   0.122874
0.238940   0.296191   0.947507   0.116594   0.129725   0.961839   0.153150   0.946764
0.486246   0.894814   0.488123   0.723447   0.125044   0.070665   0.962338   0.187272
0.869942   0.245763   0.224241   0.209929   0.983239   0.043269   0.010708   0.975973
0.764830   0.742803   0.518516   0.449251   0.928155   0.189701   0.156771   0.978587
0.478851   0.734760   0.461696   0.291414   0.109573   0.937130   0.985282   0.180585
0.372113   0.680332   0.292785   0.926103   0.994544   0.145415   0.940725   0.162525
0.464712   0.684132   0.628567   0.556297   0.037781   0.012453   0.965945   0.156788
0.736293   0.574995   0.482908   0.122139   0.963327   0.110247   0.165744   0.942663
0.892439   0.236491   0.382533   0.752014   0.946892   0.015986   0.036082   0.960695
0.810454   0.305442   0.438477   0.870088   0.956568   0.094101   0.032153   0.996865
0.360807   0.175987   0.884773   0.602187   0.906905   0.186294   0.095185   0.192997
0.082658   0.568464   0.767892   0.090718   0.136680   0.958346   0.125899   0.994100
0.642793   0.330415   0.042214   0.424695   0.143899   0.956420   0.910945   0.199391
0.686607   0.730326   0.286640   0.432924   0.052889   0.969864   0.036211   0.919896
0.115803   0.131747   0.222841   0.666355   0.174540   0.928014   0.196642   0.908691
0.522395   0.202103   0.920851   0.828483   0.904941   0.104058   0.086162   0.103343
0.527681   0.603889   0.181848   0.805028   0.047819   0.080428   0.959890   0.176166
0.365955   0.786856   0.359236   0.855748   0.181008   0.087850   0.956791   0.148881
0.583151   0.307798   0.904317   0.524224   0.105813   0.950462   0.020657   0.145769
0.819436   0.129660   0.525915   0.317013   0.993099   0.032102   0.001161   0.972847
0.884372   0.111221   0.395280   0.338002   0.906996   0.074886   0.060322   0.900458
0.521190   0.953932   0.223837   0.426434   0.168716   0.931527   0.948810   0.140855
0.508445   0.412577   0.398293   0.154551   0.021889   0.008603   0.978985   0.128851
0.593544   0.600061   0.286100   0.841671   0.146118   0.980060   0.984271   0.127516
0.058444   0.323168   0.493152   0.806896   0.195361   0.932203   0.165734   0.987743
0.740027   0.955316   0.096461   0.378641   0.926509   0.139094   0.124558   0.914800
0.767506   0.157559   0.463718   0.339602   0.190120   0.985961   0.984760   0.103390
0.302368   0.490875   0.785148   0.473217   0.984566   0.104684   0.909347   0.184246
0.251543   0.522119   0.984598   0.759456   0.926967   0.162408   0.969710   0.159748
0.886265   0.516623   0.159579   0.114821   0.977749   0.070072   0.085455   0.997091
0.443073   0.323754   0.934928   0.423716   0.947174   0.184043   0.020905   0.193059
0.467074   0.706926   0.552555   0.901798   0.125424   0.010664   0.934395   0.163643
0.168751   0.571116   0.687060   0.909984   0.188303   0.973083   0.101071   0.924984
0.765755   0.889993   0.317189   0.653233   0.971166   0.135333   0.172162   0.933581
0.185026   0.847807   0.724929   0.661472   0.171526   0.907358   0.197062   0.948196
0.888679   0.802376   0.438128   0.202899   0.900239   0.001907   0.053533   0.905809
0.163447   0.887354   0.758564   0.870905   0.151717   0.987158   0.187421   0.990242
0.446831   0.535317   0.809453   0.602396   0.945470   0.153351   0.052027   0.102238
0.510398   0.108046   0.607011   0.323603   0.064097   0.136036   0.945149   0.140998
0.805399   0.533794   0.892835   0.481871   0.952354   0.054411   0.062908   0.941338
0.611296   0.148528   0.034920   0.177002   0.159303   0.083543   0.941321   0.111591
0.125602   0.830420   0.224280   0.436974   0.119055   0.934180   0.191634   0.987339
0.174036   0.915448   0.602904   0.817800   0.128610   0.947608   0.141484   0.974912
0.196695   0.614237   0.233643   0.250065   0.163490   0.995177   0.196923   0.988181
0.838913   0.206655   0.641454   0.198172   0.963263   0.071452   0.099925   0.902666
0.170433   0.954108   0.566238   0.780768   0.163983   0.991152   0.129969   0.993026
0.396075   0.140097   0.810112   0.560681   0.925821   0.188545   0.094787   0.184273
0.463355   0.584843   0.567264   0.505485   0.047744   0.025289   0.907718   0.163136
0.703160   0.585609   0.216575   0.642712   0.984070   0.144962   0.114502   0.901140
0.660067   0.461398   0.308957   0.775138   0.161553   0.935652   0.919442   0.179180
0.112581   0.076114   0.797623   0.081717   0.150678   0.933644   0.136547   0.907749
0.954842   0.232864   0.254924   0.744676   0.982033   0.061217   0.009439   0.904606
0.421740   0.808247   0.225205   0.738287   0.192541   0.057153   0.979505   0.103110
0.239485   0.453329   0.958431   0.392145   0.160770   0.970972   0.143926   0.913316
0.543646   0.047301   0.372342   0.905699   0.949333   0.183336   0.970301   0.169377
0.559128   0.268552   0.784524   0.316800   0.118129   0.044956   0.911837   0.103365
0.536404   0.038725   0.328018   0.106265   0.934725   0.156415   0.973796   0.170040
0.766331   0.560708   0.743868   0.616146   0.928307   0.133879   0.122338   0.978706
0.092441   0.552275   0.293478   0.445434   0.115359   0.917130   0.164123   0.917080
0.315849   0.789499   0.577158   0.884308   0.156391   0.064133   0.902876   0.190945
0.200343   0.168032   0.621306   0.436027   0.163847   0.915655   0.175077   0.936246
0.664085   0.824702   0.184338   0.154537   0.008072   0.924884   0.001556   0.901799
0.627110   0.881586   0.695951   0.174942   0.033911   0.972871   0.083649   0.945959
0.068124   0.280344   0.424852   0.563829   0.167489   0.970096   0.186136   0.921694
0.937130   0.864310   0.788269   0.631107   0.913804   0.083474   0.055603   0.967107
0.694438   0.149485   0.665473   0.871318   0.137710   0.065758   0.974188   0.157785
0.959879   0.252657   0.548003   0.176578   0.949741   0.063274   0.074034   0.925523
0.549156   0.882472   0.708301   0.418207   0.110745   0.922208   0.933848   0.117952
0.277953   0.056663   0.495816   0.725516   0.131028   0.963164   0.124264   0.968710
0.226373   0.835309   0.366918   0.263909   0.900811   0.190400   0.937236   0.151691
0.296055   0.375178   0.730543   0.087693   0.146974   0.941595   0.133458   0.949828
0.514400   0.635177   0.491553   0.221657   0.082151   0.024780   0.914108   0.172146
0.680195   0.034430   0.576578   0.702309   0.164942   0.065330   0.943065   0.163888
0.759769   0.537699   0.531563   0.953953   0.916779   0.188218   0.133892   0.944243
0.872289   0.324542   0.971733   0.114112   0.989301   0.038237   0.021835   0.981663
0.747873   0.718013   0.775453   0.049116   0.932021   0.146834   0.119495   0.963997
0.527795   0.856719   0.504198   0.568850   0.158227   0.927299   0.930447   0.196137
0.271895   0.737585   0.420595   0.502073   0.911869   0.139688   0.932481   0.186826
0.412342   0.182261   0.457804   0.720993   0.976805   0.081740   0.175073   0.925792
0.765724   0.245393   0.798031   0.393025   0.149255   0.943761   0.968214   0.109375
0.642496   0.210238   0.802105   0.650911   0.147486   0.090606   0.067549   0.176884
0.784586   0.169117   0.381959   0.667398   0.184463   0.966598   0.947311   0.134431
0.653652   0.930951   0.285197   0.430169   0.004369   0.984807   0.180324   0.982474
0.690016   0.944079   0.525952   0.438842   0.024416   0.985407   0.161560   0.974463
0.050108   0.470629   0.838011   0.354082   0.177051   0.949038   0.182976   0.979135
0.227129   0.555941   0.481790   0.409301   0.914298   0.175169   0.996593   0.179143
0.360203   0.661375   0.828984   0.877814   0.977141   0.191555   0.050113   0.119545
0.735635   0.698632   0.148927   0.364671   0.929894   0.114224   0.129523   0.954291
0.637756   0.509776   0.433397   0.497125   0.121234   0.969484   0.983242   0.182335
0.229219   0.260811   0.366462   0.903070   0.113930   0.994436   0.189918   0.936735
0.060493   0.573019   0.443054   0.709762   0.186286   0.972092   0.136108   0.966441
0.524455   0.730659   0.662706   0.688769   0.185903   0.002096   0.908958   0.115922
0.107058   0.789878   0.866905   0.431335   0.172121   0.903691   0.152464   0.962500
0.232261   0.266274   0.548172   0.461684   0.103124   0.987977   0.185367   0.923176
0.085434   0.951099   0.465662   0.922898   0.106953   0.957594   0.166474   0.985395
0.751008   0.366935   0.695726   0.197409   0.169501   0.979069   0.966377   0.173384
0.696832   0.255253   0.073399   0.342064   0.195315   0.051349   0.992512   0.120809
0.587195   0.284651   0.556215   0.592566   0.128946   0.079908   0.966775   0.169142
0.114814   0.165337   0.958694   0.803667   0.180289   0.937604   0.169725   0.940411
0.701594   0.811830   0.256607   0.042629   0.903428   0.152347   0.177785   0.933643
0.108844   0.021055   0.732960   0.414151   0.191701   0.901214   0.170182   0.903028
0.513489   0.125525   0.124827   0.477847   0.904743   0.104997   0.936073   0.145132
0.192327   0.061844   0.925552   0.918890   0.169298   0.904532   0.101416   0.984825
0.312853   0.858044   0.405233   0.858222   0.112539   0.066980   0.937168   0.145251
0.387499   0.366824   0.531890   0.551848   0.998133   0.147581   0.943637   0.160960
0.929866   0.082082   0.077237   0.499275   0.908832   0.029703   0.083126   0.937484
0.668600   0.377427   0.688346   0.207035   0.169883   0.944113   0.976304   0.179247
0.066172   0.225140   0.641121   0.365478   0.163178   0.950900   0.185925   0.981230
0.856311   0.823485   0.239669   0.460559   0.936466   0.004453   0.059710   0.906114
0.351226   0.140559   0.503846   0.490869   0.917535   0.029728   0.193663   0.961092
0.917553   0.530416   0.603440   0.334162   0.948397   0.095683   0.051113   0.907369
0.482024   0.756060   0.434129   0.473008   0.144610   0.919667   0.987466   0.162584
0.891057   0.608631   0.284601   0.151470   0.983439   0.021285   0.017650   0.929578
0.205209   0.639774   0.701857   0.646836   0.917060   0.113172   0.927428   0.159313
0.864203   0.342464   0.287036   0.345772   0.947036   0.093938   0.004184   0.961239
0.665111   0.141407   0.262975   0.690198   0.192149   0.071453   0.917524   0.169530
0.419310   0.778517   0.398639   0.072566   0.102750   0.057326   0.990747   0.138984
0.559520   0.903467   0.256572   0.611884   0.009882   0.987076   0.151012   0.950177
0.463564   0.821000   0.901511   0.490414   0.129834   0.968425   0.097365   0.120153
0.479354   0.179406   0.732886   0.612897   0.900725   0.134774   0.928074   0.113688
0.853061   0.794285   0.815203   0.482352   0.987583   0.082265   0.041940   0.960916
0.165511   0.695162   0.182057   0.136240   0.163659   0.986006   0.183332   0.965362
0.800524   0.189352   0.561455   0.888700   0.955596   0.047091   0.036294   0.920496
0.957494   0.854177   0.711436   0.870904   0.929523   0.086899   0.008564   0.945289
0.916870   0.752880   0.468760   0.871279   0.964896   0.005023   0.095151   0.944394
0.749980   0.330936   0.322613   0.540825   0.133339   0.903197   0.995322   0.174404
0.528067   0.134722   0.130708   0.433022   0.921898   0.174809   0.976318   0.113967
0.290426   0.570388   0.346528   0.876571   0.973174   0.198896   0.949192   0.110628
0.379694   0.058622   0.578863   0.022282   0.908044   0.007962   0.104666   0.938886
0.293613   0.819870   0.141252   0.866201   0.901765   0.194336   0.908285   0.129443
0.725335   0.629651   0.894528   0.086335   0.911781   0.121629   0.154149   0.906603
0.400773   0.764725   0.086027   0.625092   0.182892   0.000523   0.953502   0.149293
0.180157   0.467506   0.122615   0.185979   0.121438   0.966837   0.135120   0.944333
0.342424   0.761093   0.591891   0.460637   0.183187   0.059957   0.983536   0.177753
0.472073   0.125882   0.876045   0.487451   0.979706   0.183696   0.083905   0.156622
0.626765   0.189570   0.800956   0.158300   0.188267   0.017666   0.002114   0.103318
0.206400   0.297333   0.264951   0.553952   0.193412   0.922803   0.134279   0.952160
0.643718   0.438668   0.684966   0.131262   0.156962   0.983776   0.990554   0.123930
0.134240   0.754663   0.092273   0.534638   0.185389   0.999468   0.132762   0.992930
0.881920   0.502472   0.099761   0.701804   0.952606   0.010055   0.046380   0.990501
0.815000   0.384852   0.708063   0.369377   0.918121   0.042751   0.013082   0.920015
0.647318   0.561322   0.061505   0.786080   0.171170   0.969153   0.970090   0.155252
0.319003   0.695347   0.574377   0.116214   0.956949   0.189136   0.955831   0.108477
0.381734   0.314352   0.702561   0.718911   0.943505   0.187753   0.933326   0.170447
0.354434   0.161709   0.520014   0.096280   0.955800   0.007227   0.151905   0.999901
0.100628   0.240819   0.639424   0.466320   0.153879   0.953071   0.175316   0.997713
0.536932   0.778737   0.463660   0.527595   0.175442   0.984284   0.920826   0.102398
0.345396   0.905892   0.138791   0.905144   0.153146   0.050461   0.967991   0.109283
0.901560   0.313902   0.426651   0.257351   0.918347   0.062974   0.055226   0.965099
0.932840   0.337154   0.472298   0.250963   0.987375   0.087707   0.054014   0.998233
0.720114   0.237254   0.110813   0.662626   0.144175   0.909922   0.968387   0.172086
0.876737   0.115961   0.775722   0.812959   0.963933   0.052762   0.048815   0.936181
0.717482   0.367692   0.530620   0.605346   0.144237   0.904921   0.914888   0.154340
0.471929   0.218108   0.586307   0.656631   0.980260   0.195599   0.973769   0.133036
0.765681   0.698636   0.892552   0.367298   0.974878   0.128690   0.187525   0.990596
0.782433   0.166852   0.960332   0.697940   0.172147   0.992454   0.965936   0.111101
0.470502   0.813829   0.792145   0.859813   0.139946   0.052429   0.990885   0.115868
0.312649   0.940336   0.647547   0.787058   0.171940   0.074190   0.953747   0.100681
0.607430   0.348595   0.777502   0.365015   0.191676   0.979968   0.938880   0.147350
0.191369   0.972779   0.661504   0.437791   0.136721   0.901155   0.182033   0.912671
0.172749   0.286504   0.198290   0.628646   0.116533   0.964895   0.171038   0.999393
0.267157   0.716286   0.573249   0.279920   0.912156   0.188626   0.931264   0.163638
0.217016   0.727478   0.354826   0.628721   0.983587   0.178524   0.934940   0.103039
0.441546   0.142433   0.294009   0.459543   0.985239   0.010259   0.137259   0.956804
0.730072   0.629533   0.053119   0.807996   0.933204   0.157892   0.196493   0.901682
0.110767   0.858806   0.434969   0.218710   0.151103   0.981256   0.183745   0.988878
0.893003   0.972261   0.055457   0.307351   0.970146   0.077034   0.025823   0.921252
0.795561   0.722309   0.235733   0.860776   0.947262   0.117404   0.168935   0.952138
0.809565   0.843678   0.161472   0.797037   0.917321   0.000582   0.019911   0.906720
0.680789   0.434484   0.651785   0.206822   0.199402   0.948620   0.936324   0.114480
0.447937   0.363558   0.364668   0.324930   0.969653   0.157893   0.941968   0.103617
0.170738   0.215530   0.924926   0.168211   0.103169   0.923290   0.131522   0.937252
0.483497   0.549767   0.488397   0.146063   0.071425   0.082846   0.989016   0.156892
0.810484   0.483408   0.254624   0.759095   0.956834   0.052615   0.059987   0.930792
0.062753   0.819595   0.713162   0.518475   0.195510   0.989386   0.165368   0.905642
0.166885   0.203499   0.837506   0.887266   0.132063   0.982609   0.128835   0.911756
0.068750   0.180960   0.504167   0.246009   0.146027   0.937114   0.112877   0.904075
0.230481   0.847328   0.873395   0.369358   0.942192   0.116343   0.996984   0.167488
0.390594   0.651429   0.471317   0.835475   0.922216   0.127817   0.963687   0.150568
0.489708   0.396128   0.780723   0.321689   0.047175   0.017257   0.970167   0.170034
0.641531   0.113476   0.511285   0.537846   0.115819   0.043900   0.969743   0.114246
0.367138   0.782215   0.360261   0.774289   0.130807   0.088563   0.960494   0.108677
0.259033   0.455556   0.088833   0.860174   0.144928   0.977291   0.101449   0.991936
0.565212   0.784035   0.108867   0.594757   0.026850   0.956873   0.031209   0.911142
0.310402   0.326677   0.246591   0.707794   0.924103   0.161269   0.975697   0.139660
0.733540   0.863093   0.279246   0.354429   0.915972   0.181097   0.107586   0.952425
0.588381   0.071261   0.926638   0.514536   0.180618   0.025682   0.090844   0.152520
0.444587   0.445846   0.531890   0.530285   0.950197   0.138462   0.941270   0.179415
0.240793   0.102689   0.421974   0.270734   0.199799   0.954913   0.190653   0.992839
0.825656   0.380813   0.509963   0.274692   0.971250   0.096073   0.069843   0.966068
0.235085   0.620203   0.210507   0.655721   0.945659   0.185228   0.951858   0.160496
0.297592   0.322036   0.568568   0.869687   0.154838   0.951502   0.148563   0.964286
0.468374   0.301794   0.066522   0.871066   0.059554   0.084818   0.969878   0.145003
0.242207   0.906813   0.791077   0.099184   0.914922   0.188948   0.998764   0.116662
0.442596   0.423586   0.517730   0.604588   0.950267   0.103060   0.985679   0.175355
0.792543   0.690018   0.090845   0.876422   0.909420   0.112800   0.152309   0.902470
0.503686   0.525492   0.590042   0.166092   0.096305   0.075229   0.927227   0.101274
0.543435   0.104782   0.792892   0.272772   0.030996   0.108017   0.901511   0.196351
0.170221   0.471969   0.379945   0.449199   0.117371   0.968386   0.143694   0.972562
0.608652   0.669016   0.785019   0.201904   0.172105   0.950266   0.932893   0.151322
0.844596   0.299973   0.318825   0.463320   0.932151   0.000999   0.021862   0.907221
0.645021   0.565304   0.135214   0.689492   0.140895   0.960695   0.949498   0.179500
0.036771   0.456191   0.502944   0.894108   0.114181   0.950082   0.157473   0.905943
0.406584   0.749394   0.520838   0.692994   0.109338   0.015022   0.900232   0.108729
0.110399   0.245538   0.852162   0.917270   0.115036   0.968951   0.134527   0.910774
0.588635   0.865600   0.380309   0.647685   0.070322   0.972574   0.021316   0.986660
0.788515   0.903902   0.901359   0.527284   0.966846   0.131943   0.186969   0.921476
0.245837   0.108047   0.887525   0.214045   0.144533   0.981939   0.155618   0.903207
0.765546   0.327750   0.799349   0.423576   0.132312   0.988776   0.904040   0.196843
0.781257   0.733066   0.118101   0.412203   0.983021   0.171773   0.136988   0.900334
0.576756   0.092326   0.660776   0.880217   0.153906   0.065914   0.969306   0.102349
0.908825   0.444457   0.546176   0.285937   0.984993   0.025841   0.032064   0.961965
0.370799   0.764480   0.866489   0.814791   0.155673   0.063111   0.072805   0.169792
0.441820   0.160658   0.364089   0.300709   0.964753   0.093041   0.198505   0.998974
0.357970   0.819114   0.786612   0.628519   0.110388   0.047170   0.906737   0.161994
0.313899   0.717551   0.365864   0.440787   0.172042   0.011735   0.960311   0.149089
0.880534   0.373273   0.743614   0.279489   0.919874   0.054146   0.064697   0.980248
0.664529   0.053731   0.860544   0.459164   0.194081   0.009802   0.023346   0.167680
0.507626   0.712359   0.647799   0.383369   0.189474   0.913031   0.974834   0.171894
0.217010   0.122703   0.348259   0.550337   0.173214   0.961669   0.175267   0.962173
0.633214   0.389949   0.964979   0.940288   0.138845   0.960121   0.021545   0.112461
0.561168   0.314687   0.132642   0.299508   0.132654   0.920976   0.985891   0.109434
0.853834   0.901785   0.689464   0.640007   0.913564   0.061137   0.050097   0.913528
0.070443   0.353308   0.746399   0.295759   0.149788   0.972914   0.179704   0.995601
0.766285   0.809853   0.399912   0.510984   0.996611   0.190791   0.139116   0.923519
0.839769   0.414936   0.448045   0.119967   0.995228   0.076147   0.094067   0.968288
0.403533   0.675356   0.177845   0.445429   0.922640   0.182786   0.935425   0.119312
0.817619   0.721569   0.437044   0.482126   0.917634   0.047211   0.044380   0.947597
0.958223   0.685596   0.584361   0.864266   0.955595   0.099220   0.011328   0.947033
0.056791   0.202768   0.230661   0.917873   0.124077   0.987151   0.141963   0.968133
0.120295   0.148019   0.975145   0.773316   0.150839   0.900917   0.136479   0.958633
0.738914   0.785612   0.383605   0.814314   0.921195   0.159022   0.110601   0.993518
0.534199   0.831027   0.603282   0.590903   0.145385   0.923448   0.973546   0.156162
0.407248   0.372110   0.397628   0.224568   0.917219   0.160000   0.967138   0.168484
0.903534   0.835012   0.093301   0.392691   0.981791   0.028375   0.080622   0.919156
0.246201   0.105941   0.389055   0.570356   0.121189   0.965827   0.148036   0.925677
0.550786   0.470765   0.293201   0.495733   0.175588   0.946110   0.972105   0.167307
0.602136   0.307060   0.812732   0.313279   0.107905   0.976437   0.085446   0.143577
0.378611   0.647990   0.480259   0.711979   0.930022   0.164055   0.915879   0.121299
0.671527   0.766651   0.176596   0.366688   0.041439   0.963829   0.002782   0.929572
0.333900   0.064200   0.569736   0.133006   0.912282   0.073764   0.161483   0.993521
0.794183   0.015472   0.598602   0.145271   0.152107   0.950786   0.985975   0.194498
0.122094   0.279874   0.145583   0.811769   0.156719   0.986115   0.132859   0.900765
0.213048   0.321266   0.703911   0.838579   0.102015   0.958179   0.163867   0.921461
0.633444   0.386923   0.737617   0.888507   0.159310   0.926340   0.949623   0.174384
0.927484   0.316809   0.187831   0.792153   0.979312   0.099290   0.033617   0.916354
0.301022   0.709932   0.840602   0.600255   0.160878   0.056359   0.062900   0.176419
0.117984   0.539111   0.594277   0.410986   0.153953   0.948764   0.140811   0.924941
0.203094   0.632930   0.553064   0.725928   0.962752   0.143147   0.967091   0.186237
0.436073   0.385436   0.159719   0.964709   0.952424   0.100707   0.902214   0.106065
0.242756   0.410287   0.782244   0.877734   0.181721   0.952307   0.146142   0.972698
0.886130   0.415637   0.692140   0.209212   0.971598   0.027757   0.092646   0.952044
0.461709   0.375047   0.126631   0.324579   0.038494   0.004560   0.907604   0.125190
0.865563   0.907028   0.736011   0.955773   0.998560   0.017890   0.056269   0.920057
0.935717   0.929826   0.601561   0.324305   0.967079   0.013973   0.029134   0.999421
0.328270   0.406388   0.883004   0.248387   0.954607   0.147916   0.048068   0.104125
0.045877   0.167966   0.911305   0.466406   0.116788   0.944109   0.100050   0.920891
0.636614   0.360062   0.273679   0.680658   0.159632   0.943009   0.920345   0.145055
0.283645   0.212072   0.078965   0.790153   0.157963   0.936595   0.180170   0.901013
0.573011   0.303894   0.239412   0.182469   0.182253   0.922138   0.963040   0.109807
0.443899   0.745894   0.652550   0.886460   0.106367   0.095996   0.955634   0.147628
0.468681   0.122230   0.383511   0.900609   0.920556   0.145344   0.903029   0.149112
0.702065   0.491624   0.285677   0.847843   0.169680   0.901581   0.971770   0.140965
0.240236   0.521724   0.586276   0.636526   0.901819   0.173204   0.931363   0.130613
0.897666   0.690393   0.590799   0.154748   0.914751   0.043885   0.099076   0.903626
0.684877   0.559746   0.465559   0.124745   0.176841   0.979709   0.917896   0.180935
0.572044   0.899144   0.595959   0.493505   0.069466   0.985746   0.007521   0.925250
0.176708   0.249341   0.771128   0.853435   0.188528   0.937491   0.131642   0.993252
0.773975   0.777806   0.435461   0.445926   0.982141   0.125871   0.169197   0.991471
0.584923   0.339742   0.811229   0.816773   0.126319   0.965209   0.073686   0.163858
0.517510   0.781194   0.234243   0.815039   0.108648   0.066365   0.910244   0.160028
0.105043   0.843602   0.310264   0.940262   0.128897   0.977866   0.130996   0.902607
0.830855   0.143465   0.178288   0.841472   0.904866   0.069035   0.051498   0.921512
0.129866   0.683635   0.612526   0.678192   0.140145   0.974863   0.121770   0.991027
0.346063   0.182905   0.491895   0.203692   0.981026   0.090274   0.102280   0.981183
0.299848   0.072736   0.060508   0.584652   0.185397   0.992960   0.124681   0.900324
0.650832   0.119900   0.726596   0.650841   0.123244   0.048414   0.931483   0.111376
0.188075   0.523194   0.504465   0.068324   0.183667   0.966373   0.187329   0.911794
0.940246   0.793194   0.188002   0.958704   0.928879   0.077177   0.016813   0.945030
0.633097   0.603587   0.969685   0.960704   0.107094   0.988205   0.031681   0.196760
0.524126   0.119917   0.836853   0.673714   0.925980   0.151829   0.062438   0.118884
0.944014   0.247698   0.101531   0.678084   0.918517   0.006708   0.023430   0.972933
0.933689   0.089754   0.737891   0.280899   0.925994   0.079183   0.041943   0.922083
0.515593   0.391270   0.781479   0.916223   0.011538   0.058081   0.964980   0.167325
0.333641   0.887259   0.467309   0.423075   0.128879   0.096540   0.941875   0.143848
0.119297   0.748408   0.842213   0.378639   0.108571   0.908848   0.157662   0.930980
0.475869   0.326045   0.671937   0.750726   0.022785   0.002248   0.903270   0.160352
0.948262   0.118259   0.713495   0.746931   0.990259   0.020301   0.022748   0.941926
0.891694   0.620615   0.247734   0.223140   0.939068   0.072189   0.060923   0.910901
0.543448   0.404558   0.380772   0.284218   0.031760   0.079473   0.915435   0.142044
0.728883   0.267985   0.518530   0.977677   0.124984   0.987389   0.946369   0.104524
0.787079   0.543960   0.713242   0.350715   0.968796   0.189549   0.197979   0.962724
0.568474   0.386966   0.807095   0.624626   0.112187   0.920789   0.002583   0.178960
0.247202   0.093599   0.947679   0.893604   0.183944   0.945078   0.151554   0.941665
0.511470   0.797314   0.239924   0.356900   0.118892   0.941472   0.901324   0.121161
0.764301   0.021592   0.387337   0.306908   0.171712   0.911068   0.973877   0.120644
0.492455   0.816661   0.217920   0.279946   0.137107   0.971368   0.932467   0.108894
0.860152   0.485872   0.909202   0.162908   0.995909   0.000576   0.092027   0.985580
0.387102   0.089945   0.863623   0.776148   0.940386   0.007432   0.130718   0.906424
0.446248   0.934658   0.703617   0.742674   0.118391   0.020259   0.903968   0.168029
0.801693   0.839577   0.126535   0.079301   0.971137   0.074602   0.049295   0.957500
0.694577   0.307490   0.842926   0.220172   0.114519   0.958844   0.047812   0.138040
0.898236   0.035554   0.786631   0.681884   0.933995   0.091636   0.086656   0.975727
0.506156   0.108849   0.847446   0.368984   0.937618   0.187023   0.047382   0.183531
0.429591   0.367737   0.205641   0.686250   0.926860   0.147977   0.941917   0.137835
0.192762   0.488511   0.476682   0.284964   0.198690   0.995124   0.143708   0.948996
0.516373   0.228339   0.180325   0.644130   0.931242   0.164268   0.923825   0.111298
0.114067   0.728344   0.484582   0.476191   0.148383   0.959485   0.162355   0.988232
0.747949   0.189511   0.762448   0.615979   0.198914   0.997444   0.945249   0.167564
0.613513   0.522321   0.600614   0.498015   0.139523   0.902240   0.901846   0.166584
0.810613   0.276582   0.740913   0.078974   0.960541   0.085202   0.079039   0.995105
0.151483   0.096866   0.151185   0.727390   0.133771   0.920541   0.164742   0.925298
0.579577   0.622574   0.441058   0.751103   0.150533   0.976186   0.913939   0.121250
0.783430   0.336080   0.725558   0.478922   0.150931   0.956171   0.925044   0.135948
0.912086   0.808647   0.483842   0.785730   0.909870   0.016644   0.057764   0.974341
0.608989   0.633312   0.103162   0.913291   0.156148   0.909863   0.965533   0.178031
0.457978   0.334939   0.582364   0.794010   0.029081   0.075079   0.981057   0.133358
0.477774   0.679893   0.322744   0.292563   0.026992   0.037528   0.943234   0.150516
0.585493   0.240370   0.587071   0.122268   0.190388   0.009478   0.920764   0.127301
0.270934   0.446225   0.893251   0.442550   0.158105   0.989946   0.153927   0.915599
0.659284   0.833469   0.115820   0.912579   0.011906   0.961996   0.058013   0.989535
0.207269   0.708395   0.212184   0.729406   0.956355   0.112072   0.964506   0.137918
0.113171   0.526280   0.922927   0.859814   0.174102   0.911662   0.192823   0.943914
0.073860   0.458607   0.428767   0.536964   0.196272   0.943270   0.194445   0.945043
0.324228   0.257990   0.273703   0.156659   0.939540   0.011290   0.184738   0.931309
0.780866   0.778761   0.347357   0.440197   0.943055   0.111777   0.140378   0.982070
0.795190   0.916843   0.424789   0.655715   0.995912   0.177911   0.148186   0.953743
0.555972   0.147689   0.698660   0.509608   0.100059   0.037334   0.939150   0.163611
0.305696   0.810569   0.259210   0.498780   0.102303   0.075299   0.998279   0.140322
0.187575   0.566558   0.198061   0.758378   0.147548   0.931226   0.174743   0.905388
0.442073   0.780065   0.364286   0.789526   0.171333   0.002600   0.945568   0.113692
0.595939   0.926853   0.855142   0.337472   0.051816   0.965145   0.119952   0.913777
0.415913   0.882750   0.108440   0.538539   0.190455   0.021483   0.942896   0.111314
0.878167   0.219027   0.458464   0.476702   0.935376   0.068933   0.016376   0.939741
0.206556   0.815285   0.385413   0.325995   0.916402   0.105379   0.957571   0.118276
0.879350   0.112931   0.805201   0.867397   0.918929   0.029319   0.023149   0.936244
0.194595   0.808303   0.229170   0.436711   0.191891   0.952482   0.192167   0.986109
0.537529   0.307272   0.520609   0.503051   0.047250   0.059091   0.902091   0.156393
0.808626   0.382123   0.277764   0.927905   0.920138   0.060970   0.037248   0.973521
0.660960   0.054476   0.424606   0.913745   0.142293   0.050235   0.943470   0.130048
0.267431   0.183042   0.268571   0.372987   0.100109   0.917609   0.166838   0.940944
0.554778   0.801969   0.316508   0.564752   0.055989   0.985549   0.071471   0.948469
0.563757   0.104055   0.219542   0.138032   0.155313   0.047359   0.938744   0.198021
0.612962   0.282843   0.320560   0.040189   0.183557   0.044639   0.924207   0.139248
0.665675   0.698278   0.659344   0.779357   0.152333   0.978237   0.917922   0.197515
0.293819   0.598679   0.486003   0.132435   0.949565   0.145821   0.987451   0.142984
0.681838   0.268363   0.370397   0.267655   0.168755   0.063256   0.946921   0.165794
0.708652   0.162661   0.539811   0.844441   0.143213   0.928300   0.999156   0.174701
0.612212   0.102677   0.533783   0.696683   0.191839   0.063766   0.914290   0.152903
0.249232   0.843024   0.063722   0.167696   0.909460   0.137929   0.972367   0.139558
0.201242   0.096664   0.821067   0.578881   0.148777   0.985849   0.109881   0.935543
0.758994   0.290492   0.229575   0.198104   0.105125   0.942400   0.970882   0.120098
0.527673   0.170312   0.216605   0.802255   0.998339   0.125795   0.994793   0.116813
0.918696   0.535201   0.585351   0.471711   0.902449   0.000229   0.041394   0.908116
0.328535   0.391222   0.563691   0.854993   0.925511   0.146882   0.924878   0.144440
0.041820   0.617836   0.168460   0.563022   0.191225   0.978177   0.116504   0.928224
0.751287   0.548815   0.880637   0.231153   0.905880   0.118233   0.100456   0.927619
0.209414   0.525075   0.532726   0.787022   0.941639   0.181825   0.968444   0.195352
0.395334   0.703735   0.684766   0.421256   0.114754   0.062930   0.948067   0.147529
0.575917   0.634589   0.730301   0.916926   0.157695   0.950219   0.955349   0.199655
0.631867   0.729108   0.590416   0.787873   0.070160   0.938065   0.088416   0.957119
0.455017   0.358098   0.451509   0.533258   0.022370   0.049867   0.968765   0.189260
0.366544   0.399943   0.288689   0.283377   0.956793   0.151384   0.972918   0.132453
0.182086   0.270583   0.277894   0.597386   0.183494   0.905566   0.142765   0.905448
0.892423   0.269189   0.523769   0.765671   0.906831   0.023177   0.056420   0.908983
0.341095   0.441674   0.256314   0.464974   0.965129   0.170442   0.905178   0.172409
0.486547   0.858188   0.282211   0.085216   0.174481   0.932433   0.954236   0.164128
0.520481   0.801214   0.333665   0.716103   0.118210   0.072021   0.990801   0.195440
0.121297   0.150576   0.615331   0.261354   0.189158   0.964662   0.170030   0.909444
0.981411   0.053138   0.182190   0.863574   0.985541   0.001018   0.005983   0.945114
0.075626   0.896938   0.381862   0.764208   0.195203   0.951306   0.182902   0.914936
0.374174   0.915504   0.360719   0.535850   0.118585   0.004718   0.993217   0.159747
0.173591   0.910442   0.028745   0.045615   0.175996   0.964216   0.145766   0.947048
0.228350   0.206910   0.738944   0.867897   0.159480   0.944685   0.194864   0.985786
0.244771   0.541468   0.142944   0.763444   0.975652   0.149867   0.933881   0.112089
0.754825   0.460771   0.206167   0.209258   0.114388   0.957273   0.966525   0.109733
0.508450   0.611013   0.425082   0.752023   0.061231   0.041208   0.918353   0.174307
0.530577   0.912651   0.167290   0.443815   0.148836   0.975051   0.995905   0.115990
0.149798   0.109029   0.918172   0.372410   0.123135   0.901891   0.192980   0.923143
0.815128   0.739447   0.561585   0.966238   0.915888   0.080911   0.047069   0.951167
0.751587   0.573156   0.464598   0.940235   0.969754   0.194645   0.143725   0.966829
0.101682   0.744812   0.574113   0.898591   0.105922   0.906744   0.167270   0.949025
0.240276   0.827874   0.726063   0.504049   0.907338   0.172215   0.908007   0.158661
0.816464   0.377337   0.935652   0.709446   0.988451   0.001901   0.035278   0.975165
0.892999   0.298446   0.071828   0.335661   0.958763   0.009777   0.003643   0.993962
0.661572   0.727951   0.511120   0.631389   0.029500   0.917627   0.020314   0.946800
0.617295   0.673639   0.372050   0.860296   0.185500   0.957792   0.964963   0.166862
0.278469   0.543959   0.357512   0.345281   0.954333   0.145399   0.920372   0.186679
0.434246   0.484058   0.273392   0.258756   0.925444   0.199720   0.907474   0.100468
0.354356   0.623657   0.386306   0.616020   0.954799   0.178840   0.911545   0.143433
0.890498   0.410294   0.535089   0.419565   0.973624   0.089644   0.076973   0.913841
0.742718   0.104469   0.684961   0.716318   0.126913   0.965105   0.972096   0.136252
0.949858   0.087150   0.391826   0.913540   0.933164   0.058357   0.003498   0.989465
0.605695   0.460299   0.516512   0.453158   0.156984   0.963679   0.908364   0.128662
0.896196   0.724838   0.366785   0.383938   0.991627   0.098555   0.005073   0.904444
0.159684   0.359692   0.373462   0.434323   0.167539   0.936326   0.187594   0.904177
0.474750   0.141382   0.831158   0.753873   0.994761   0.111022   0.003306   0.140262
0.054033   0.756345   0.655826   0.882092   0.127790   0.932641   0.143890   0.991098
0.406336   0.284228   0.184015   0.544178   0.992761   0.021256   0.112498   0.995533
0.377687   0.209958   0.133710   0.878133   0.929600   0.086580   0.160960   0.977788
0.382253   0.368212   0.744188   0.564718   0.906122   0.134652   0.975904   0.196545
0.611062   0.513686   0.613773   0.187771   0.116897   0.975918   0.931390   0.197537
0.069295   0.902931   0.157226   0.169392   0.101514   0.984260   0.193138   0.936524
0.657661   0.619197   0.129900   0.471860   0.143322   0.920559   0.958522   0.194125
0.903376   0.460211   0.590027   0.530655   0.976992   0.078465   0.085858   0.991328
0.542828   0.151590   0.487085   0.326772   0.066407   0.166965   0.992477   0.169057
0.891763   0.513049   0.264882   0.680448   0.946954   0.028986   0.061260   0.924953
0.237713   0.453309   0.510305   0.201708   0.120430   0.917012   0.161454   0.926847
0.497480   0.449283   0.461280   0.192238   0.013028   0.071433   0.964966   0.125063
0.914976   0.019317   0.143885   0.689850   0.955194   0.013095   0.015636   0.913859
0.299071   0.312001   0.600296   0.200363   0.179904   0.922101   0.160331   0.990208
0.534305   0.460903   0.168411   0.924871   0.013670   0.017253   0.987588   0.131805
0.271291   0.765084   0.405593   0.796493   0.944483   0.168335   0.976580   0.181318
0.574320   0.622484   0.229805   0.377984   0.133302   0.924902   0.917378   0.151623
0.103160   0.626795   0.298729   0.328466   0.125653   0.980038   0.160003   0.922015
0.894613   0.895613   0.442383   0.476974   0.947867   0.091135   0.046290   0.965951
0.342075   0.538330   0.737177   0.480218   0.993556   0.102776   0.927524   0.117727
0.756482   0.799913   0.238203   0.259978   0.902381   0.108137   0.137803   0.956719
0.098129   0.073341   0.312471   0.290314   0.176860   0.954326   0.144413   0.910355
0.110308   0.728531   0.131196   0.712634   0.164301   0.922627   0.178686   0.979557
0.072453   0.670207   0.204091   0.139153   0.199829   0.954390   0.160354   0.946178
0.210964   0.246956   0.794907   0.600394   0.136334   0.993578   0.143132   0.964360
0.661363   0.258452   0.561257   0.534633   0.103181   0.014059   0.990727   0.102426
0.714777   0.537973   0.801960   0.902900   0.953448   0.150821   0.191414   0.964885
0.518697   0.199591   0.747040   0.812270   0.948593   0.117779   0.958655   0.175459
0.117557   0.195126   0.408233   0.404455   0.102166   0.997372   0.169354   0.968994
0.575433   0.045841   0.446096   0.852422   0.187505   0.023164   0.948346   0.107192
0.640383   0.435708   0.842552   0.268732   0.152362   0.969955   0.014913   0.108930
0.364743   0.768326   0.090646   0.456983   0.159162   0.083396   0.923820   0.148344
0.335687   0.924877   0.538325   0.184553   0.157801   0.045219   0.949810   0.137916
0.474080   0.044968   0.065144   0.491417   0.935350   0.161568   0.990339   0.178629
0.582744   0.275306   0.440428   0.174981   0.120015   0.090086   0.940775   0.114833
0.292084   0.070148   0.380492   0.644105   0.191414   0.924613   0.115866   0.938653
0.806073   0.519016   0.349694   0.184073   0.980307   0.081881   0.084899   0.936549
0.832019   0.454491   0.459047   0.556459   0.904288   0.001792   0.061663   0.940222
0.743921   0.260876   0.869537   0.609738   0.129369   0.930292   0.940441   0.119803
0.293504   0.410557   0.746504   0.075654   0.166997   0.923620   0.128194   0.960700
0.811150   0.199805   0.094163   0.112594   0.923516   0.072733   0.048056   0.953019
0.075154   0.305603   0.420303   0.056321   0.183367   0.927176   0.163434   0.913625
0.619192   0.603641   0.859881   0.147558   0.141119   0.949425   0.048941   0.184449
0.470156   0.411114   0.201766   0.888709   0.060740   0.045043   0.965392   0.114843
0.254973   0.132545   0.079995   0.074629   0.103713   0.916237   0.130986   0.958123
0.451666   0.870195   0.444438   0.277854   0.189766   0.992779   0.967065   0.115026
0.285974   0.210125   0.704105   0.749899   0.183389   0.914170   0.187892   0.980612
0.292918   0.535723   0.468337   0.378858   0.939582   0.101282   0.901596   0.138228
0.331396   0.110898   0.931768   0.169186   0.933819   0.180308   0.081747   0.121887
0.125257   0.627394   0.082047   0.127463   0.104273   0.999587   0.178443   0.979032
0.911154   0.777434   0.452037   0.073483   0.963204   0.024759   0.089169   0.979073
0.217305   0.540361   0.060937   0.254038   0.932473   0.111920   0.990962   0.116783
0.117819   0.079136   0.861901   0.606935   0.194513   0.909352   0.126788   0.976125
0.696678   0.556335   0.572439   0.276314   0.199010   0.902775   0.900371   0.106276
0.901070   0.033008   0.409060   0.560209   0.916511   0.096212   0.032384   0.997644
0.421884   0.899623   0.669439   0.560632   0.178023   0.082552   0.920486   0.181600
0.775741   0.566583   0.078755   0.186352   0.911992   0.169458   0.106314   0.979328
0.717359   0.986831   0.360689   0.782125   0.999901   0.116564   0.137348   0.984737
0.563837   0.904215   0.496705   0.555631   0.047797   0.910146   0.173142   0.913244
0.400554   0.612395   0.709059   0.545173   0.912384   0.182058   0.910074   0.193467
0.620985   0.796189   0.682143   0.834038   0.099355   0.945517   0.050141   0.969029
0.714333   0.928737   0.682200   0.864817   0.990219   0.142241   0.140350   0.932821
0.853807   0.849548   0.289350   0.835232   0.926484   0.061259   0.008617   0.980070
0.077764   0.521687   0.289126   0.380355   0.133397   0.902645   0.141646   0.938892
0.278739   0.425702   0.639512   0.784451   0.151808   0.987197   0.127222   0.919466
0.685534   0.247244   0.731403   0.065670   0.144799   0.087655   0.971046   0.125246
0.331435   0.593217   0.861923   0.208250   0.971381   0.196562   0.057946   0.155995
0.658615   0.924850   0.583039   0.630842   0.068417   0.990972   0.137883   0.960418
0.393436   0.218625   0.461749   0.928986   0.900454   0.010009   0.126773   0.910593
0.057654   0.617841   0.273921   0.104489   0.184349   0.908505   0.108395   0.912817
0.395912   0.510794   0.651472   0.750377   0.922359   0.134880   0.993156   0.108365
0.128216   0.740713   0.353104   0.180431   0.199466   0.914075   0.134442   0.982446
0.101722   0.244015   0.776262   0.652853   0.103731   0.926324   0.103639   0.969256
0.310755   0.721644   0.125829   0.604564   0.172030   0.012321   0.975045   0.185769
0.268779   0.793142   0.131737   0.733753   0.987732   0.122187   0.933680   0.106101
0.274205   0.147884   0.310619   0.953164   0.170082   0.934615   0.182731   0.925246
0.492419   0.815080   0.971044   0.288122   0.169658   0.992981   0.048795   0.177866
0.408468   0.483608   0.729268   0.474692   0.932161   0.198029   0.968193   0.102350
0.610693   0.476637   0.144407   0.382423   0.180617   0.915286   0.974757   0.188002
0.210988   0.865332   0.189576   0.285889   0.930814   0.117072   0.904170   0.122681
0.891837   0.222618   0.145035   0.153907   0.901396   0.014103   0.069790   0.938075
0.496193   0.161797   0.831635   0.109647   0.983152   0.152149   0.063246   0.114297
0.224329   0.731894   0.516187   0.904896   0.955835   0.126890   0.913930   0.159193
0.902509   0.699042   0.652904   0.766718   0.947159   0.041038   0.096011   0.983139
0.751252   0.838711   0.747655   0.823168   0.984930   0.146950   0.167591   0.959975
0.578772   0.636106   0.259213   0.686808   0.124386   0.969898   0.946693   0.128040
0.761303   0.723801   0.612245   0.366197   0.972635   0.127437   0.194599   0.909521
0.265835   0.802336   0.854118   0.312962   0.972309   0.133527   0.958256   0.122081
0.490919   0.618733   0.122220   0.587528   0.012255   0.094767   0.930576   0.151983
0.702252   0.190588   0.880968   0.093354   0.164393   0.980984   0.953952   0.122653
0.663269   0.515033   0.604810   0.713594   0.177173   0.946577   0.927230   0.177734
0.834192   0.388390   0.273309   0.331139   0.937853   0.032384   0.008868   0.922511
0.382855   0.888598   0.420171   0.638359   0.161609   0.094591   0.926539   0.163619
0.322231   0.106661   0.892680   0.624820   0.982471   0.120560   0.069157   0.108791
0.333959   0.601286   0.144066   0.642496   0.976281   0.120787   0.973973   0.146055
0.514143   0.866565   0.159096   0.337596   0.126857   0.985950   0.953398   0.179087
0.174667   0.624611   0.155061   0.744576   0.189081   0.910400   0.168668   0.930021
0.637618   0.485388   0.497056   0.181173   0.122927   0.977830   0.955477   0.134825
0.320679   0.082672   0.646122   0.264221   0.972591   0.068749   0.110557   0.918182
0.582194   0.355280   0.243608   0.877880   0.197858   0.999627   0.918772   0.114586
0.880874   0.543384   0.318042   0.486381   0.941578   0.014077   0.087295   0.979080
0.742577   0.129245   0.159582   0.192864   0.195013   0.942234   0.986680   0.125378
0.483213   0.660403   0.910234   0.644733   0.095216   0.051255   0.952363   0.120968
0.074565   0.155681   0.865288   0.613105   0.105358   0.908578   0.120077   0.956574
0.443117   0.418282   0.303387   0.331074   0.957041   0.189557   0.924375   0.156273
0.152722   0.105752   0.420272   0.458675   0.147949   0.963622   0.146445   0.935656
0.945872   0.683464   0.851940   0.264818   0.934037   0.037487   0.000229   0.913597
0.754166   0.153682   0.581927   0.218840   0.141127   0.965466   0.928628   0.153108
0.402281   0.271852   0.563401   0.283613   0.964871   0.025550   0.114540   0.916109
0.274809   0.172569   0.559196   0.250301   0.121256   0.991524   0.190548   0.965266
0.224626   0.186281   0.074096   0.159273   0.119958   0.934048   0.136394   0.978090
0.160942   0.127478   0.615904   0.899146   0.185925   0.926044   0.175597   0.928519
0.334177   0.740862   0.289975   0.465552   0.152265   0.014565   0.931420   0.131754
0.309953   0.233565   0.326386   0.512039   0.927399   0.000374   0.193840   0.906071
0.359219   0.147639   0.897681   0.083038   0.998886   0.118149   0.092484   0.180793
0.345599   0.075133   0.536102   0.411863   0.972185   0.007482   0.155644   0.973808
0.086349   0.181002   0.531799   0.573666   0.124994   0.982067   0.172664   0.960449
0.245557   0.764464   0.493526   0.365065   0.953434   0.113751   0.991944   0.160003
0.701554   0.920990   0.770310   0.412905   0.981238   0.116696   0.142733   0.951675
0.154917   0.508566   0.426850   0.084889   0.181146   0.964941   0.158869   0.963586
0.454769   0.423566   0.903819   0.282442   0.089112   0.010991   0.910985   0.113322
0.119222   0.290008   0.924007   0.354957   0.106647   0.919651   0.112757   0.901515
0.612586   0.700215   0.816927   0.600108   0.063893   0.919584   0.009315   0.143076
0.573864   0.486353   0.225070   0.959871   0.164018   0.907069   0.964883   0.117456
0.437336   0.306169   0.384681   0.808760   0.971998   0.196650   0.976798   0.103118
0.211214   0.252439   0.409526   0.804244   0.104433   0.950458   0.183304   0.947184
0.612341   0.603536   0.506578   0.796587   0.130739   0.978087   0.913417   0.132815
0.785466   0.855206   0.309606   0.422131   0.930728   0.154209   0.126607   0.979111
0.681432   0.126137   0.347843   0.894693   0.115698   0.070343   0.991820   0.106259
0.805761   0.360794   0.830723   0.699218   0.959379   0.035516   0.027220   0.946252
0.207981   0.158229   0.856719   0.566537   0.159615   0.902207   0.186417   0.920593
0.161736   0.302778   0.172537   0.277066   0.100338   0.958579   0.184220   0.922812
0.036498   0.584189   0.467219   0.398172   0.147884   0.972115   0.162082   0.927275
0.203982   0.303045   0.360510   0.412611   0.177405   0.967031   0.143329   0.958455
0.862734   0.789045   0.924141   0.754147   0.924902   0.011709   0.017218   0.963734
0.499785   0.247582   0.756911   0.055357   0.000248   0.109283   0.949074   0.103273
0.770575   0.119633   0.122738   0.368371   0.179378   0.961372   0.905237   0.143930
0.117787   0.759054   0.436072   0.309206   0.186311   0.901441   0.128738   0.963165
0.738117   0.544922   0.292830   0.772672   0.947136   0.181404   0.143608   0.975207
0.686745   0.075988   0.116934   0.929317   0.159825   0.094708   0.947150   0.102414
0.753334   0.104530   0.214681   0.103896   0.190459   0.968460   0.989846   0.163035
0.871180   0.636226   0.299359   0.708839   0.979151   0.033205   0.000949   0.971786
0.293167   0.297385   0.293860   0.094655   0.154158   0.982103   0.106968   0.980121
0.915299   0.708900   0.484884   0.649041   0.968104   0.002224   0.076358   0.957331
0.741635   0.105829   0.918974   0.716886   0.158198   0.904786   0.930999   0.188345
0.200045   0.422659   0.901459   0.209746   0.132447   0.960330   0.120167   0.963341
0.420314   0.435856   0.398896   0.476555   0.934799   0.145210   0.958893   0.171019
0.232791   0.746195   0.328155   0.275641   0.973485   0.161808   0.975055   0.198619
0.665790   0.448292   0.880330   0.713918   0.110729   0.982507   0.049627   0.191119
0.108974   0.205854   0.454856   0.106773   0.160401   0.918555   0.114631   0.945569
0.258618   0.676972   0.316111   0.755684   0.903642   0.164780   0.957692   0.154786
0.485257   0.398632   0.104445   0.515044   0.000405   0.038912   0.955788   0.103570
0.044056   0.132642   0.608003   0.471510   0.162376   0.908685   0.130924   0.954330
0.964645   0.606966   0.460936   0.718687   0.984937   0.045734   0.068098   0.919902
0.255033   0.097713   0.545946   0.507499   0.165713   0.968958   0.141403   0.940110
0.434904   0.056200   0.536643   0.748800   0.929544   0.070918   0.101824   0.934592
0.188925   0.389215   0.663539   0.448429   0.196791   0.914519   0.186840   0.956135
0.076740   0.868799   0.474908   0.465905   0.130459   0.979274   0.104154   0.993187
0.455350   0.225179   0.727281   0.965118   0.902190   0.104533   0.954428   0.154001
0.257077   0.715004   0.413043   0.354204   0.968466   0.121222   0.961487   0.106523
0.551864   0.947245   0.804873   0.601062   0.047013   0.960562   0.143240   0.949528
0.896521   0.182653   0.810103   0.750350   0.963140   0.041549   0.042815   0.995308
0.675241   0.330845   0.629784   0.268199   0.159054   0.913816   0.925678   0.120647
0.304173   0.492514   0.267408   0.168648   0.987651   0.103558   0.942238   0.103964
0.607879   0.239915   0.433762   0.199016   0.153276   0.051756   0.995918   0.173855
0.551133   0.606189   0.545040   0.836890   0.173164   0.971137   0.955138   0.185916
0.552758   0.788516   0.396253   0.587906   0.045248   0.901596   0.024588   0.903041
0.191790   0.503322   0.165791   0.259813   0.124953   0.973351   0.108096   0.926919
0.066474   0.582867   0.107872   0.281565   0.170319   0.957002   0.189395   0.997102
0.787778   0.138661   0.643141   0.614480   0.134238   0.997863   0.912412   0.160015
0.318674   0.615843   0.383594   0.253079   0.949111   0.138516   0.949753   0.194587
0.406907   0.404138   0.545990   0.080361   0.968706   0.132271   0.924688   0.100911
0.398885   0.725716   0.233851   0.035074   0.122171   0.059227   0.999454   0.111295
0.102487   0.507383   0.226120   0.611560   0.105693   0.912574   0.172375   0.919775
0.415979   0.593514   0.607496   0.240192   0.949553   0.169093   0.988771   0.170292
0.759739   0.801843   0.165977   0.525118   0.913457   0.157653   0.190162   0.943124
0.406423   0.439578   0.840103   0.893907   0.988113   0.132780   0.072572   0.114866
0.380508   0.490677   0.791384   0.741073   0.950876   0.107232   0.982873   0.154193
0.377311   0.929875   0.920075   0.722986   0.126782   0.092733   0.095488   0.166957
0.462940   0.441827   0.476373   0.694778   0.055374   0.024112   0.938885   0.132459
0.227924   0.135699   0.939543   0.292807   0.174333   0.920137   0.104888   0.954901
0.202246   0.731120   0.266326   0.349482   0.970794   0.151405   0.920687   0.187314
0.508341   0.822427   0.364650   0.610558   0.186385   0.082158   0.964440   0.113906
0.486796   0.242531   0.729356   0.099500   0.064029   0.107721   0.962552   0.175088
0.055418   0.069733   0.498396   0.606705   0.163798   0.943089   0.199962   0.986428
0.634446   0.418578   0.476124   0.054641   0.169321   0.976256   0.994569   0.126484
0.329166   0.860828   0.370632   0.775873   0.194613   0.012050   0.937283   0.136748
0.631817   0.777057   0.650722   0.438782   0.029035   0.959433   0.089863   0.951899
0.050723   0.211324   0.947403   0.131408   0.188494   0.911424   0.199694   0.965934
0.127250   0.296249   0.926045   0.411669   0.170705   0.928541   0.112600   0.921340
0.139281   0.613777   0.334117   0.871868   0.136589   0.954737   0.109904   0.991116
0.101235   0.351737   0.863449   0.534967   0.119000   0.911272   0.128132   0.971624
0.087907   0.593748   0.189976   0.906772   0.176853   0.924576   0.163382   0.948455
0.353690   0.817424   0.835313   0.054271   0.128044   0.055597   0.065891   0.139087
0.801525   0.901990   0.153935   0.555380   0.965499   0.002189   0.012200   0.992257
0.289931   0.461593   0.142800   0.318342   0.168306   0.904102   0.178011   0.984221
0.618819   0.330451   0.398064   0.666362   0.131535   0.922186   0.956485   0.160076
0.701552   0.842771   0.869369   0.415210   0.979617   0.162894   0.148215   0.967523
0.291303   0.339791   0.162674   0.155841   0.181577   0.909923   0.110679   0.911397
0.648686   0.608005   0.448132   0.908077   0.128512   0.934604   0.974597   0.137624
0.646918   0.847712   0.656909   0.772745   0.094195   0.976438   0.006691   0.979414
0.237443   0.880777   0.301354   0.695712   0.978880   0.106565   0.934684   0.119461
0.858086   0.856952   0.670671   0.212907   0.936926   0.070201   0.007556   0.946226
0.739882   0.514433   0.547266   0.075275   0.945716   0.130459   0.143076   0.925277
0.836830   0.757492   0.291631   0.820132   0.953085   0.072511   0.010064   0.934183
0.695303   0.257313   0.751299   0.305365   0.115730   0.019432   0.965254   0.106831
0.292342   0.206967   0.967138   0.076791   0.198303   0.983536   0.167202   0.926630
0.546832   0.114407   0.788955   0.780194   0.936920   0.118350   0.969585   0.119490
0.122725   0.655559   0.418192   0.915066   0.134715   0.988448   0.123732   0.923409
0.813610   0.192281   0.034032   0.400177   0.962714   0.006449   0.047579   0.901287
0.151563   0.324721   0.593883   0.852968   0.153443   0.934750   0.162370   0.995534
0.418659   0.511214   0.804844   0.618990   0.967655   0.126210   0.005969   0.114240
0.513130   0.863359   0.784619   0.291106   0.156154   0.920558   0.989186   0.165589
0.670205   0.169936   0.365442   0.684280   0.126133   0.009020   0.982740   0.145546
0.617178   0.959580   0.053221   0.788409   0.019678   0.965042   0.133272   0.963955
0.963290   0.442459   0.182291   0.775165   0.939342   0.072965   0.042678   0.967256
0.550214   0.120073   0.485742   0.834338   0.103592   0.083008   0.902195   0.190382
0.680432   0.843784   0.815882   0.491875   0.054590   0.947081   0.051692   0.130977
0.045841   0.212602   0.046204   0.235764   0.160260   0.985507   0.110051   0.976962
0.757322   0.745345   0.743230   0.515498   0.987391   0.194202   0.182488   0.954261
0.516937   0.613295   0.532127   0.584428   0.090229   0.005516   0.970680   0.142489
0.443785   0.181607   0.347832   0.355623   0.957955   0.026869   0.190456   0.962540
0.049540   0.708072   0.329125   0.171824   0.102475   0.992484   0.164999   0.946008
0.226114   0.554051   0.517830   0.236806   0.930932   0.139398   0.912183   0.155512
0.303166   0.485570   0.498738   0.524526   0.986054   0.101084   0.912880   0.119686
0.334500   0.277300   0.060606   0.680661   0.982404   0.079188   0.196446   0.972101
0.517770   0.383568   0.698491   0.701987   0.091120   0.076137   0.925682   0.125293
0.219526   0.856353   0.501896   0.656817   0.921392   0.135878   0.970553   0.128316
0.646881   0.590384   0.591376   0.058568   0.116644   0.917951   0.918335   0.190488
0.875170   0.137027   0.205418   0.744613   0.963139   0.069697   0.057153   0.988393
0.362602   0.593542   0.587728   0.185263   0.964908   0.135887   0.905067   0.194019
0.573830   0.614673   0.256208   0.720162   0.179266   0.917922   0.961906   0.110426
0.560534   0.743536   0.767621   0.593356   0.075631   0.909543   0.065289   0.906088
0.473746   0.670760   0.756767   0.234921   0.050943   0.029820   0.908032   0.150076
0.676658   0.493149   0.132019   0.438799   0.131822   0.981105   0.976729   0.179730
0.449276   0.621561   0.960824   0.366182   0.975634   0.150665   0.005885   0.185129
0.217361   0.758414   0.750304   0.752925   0.961143   0.129811   0.965853   0.136251
0.164869   0.303907   0.253330   0.543794   0.175654   0.977789   0.142428   0.970756
0.605872   0.361573   0.741924   0.532637   0.116529   0.936875   0.935898   0.147096
0.611137   0.499128   0.045662   0.514739   0.180227   0.915199   0.990338   0.153827
0.111612   0.505484   0.669190   0.612683   0.131283   0.907687   0.169530   0.929571
0.551709   0.712662   0.069170   0.952586   0.086890   0.925476   0.041405   0.961156
0.716398   0.148407   0.418871   0.228234   0.167281   0.973337   0.979728   0.128409
0.346789   0.433672   0.397601   0.336149   0.970204   0.149519   0.908564   0.198270
0.765806   0.167247   0.343597   0.239181   0.146445   0.960274   0.934909   0.163183
0.376322   0.585684   0.807097   0.720565   0.937598   0.154474   0.001736   0.131828
0.750299   0.135287   0.431448   0.331945   0.125351   0.975273   0.912254   0.166888
0.012557   0.936576   0.769754   0.347883   0.135606   0.955877   0.134396   0.978965
0.548793   0.584510   0.210575   0.727986   0.031131   0.076185   0.992430   0.101550
0.454361   0.195283   0.675356   0.038137   0.065884   0.158330   0.915035   0.174390
0.136666   0.204347   0.336330   0.326241   0.112484   0.950805   0.133781   0.939978
