0.097889   0.077136   0.080042   0.026859   0.000000   1.000000   0.000000   1.000000
0.081639   0.019726   0.016410   0.241767   0.000000   1.000000   0.000000   1.000000
0.096854   0.063524   0.051512   0.442592   0.000000   1.000000   0.000000   1.000000
0.051240   0.070511   0.069471   0.611218   0.000000   1.000000   0.000000   1.000000
0.014247   0.069475   0.043690   0.823396   0.000000   1.000000   0.000000   1.000000
0.028261   0.050371   0.236656   0.069348   0.000000   1.000000   0.000000   1.000000
0.000856   0.047691   0.247650   0.247002   0.000000   1.000000   0.000000   1.000000
0.075683   0.055338   0.260866   0.417092   0.000000   1.000000   0.000000   1.000000
0.031498   0.044455   0.251156   0.624237   0.000000   1.000000   0.000000   1.000000
0.052267   0.055879   0.236466   0.829888   0.000000   1.000000   0.000000   1.000000
0.087131   0.017869   0.422136   0.046250   0.000000   1.000000   0.000000   1.000000
0.059779   0.020126   0.448476   0.269391   0.000000   1.000000   0.000000   1.000000
0.012565   0.055056   0.466612   0.429889   0.000000   1.000000   0.000000   1.000000
0.063033   0.071948   0.492003   0.659048   0.000000   1.000000   0.000000   1.000000
0.099104   0.043071   0.498974   0.807046   0.000000   1.000000   0.000000   1.000000
0.014081   0.078838   0.631643   0.019200   0.000000   1.000000   0.000000   1.000000
0.095398   0.005287   0.650659   0.291376   0.000000   1.000000   0.000000   1.000000
0.014117   0.090405   0.679913   0.495765   0.000000   1.000000   0.000000   1.000000
0.000800   0.075622   0.623829   0.665379   0.000000   1.000000   0.000000   1.000000
0.095435   0.037222   0.661701   0.878574   0.000000   1.000000   0.000000   1.000000
0.034265   0.026186   0.883932   0.009286   0.000000   1.000000   0.000000   1.000000
0.024405   0.084810   0.819662   0.298623   0.000000   1.000000   0.000000   1.000000
0.089249   0.088334   0.892692   0.459384   0.000000   1.000000   0.000000   1.000000
0.092032   0.021421   0.833730   0.610657   0.000000   1.000000   0.000000   1.000000
0.008690   0.039318   0.892521   0.891049   0.000000   1.000000   0.000000   1.000000
0.089120   0.240580   0.011226   0.066546   0.000000   1.000000   0.000000   1.000000
0.097466   0.226658   0.039343   0.219102   0.000000   1.000000   0.000000   1.000000
0.037497   0.284061   0.081549   0.409981   0.000000   1.000000   0.000000   1.000000
0.089913   0.233138   0.088759   0.610581   0.000000   1.000000   0.000000   1.000000
0.014154   0.227759   0.096647   0.870393   0.000000   1.000000   0.000000   1.000000
0.042593   0.254762   0.203382   0.055924   0.000000   1.000000   0.000000   1.000000
0.079275   0.279607   0.217171   0.246747   0.000000   1.000000   0.000000   1.000000
0.032642   0.293876   0.279605   0.491257   0.000000   1.000000   0.000000   1.000000
0.077029   0.240168   0.203979   0.680808   0.000000   1.000000   0.000000   1.000000
0.012617   0.243600   0.205879   0.868421   0.000000   1.000000   0.000000   1.000000
0.091680   0.276212   0.400982   0.019783   0.000000   1.000000   0.000000   1.000000
0.095714   0.247666   0.492418   0.227271   0.000000   1.000000   0.000000   1.000000
0.048170   0.273901   0.449825   0.496231   0.000000   1.000000   0.000000   1.000000
0.030373   0.280220   0.453343   0.683683   0.000000   1.000000   0.000000   1.000000
0.062757   0.215692   0.475848   0.871902   0.000000   1.000000   0.000000   1.000000
0.074356   0.216413   0.687234   0.090084   0.000000   1.000000   0.000000   1.000000
0.092227   0.261820   0.648142   0.211718   0.000000   1.000000   0.000000   1.000000
0.034766   0.262902   0.610291   0.401380   0.000000   1.000000   0.000000   1.000000
0.012335   0.295859   0.627821   0.613617   0.000000   1.000000   0.000000   1.000000
0.096070   0.287448   0.656575   0.856400   0.000000   1.000000   0.000000   1.000000
0.041118   0.247094   0.846588   0.025915   0.000000   1.000000   0.000000   1.000000
0.038266   0.266548   0.859274   0.200906   0.000000   1.000000   0.000000   1.000000
0.078840   0.206666   0.853921   0.441376   0.000000   1.000000   0.000000   1.000000
0.068673   0.242174   0.825628   0.654427   0.000000   1.000000   0.000000   1.000000
0.060229   0.255773   0.837267   0.887853   0.000000   1.000000   0.000000   1.000000
0.001429   0.436549   0.011757   0.072368   0.000000   1.000000   0.000000   1.000000
0.079758   0.491102   0.040654   0.296080   0.000000   1.000000   0.000000   1.000000
0.001273   0.454894   0.043666   0.455065   0.000000   1.000000   0.000000   1.000000
0.081901   0.488821   0.004031   0.649793   0.000000   1.000000   0.000000   1.000000
0.052671   0.485065   0.012695   0.802498   0.000000   1.000000   0.000000   1.000000
0.090172   0.436291   0.211438   0.095946   0.000000   1.000000   0.000000   1.000000
0.047163   0.448802   0.285840   0.238795   0.000000   1.000000   0.000000   1.000000
0.074871   0.436131   0.294655   0.492884   0.000000   1.000000   0.000000   1.000000
0.051489   0.460293   0.270407   0.671837   0.000000   1.000000   0.000000   1.000000
0.047075   0.489406   0.267450   0.850890   0.000000   1.000000   0.000000   1.000000
0.029901   0.402154   0.404408   0.012744   0.000000   1.000000   0.000000   1.000000
0.053113   0.487005   0.401451   0.297235   0.000000   1.000000   0.000000   1.000000
0.057614   0.479312   0.462694   0.462068   0.000000   1.000000   0.000000   1.000000
0.015728   0.467074   0.454176   0.615358   0.000000   1.000000   0.000000   1.000000
0.015802   0.441516   0.481650   0.896896   0.000000   1.000000   0.000000   1.000000
0.025284   0.490363   0.673014   0.000239   0.000000   1.000000   0.000000   1.000000
0.039761   0.412580   0.654354   0.293304   0.000000   1.000000   0.000000   1.000000
0.008744   0.468266   0.607062   0.499342   0.000000   1.000000   0.000000   1.000000
0.038370   0.423221   0.679419   0.632666   0.000000   1.000000   0.000000   1.000000
0.027549   0.425065   0.651905   0.854768   0.000000   1.000000   0.000000   1.000000
0.068103   0.472426   0.800719   0.006173   0.000000   1.000000   0.000000   1.000000
0.038617   0.488362   0.865982   0.200622   0.000000   1.000000   0.000000   1.000000
0.014279   0.493579   0.854517   0.421380   0.000000   1.000000   0.000000   1.000000
0.074721   0.472471   0.854426   0.605731   0.000000   1.000000   0.000000   1.000000
0.000274   0.478294   0.865675   0.803724   0.000000   1.000000   0.000000   1.000000
0.089646   0.627663   0.009197   0.069109   0.000000   1.000000   0.000000   1.000000
0.035720   0.629177   0.087614   0.241055   0.000000   1.000000   0.000000   1.000000
0.056931   0.685504   0.083122   0.463390   0.000000   1.000000   0.000000   1.000000
0.050595   0.671352   0.013482   0.668025   0.000000   1.000000   0.000000   1.000000
0.079738   0.641900   0.052432   0.885740   0.000000   1.000000   0.000000   1.000000
0.068974   0.643257   0.204807   0.080755   0.000000   1.000000   0.000000   1.000000
0.055960   0.676765   0.275585   0.274395   0.000000   1.000000   0.000000   1.000000
0.088223   0.678141   0.266578   0.405207   0.000000   1.000000   0.000000   1.000000
0.044137   0.691909   0.241104   0.611865   0.000000   1.000000   0.000000   1.000000
0.066375   0.620255   0.231094   0.811607   0.000000   1.000000   0.000000   1.000000
0.082493   0.684556   0.419723   0.033115   0.000000   1.000000   0.000000   1.000000
0.096583   0.620134   0.439190   0.278049   0.000000   1.000000   0.000000   1.000000
0.016530   0.643010   0.468428   0.434409   0.000000   1.000000   0.000000   1.000000
0.087795   0.625037   0.411145   0.654068   0.000000   1.000000   0.000000   1.000000
0.097037   0.681288   0.442278   0.857107   0.000000   1.000000   0.000000   1.000000
0.048107   0.648692   0.683591   0.091462   0.000000   1.000000   0.000000   1.000000
0.052464   0.684995   0.623360   0.248053   0.000000   1.000000   0.000000   1.000000
0.087707   0.621862   0.605097   0.437987   0.000000   1.000000   0.000000   1.000000
0.040829   0.644152   0.675925   0.607945   0.000000   1.000000   0.000000   1.000000
0.025185   0.680127   0.626876   0.819966   0.000000   1.000000   0.000000   1.000000
0.072794   0.629760   0.848573   0.013565   0.000000   1.000000   0.000000   1.000000
0.087041   0.699212   0.802965   0.270514   0.000000   1.000000   0.000000   1.000000
0.097122   0.697921   0.810257   0.429259   0.000000   1.000000   0.000000   1.000000
0.029441   0.612348   0.817288   0.627894   0.000000   1.000000   0.000000   1.000000
0.095846   0.643763   0.855414   0.872759   0.000000   1.000000   0.000000   1.000000
0.029852   0.877678   0.032216   0.098210   0.000000   1.000000   0.000000   1.000000
0.061540   0.879857   0.088875   0.238592   0.000000   1.000000   0.000000   1.000000
0.081598   0.833549   0.060214   0.441136   0.000000   1.000000   0.000000   1.000000
0.057419   0.841050   0.002767   0.684053   0.000000   1.000000   0.000000   1.000000
0.046474   0.845744   0.091461   0.842978   0.000000   1.000000   0.000000   1.000000
0.085157   0.855677   0.235475   0.005936   0.000000   1.000000   0.000000   1.000000
0.029504   0.815116   0.256815   0.294792   0.000000   1.000000   0.000000   1.000000
0.070564   0.852031   0.204882   0.424962   0.000000   1.000000   0.000000   1.000000
0.027860   0.823997   0.229141   0.698663   0.000000   1.000000   0.000000   1.000000
0.056333   0.811394   0.251456   0.854050   0.000000   1.000000   0.000000   1.000000
0.022126   0.857227   0.478241   0.063623   0.000000   1.000000   0.000000   1.000000
0.090990   0.883411   0.450911   0.265944   0.000000   1.000000   0.000000   1.000000
0.085355   0.812354   0.493302   0.474527   0.000000   1.000000   0.000000   1.000000
0.093548   0.837725   0.403057   0.644839   0.000000   1.000000   0.000000   1.000000
0.054126   0.890814   0.478549   0.812478   0.000000   1.000000   0.000000   1.000000
0.012899   0.864506   0.609051   0.001667   0.000000   1.000000   0.000000   1.000000
0.039967   0.889389   0.601230   0.289292   0.000000   1.000000   0.000000   1.000000
0.050781   0.811122   0.621213   0.494170   0.000000   1.000000   0.000000   1.000000
0.001541   0.896784   0.603559   0.618295   0.000000   1.000000   0.000000   1.000000
0.068184   0.825046   0.666564   0.891883   0.000000   1.000000   0.000000   1.000000
0.019411   0.828015   0.884298   0.009537   0.000000   1.000000   0.000000   1.000000
0.043173   0.815875   0.803800   0.293784   0.000000   1.000000   0.000000   1.000000
0.019458   0.826229   0.807985   0.467547   0.000000   1.000000   0.000000   1.000000
0.054268   0.828998   0.808196   0.662955   0.000000   1.000000   0.000000   1.000000
0.030574   0.873841   0.886986   0.804642   0.000000   1.000000   0.000000   1.000000
0.264666   0.066764   0.033357   0.075550   0.000000   1.000000   0.000000   1.000000
0.230902   0.015904   0.072949   0.255116   0.000000   1.000000   0.000000   1.000000
0.232422   0.058647   0.001276   0.422797   0.000000   1.000000   0.000000   1.000000
0.207494   0.033132   0.058787   0.633701   0.000000   1.000000   0.000000   1.000000
0.232627   0.070377   0.043504   0.817988   0.000000   1.000000   0.000000   1.000000
0.297903   0.012782   0.293135   0.013961   0.000000   1.000000   0.000000   1.000000
0.250527   0.025288   0.221833   0.243405   0.000000   1.000000   0.000000   1.000000
0.204273   0.003204   0.201628   0.425036   0.000000   1.000000   0.000000   1.000000
0.209382   0.093974   0.298034   0.667495   0.000000   1.000000   0.000000   1.000000
0.200647   0.043696   0.224457   0.834164   0.000000   1.000000   0.000000   1.000000
0.206148   0.072145   0.438077   0.006667   0.000000   1.000000   0.000000   1.000000
0.233369   0.084996   0.479087   0.263210   0.000000   1.000000   0.000000   1.000000
0.287511   0.050905   0.496708   0.477731   0.000000   1.000000   0.000000   1.000000
0.297320   0.011826   0.427941   0.675448   0.000000   1.000000   0.000000   1.000000
0.296444   0.024075   0.415809   0.897736   0.000000   1.000000   0.000000   1.000000
0.213822   0.047392   0.615296   0.082683   0.000000   1.000000   0.000000   1.000000
0.269903   0.010268   0.629276   0.287276   0.000000   1.000000   0.000000   1.000000
0.211836   0.043821   0.677937   0.436075   0.000000   1.000000   0.000000   1.000000
0.232204   0.023850   0.686646   0.604652   0.000000   1.000000   0.000000   1.000000
0.244630   0.077903   0.683846   0.816126   0.000000   1.000000   0.000000   1.000000
0.235888   0.062685   0.851843   0.029866   0.000000   1.000000   0.000000   1.000000
0.274126   0.096082   0.857716   0.242505   0.000000   1.000000   0.000000   1.000000
0.269749   0.084301   0.847709   0.490094   0.000000   1.000000   0.000000   1.000000
0.289891   0.041623   0.824091   0.634180   0.000000   1.000000   0.000000   1.000000
0.210179   0.035198   0.863769   0.827771   0.000000   1.000000   0.000000   1.000000
0.222602   0.291295   0.074349   0.098730   0.000000   1.000000   0.000000   1.000000
0.251022   0.243649   0.043828   0.205493   0.000000   1.000000   0.000000   1.000000
0.256982   0.225438   0.029764   0.486304   0.000000   1.000000   0.000000   1.000000
0.250167   0.238465   0.000333   0.680090   0.000000   1.000000   0.000000   1.000000
0.210796   0.218438   0.023233   0.884174   0.000000   1.000000   0.000000   1.000000
0.237663   0.206078   0.226549   0.008308   0.000000   1.000000   0.000000   1.000000
0.295562   0.201047   0.248299   0.203009   0.000000   1.000000   0.000000   1.000000
0.297639   0.246353   0.252638   0.407240   0.000000   1.000000   0.000000   1.000000
0.213633   0.226091   0.221135   0.617031   0.000000   1.000000   0.000000   1.000000
0.273062   0.291774   0.229264   0.880074   0.000000   1.000000   0.000000   1.000000
0.210268   0.272536   0.490227   0.097168   0.000000   1.000000   0.000000   1.000000
0.235522   0.221669   0.469784   0.298058   0.000000   1.000000   0.000000   1.000000
0.257140   0.238029   0.400563   0.447998   0.000000   1.000000   0.000000   1.000000
0.293840   0.243922   0.499626   0.639222   0.000000   1.000000   0.000000   1.000000
0.298768   0.282784   0.425881   0.886348   0.000000   1.000000   0.000000   1.000000
0.220055   0.233597   0.604004   0.037164   0.000000   1.000000   0.000000   1.000000
0.281996   0.225061   0.608143   0.213271   0.000000   1.000000   0.000000   1.000000
0.206870   0.282815   0.657623   0.408009   0.000000   1.000000   0.000000   1.000000
0.242121   0.265948   0.698190   0.604537   0.000000   1.000000   0.000000   1.000000
0.271262   0.259491   0.648151   0.892335   0.000000   1.000000   0.000000   1.000000
0.228094   0.252399   0.823472   0.059259   0.000000   1.000000   0.000000   1.000000
0.289277   0.209842   0.842651   0.209876   0.000000   1.000000   0.000000   1.000000
0.284466   0.228661   0.839235   0.472536   0.000000   1.000000   0.000000   1.000000
0.256936   0.213397   0.899544   0.603768   0.000000   1.000000   0.000000   1.000000
0.225499   0.288462   0.897654   0.880358   0.000000   1.000000   0.000000   1.000000
0.274405   0.437036   0.040247   0.020201   0.000000   1.000000   0.000000   1.000000
0.203284   0.436640   0.049493   0.248329   0.000000   1.000000   0.000000   1.000000
0.294270   0.477978   0.031098   0.494971   0.000000   1.000000   0.000000   1.000000
0.288741   0.434581   0.078282   0.614549   0.000000   1.000000   0.000000   1.000000
0.286984   0.403372   0.068891   0.821510   0.000000   1.000000   0.000000   1.000000
0.254510   0.457766   0.235957   0.086704   0.000000   1.000000   0.000000   1.000000
0.299738   0.479836   0.242901   0.227337   0.000000   1.000000   0.000000   1.000000
0.244361   0.417942   0.226366   0.465803   0.000000   1.000000   0.000000   1.000000
0.231803   0.406012   0.246438   0.657788   0.000000   1.000000   0.000000   1.000000
0.292316   0.432264   0.207250   0.857740   0.000000   1.000000   0.000000   1.000000
0.218661   0.457192   0.478676   0.064044   0.000000   1.000000   0.000000   1.000000
0.237333   0.432424   0.489935   0.240936   0.000000   1.000000   0.000000   1.000000
0.264873   0.439167   0.464064   0.406071   0.000000   1.000000   0.000000   1.000000
0.254969   0.454625   0.478918   0.638008   0.000000   1.000000   0.000000   1.000000
0.203124   0.406657   0.438224   0.893004   0.000000   1.000000   0.000000   1.000000
0.214991   0.429578   0.615350   0.078109   0.000000   1.000000   0.000000   1.000000
0.221391   0.421243   0.681245   0.247076   0.000000   1.000000   0.000000   1.000000
0.250242   0.407391   0.660509   0.499222   0.000000   1.000000   0.000000   1.000000
0.206689   0.483963   0.676576   0.681180   0.000000   1.000000   0.000000   1.000000
0.219123   0.431824   0.663565   0.871442   0.000000   1.000000   0.000000   1.000000
0.289414   0.450463   0.859323   0.054156   0.000000   1.000000   0.000000   1.000000
0.273041   0.475166   0.837583   0.215166   0.000000   1.000000   0.000000   1.000000
0.276677   0.479703   0.821597   0.434171   0.000000   1.000000   0.000000   1.000000
0.236375   0.480593   0.814056   0.603686   0.000000   1.000000   0.000000   1.000000
0.237537   0.441835   0.887420   0.829286   0.000000   1.000000   0.000000   1.000000
0.284531   0.670285   0.079842   0.023649   0.000000   1.000000   0.000000   1.000000
0.233877   0.691510   0.090081   0.258927   0.000000   1.000000   0.000000   1.000000
0.208514   0.617352   0.010235   0.463276   0.000000   1.000000   0.000000   1.000000
0.228574   0.669095   0.095393   0.658342   0.000000   1.000000   0.000000   1.000000
0.207358   0.627921   0.011859   0.876213   0.000000   1.000000   0.000000   1.000000
0.261525   0.680180   0.260599   0.054367   0.000000   1.000000   0.000000   1.000000
0.222542   0.602473   0.289026   0.201679   0.000000   1.000000   0.000000   1.000000
0.200624   0.621189   0.231921   0.458731   0.000000   1.000000   0.000000   1.000000
0.234234   0.632631   0.259243   0.608309   0.000000   1.000000   0.000000   1.000000
0.294244   0.683371   0.233297   0.812998   0.000000   1.000000   0.000000   1.000000
0.226167   0.658858   0.405911   0.036305   0.000000   1.000000   0.000000   1.000000
0.227114   0.600742   0.477899   0.281292   0.000000   1.000000   0.000000   1.000000
0.297242   0.659172   0.449820   0.420844   0.000000   1.000000   0.000000   1.000000
0.240657   0.669845   0.402851   0.669653   0.000000   1.000000   0.000000   1.000000
0.256406   0.640621   0.454166   0.816652   0.000000   1.000000   0.000000   1.000000
0.278629   0.652070   0.665187   0.008576   0.000000   1.000000   0.000000   1.000000
0.271065   0.668233   0.690262   0.229495   0.000000   1.000000   0.000000   1.000000
0.221541   0.654298   0.658806   0.434536   0.000000   1.000000   0.000000   1.000000
0.288659   0.698488   0.633045   0.624229   0.000000   1.000000   0.000000   1.000000
0.258952   0.676886   0.692165   0.855933   0.000000   1.000000   0.000000   1.000000
0.282822   0.626359   0.810072   0.056749   0.000000   1.000000   0.000000   1.000000
0.275087   0.687833   0.856482   0.229771   0.000000   1.000000   0.000000   1.000000
0.244380   0.688197   0.869499   0.485009   0.000000   1.000000   0.000000   1.000000
0.235179   0.690796   0.838153   0.677170   0.000000   1.000000   0.000000   1.000000
0.274533   0.612550   0.807529   0.819983   0.000000   1.000000   0.000000   1.000000
0.250249   0.882775   0.027833   0.069915   0.000000   1.000000   0.000000   1.000000
0.298281   0.848644   0.014834   0.235076   0.000000   1.000000   0.000000   1.000000
0.289140   0.871331   0.078832   0.401899   0.000000   1.000000   0.000000   1.000000
0.243990   0.854104   0.093354   0.602905   0.000000   1.000000   0.000000   1.000000
0.294702   0.815971   0.075406   0.822247   0.000000   1.000000   0.000000   1.000000
0.207277   0.802128   0.231215   0.030733   0.000000   1.000000   0.000000   1.000000
0.277051   0.851619   0.216070   0.258268   0.000000   1.000000   0.000000   1.000000
0.295418   0.888027   0.223669   0.479660   0.000000   1.000000   0.000000   1.000000
0.243042   0.808119   0.234883   0.692890   0.000000   1.000000   0.000000   1.000000
0.276182   0.833684   0.225432   0.867701   0.000000   1.000000   0.000000   1.000000
0.298823   0.843993   0.481068   0.071643   0.000000   1.000000   0.000000   1.000000
0.258990   0.807904   0.418180   0.226165   0.000000   1.000000   0.000000   1.000000
0.249831   0.827180   0.452272   0.466573   0.000000   1.000000   0.000000   1.000000
0.249624   0.821314   0.469366   0.640586   0.000000   1.000000   0.000000   1.000000
0.251132   0.872350   0.407736   0.876685   0.000000   1.000000   0.000000   1.000000
0.204474   0.896207   0.666596   0.048076   0.000000   1.000000   0.000000   1.000000
0.257749   0.811743   0.667993   0.280641   0.000000   1.000000   0.000000   1.000000
0.249811   0.889124   0.623739   0.480976   0.000000   1.000000   0.000000   1.000000
0.276362   0.840156   0.656822   0.665911   0.000000   1.000000   0.000000   1.000000
0.233456   0.879665   0.675098   0.822279   0.000000   1.000000   0.000000   1.000000
0.254819   0.833812   0.871652   0.081045   0.000000   1.000000   0.000000   1.000000
0.282407   0.803102   0.827760   0.222979   0.000000   1.000000   0.000000   1.000000
0.283075   0.875025   0.802987   0.429214   0.000000   1.000000   0.000000   1.000000
0.282797   0.819934   0.822216   0.656886   0.000000   1.000000   0.000000   1.000000
0.272676   0.828764   0.880000   0.883478   0.000000   1.000000   0.000000   1.000000
0.400903   0.013251   0.019675   0.022592   0.000000   1.000000   1.000000   0.000000
0.414696   0.006232   0.004856   0.291104   0.000000   1.000000   1.000000   0.000000
0.424916   0.020408   0.086897   0.418409   0.000000   1.000000   1.000000   0.000000
0.441077   0.060645   0.024189   0.697551   0.000000   1.000000   1.000000   0.000000
0.478378   0.071134   0.041577   0.858686   0.000000   1.000000   1.000000   0.000000
0.487320   0.098015   0.245715   0.092842   0.000000   1.000000   1.000000   0.000000
0.474928   0.087979   0.253277   0.223003   0.000000   1.000000   1.000000   0.000000
0.465289   0.004628   0.284289   0.443718   0.000000   1.000000   1.000000   0.000000
0.414432   0.036488   0.203448   0.616581   0.000000   1.000000   1.000000   0.000000
0.408714   0.088348   0.233440   0.854248   0.000000   1.000000   1.000000   0.000000
0.428927   0.024359   0.431189   0.049516   0.000000   1.000000   1.000000   0.000000
0.449280   0.034559   0.462588   0.214483   0.000000   1.000000   1.000000   0.000000
0.412900   0.008593   0.435838   0.482399   0.000000   1.000000   1.000000   0.000000
0.469463   0.088338   0.490365   0.670408   0.000000   1.000000   1.000000   0.000000
0.467315   0.038269   0.418307   0.880936   0.000000   1.000000   1.000000   0.000000
0.412353   0.009344   0.668638   0.013605   0.000000   1.000000   1.000000   0.000000
0.479582   0.020679   0.668232   0.256556   0.000000   1.000000   1.000000   0.000000
0.412843   0.019223   0.628863   0.498674   0.000000   1.000000   1.000000   0.000000
0.482883   0.096979   0.629669   0.619415   0.000000   1.000000   1.000000   0.000000
0.486647   0.007174   0.668804   0.868237   0.000000   1.000000   1.000000   0.000000
0.485957   0.072895   0.899596   0.009267   0.000000   1.000000   1.000000   0.000000
0.418494   0.006589   0.864056   0.282966   0.000000   1.000000   1.000000   0.000000
0.433588   0.027898   0.874170   0.445509   0.000000   1.000000   1.000000   0.000000
0.459177   0.009565   0.805515   0.648121   0.000000   1.000000   1.000000   0.000000
0.452496   0.010883   0.818244   0.834044   0.000000   1.000000   1.000000   0.000000
0.427330   0.267271   0.016788   0.085549   0.000000   1.000000   1.000000   0.000000
0.495291   0.241822   0.057287   0.282940   0.000000   1.000000   1.000000   0.000000
0.444892   0.287466   0.021929   0.408158   0.000000   1.000000   1.000000   0.000000
0.416319   0.239039   0.003007   0.632855   0.000000   1.000000   1.000000   0.000000
0.473658   0.291793   0.077487   0.873349   0.000000   1.000000   1.000000   0.000000
0.456085   0.263882   0.271263   0.053904   0.000000   1.000000   1.000000   0.000000
0.473945   0.257326   0.256269   0.201377   0.000000   1.000000   1.000000   0.000000
0.409030   0.264097   0.223840   0.489656   0.000000   1.000000   1.000000   0.000000
0.452821   0.274227   0.211506   0.628525   0.000000   1.000000   1.000000   0.000000
0.461479   0.254019   0.276197   0.861041   0.000000   1.000000   1.000000   0.000000
0.442863   0.246885   0.462100   0.010731   0.000000   1.000000   1.000000   0.000000
0.499586   0.238067   0.423939   0.200738   0.000000   1.000000   1.000000   0.000000
0.484353   0.262038   0.431313   0.458580   0.000000   1.000000   1.000000   0.000000
0.464603   0.278054   0.430544   0.645902   0.000000   1.000000   1.000000   0.000000
0.479726   0.295390   0.475748   0.848448   0.000000   1.000000   1.000000   0.000000
0.416962   0.232178   0.629071   0.030058   0.000000   1.000000   1.000000   0.000000
0.489900   0.283130   0.688010   0.266626   0.000000   1.000000   1.000000   0.000000
0.401658   0.263955   0.607076   0.408730   0.000000   1.000000   1.000000   0.000000
0.497560   0.236422   0.673391   0.611429   0.000000   1.000000   1.000000   0.000000
0.452147   0.275674   0.692243   0.889129   0.000000   1.000000   1.000000   0.000000
0.491932   0.252249   0.814088   0.045597   0.000000   1.000000   1.000000   0.000000
0.450037   0.216465   0.864931   0.219814   0.000000   1.000000   1.000000   0.000000
0.475932   0.234609   0.820237   0.416602   0.000000   1.000000   1.000000   0.000000
0.443598   0.270792   0.859656   0.623391   0.000000   1.000000   1.000000   0.000000
0.401789   0.243222   0.819312   0.807098   0.000000   1.000000   1.000000   0.000000
0.456234   0.441606   0.059013   0.059989   0.000000   0.000000   1.000000   0.000000
0.434965   0.470497   0.018777   0.269802   0.000000   0.000000   1.000000   0.000000
0.485556   0.492820   0.031813   0.473233   0.000000   0.000000   1.000000   0.000000
0.453961   0.412282   0.017340   0.699630   0.000000   0.000000   1.000000   0.000000
0.491253   0.412721   0.012078   0.861144   0.000000   0.000000   1.000000   0.000000
0.493813   0.472022   0.238290   0.098827   0.000000   0.000000   1.000000   0.000000
0.428654   0.430566   0.201675   0.213428   0.000000   0.000000   1.000000   0.000000
0.409305   0.455696   0.257881   0.462228   0.000000   0.000000   1.000000   0.000000
0.468532   0.414350   0.242657   0.681024   0.000000   0.000000   1.000000   0.000000
0.464755   0.430693   0.269272   0.882944   0.000000   0.000000   1.000000   0.000000
0.476857   0.449881   0.454921   0.012344   0.000000   0.000000   1.000000   0.000000
0.463848   0.472088   0.497324   0.271356   0.000000   0.000000   1.000000   0.000000
0.493431   0.422676   0.435567   0.437362   0.000000   0.000000   1.000000   0.000000
0.405607   0.400564   0.492041   0.600146   0.000000   0.000000   1.000000   0.000000
0.464321   0.453631   0.410546   0.832979   0.000000   0.000000   1.000000   0.000000
0.458057   0.453759   0.685284   0.001964   0.000000   0.000000   1.000000   0.000000
0.425144   0.463581   0.699775   0.258784   0.000000   0.000000   1.000000   0.000000
0.449420   0.481618   0.686409   0.446886   0.000000   0.000000   1.000000   0.000000
0.497275   0.421720   0.660914   0.678277   0.000000   0.000000   1.000000   0.000000
0.480936   0.454465   0.617961   0.834560   0.000000   0.000000   1.000000   0.000000
0.478414   0.483885   0.891065   0.079206   0.000000   0.000000   1.000000   0.000000
0.417398   0.434611   0.855692   0.298915   0.000000   0.000000   1.000000   0.000000
0.465336   0.425413   0.888930   0.400489   0.000000   0.000000   1.000000   0.000000
0.411719   0.485570   0.822698   0.632456   0.000000   0.000000   1.000000   0.000000
0.436993   0.486169   0.840528   0.843654   0.000000   0.000000   1.000000   0.000000
0.497036   0.620066   0.025691   0.001191   0.000000   0.000000   1.000000   0.000000
0.430235   0.608427   0.031706   0.259247   0.000000   0.000000   1.000000   0.000000
0.414811   0.613223   0.015327   0.401906   0.000000   0.000000   1.000000   0.000000
0.487727   0.631103   0.086431   0.634875   0.000000   0.000000   1.000000   0.000000
0.411736   0.687982   0.088834   0.887273   0.000000   0.000000   1.000000   0.000000
0.413768   0.667891   0.216531   0.072855   0.000000   0.000000   1.000000   0.000000
0.471600   0.635903   0.296612   0.215829   0.000000   0.000000   1.000000   0.000000
0.442021   0.641166   0.260644   0.495814   0.000000   0.000000   1.000000   0.000000
0.451679   0.623711   0.246735   0.696761   0.000000   0.000000   1.000000   0.000000
0.404214   0.675093   0.220243   0.813071   0.000000   0.000000   1.000000   0.000000
0.404407   0.654283   0.413386   0.090094   0.000000   0.000000   1.000000   0.000000
0.434036   0.684884   0.428665   0.293281   0.000000   0.000000   1.000000   0.000000
0.497448   0.606721   0.419540   0.480212   0.000000   0.000000   1.000000   0.000000
0.437267   0.698805   0.431569   0.665216   0.000000   0.000000   1.000000   0.000000
0.400568   0.667226   0.447787   0.807522   0.000000   0.000000   1.000000   0.000000
0.461494   0.617955   0.695205   0.044151   0.000000   0.000000   1.000000   0.000000
0.408286   0.646413   0.682228   0.202655   0.000000   0.000000   1.000000   0.000000
0.426687   0.670880   0.639157   0.402389   0.000000   0.000000   1.000000   0.000000
0.454187   0.653350   0.692523   0.616558   0.000000   0.000000   1.000000   0.000000
0.440701   0.634990   0.637490   0.887658   0.000000   0.000000   1.000000   0.000000
0.455483   0.668709   0.836823   0.052325   0.000000   0.000000   1.000000   0.000000
0.427781   0.631018   0.817304   0.292808   0.000000   0.000000   1.000000   0.000000
0.488948   0.690033   0.869861   0.433859   0.000000   0.000000   1.000000   0.000000
0.420898   0.635252   0.859686   0.672029   0.000000   0.000000   1.000000   0.000000
0.476398   0.607272   0.873939   0.846545   0.000000   0.000000   1.000000   0.000000
0.473619   0.834412   0.050844   0.017951   1.000000   0.000000   1.000000   0.000000
0.409270   0.837772   0.088187   0.210854   1.000000   0.000000   1.000000   0.000000
0.453894   0.878759   0.076429   0.400521   1.000000   0.000000   1.000000   0.000000
0.412881   0.849504   0.076840   0.610391   1.000000   0.000000   1.000000   0.000000
0.493581   0.889546   0.027243   0.801494   1.000000   0.000000   1.000000   0.000000
0.478040   0.814368   0.240984   0.014786   1.000000   0.000000   1.000000   0.000000
0.484665   0.815427   0.292393   0.266577   1.000000   0.000000   1.000000   0.000000
0.408789   0.856042   0.250658   0.414882   1.000000   0.000000   1.000000   0.000000
0.402265   0.836440   0.267957   0.642057   1.000000   0.000000   1.000000   0.000000
0.476219   0.858172   0.202654   0.887589   1.000000   0.000000   1.000000   0.000000
0.420812   0.830085   0.401441   0.048867   1.000000   0.000000   1.000000   0.000000
0.465167   0.865604   0.401057   0.218120   1.000000   0.000000   1.000000   0.000000
0.457958   0.886200   0.465866   0.444744   1.000000   0.000000   1.000000   0.000000
0.459981   0.836900   0.481111   0.616067   1.000000   0.000000   1.000000   0.000000
0.470271   0.869692   0.435320   0.884276   1.000000   0.000000   1.000000   0.000000
0.449513   0.899831   0.696203   0.085148   1.000000   0.000000   1.000000   0.000000
0.455546   0.878725   0.674725   0.272292   1.000000   0.000000   1.000000   0.000000
0.401326   0.862513   0.678903   0.458508   1.000000   0.000000   1.000000   0.000000
0.479901   0.817955   0.672803   0.660090   1.000000   0.000000   1.000000   0.000000
0.481463   0.836923   0.692137   0.814423   1.000000   0.000000   1.000000   0.000000
0.490009   0.887115   0.875455   0.012385   1.000000   0.000000   1.000000   0.000000
0.405915   0.887634   0.885002   0.248843   1.000000   0.000000   1.000000   0.000000
0.486137   0.810274   0.813539   0.407535   1.000000   0.000000   1.000000   0.000000
0.465585   0.853018   0.828566   0.638919   1.000000   0.000000   1.000000   0.000000
0.417163   0.887713   0.878806   0.851701   1.000000   0.000000   1.000000   0.000000
0.678245   0.021378   0.073265   0.022068   0.000000   1.000000   1.000000   0.000000
0.680669   0.010145   0.094441   0.226904   0.000000   1.000000   1.000000   0.000000
0.653787   0.058642   0.092338   0.472988   0.000000   1.000000   1.000000   0.000000
0.615418   0.030570   0.070774   0.635106   0.000000   1.000000   1.000000   0.000000
0.619217   0.035450   0.084416   0.804872   0.000000   1.000000   1.000000   0.000000
0.616534   0.001137   0.242470   0.055498   0.000000   1.000000   1.000000   0.000000
0.674413   0.031657   0.288203   0.250639   0.000000   1.000000   1.000000   0.000000
0.609284   0.066568   0.267034   0.420624   0.000000   1.000000   1.000000   0.000000
0.695628   0.035233   0.228404   0.680329   0.000000   1.000000   1.000000   0.000000
0.635077   0.099162   0.247108   0.860144   0.000000   1.000000   1.000000   0.000000
0.606617   0.034572   0.450491   0.022905   0.000000   1.000000   1.000000   0.000000
0.629319   0.072204   0.400139   0.269562   0.000000   1.000000   1.000000   0.000000
0.622137   0.005480   0.496859   0.488276   0.000000   1.000000   1.000000   0.000000
0.649249   0.091354   0.476642   0.699087   0.000000   1.000000   1.000000   0.000000
0.652231   0.057721   0.450814   0.856707   0.000000   1.000000   1.000000   0.000000
0.631319   0.070821   0.627601   0.039805   0.000000   1.000000   1.000000   0.000000
0.662569   0.096366   0.606936   0.287793   0.000000   1.000000   1.000000   0.000000
0.666581   0.035460   0.625019   0.445844   0.000000   1.000000   1.000000   0.000000
0.639537   0.048217   0.604617   0.674562   0.000000   1.000000   1.000000   0.000000
0.648775   0.035766   0.621804   0.850272   0.000000   1.000000   1.000000   0.000000
0.652583   0.051506   0.819920   0.055148   0.000000   1.000000   1.000000   0.000000
0.607495   0.073001   0.812547   0.272721   0.000000   1.000000   1.000000   0.000000
0.624506   0.078163   0.898475   0.402270   0.000000   1.000000   1.000000   0.000000
0.689606   0.042098   0.830993   0.637576   0.000000   1.000000   1.000000   0.000000
0.688891   0.038961   0.811992   0.806097   0.000000   1.000000   1.000000   0.000000
0.671694   0.221496   0.087653   0.029031   0.000000   1.000000   1.000000   0.000000
0.615159   0.210424   0.049747   0.252821   0.000000   1.000000   1.000000   0.000000
0.677435   0.267687   0.009045   0.455729   0.000000   1.000000   1.000000   0.000000
0.670407   0.251262   0.049549   0.626639   0.000000   1.000000   1.000000   0.000000
0.620283   0.222053   0.087704   0.888650   0.000000   1.000000   1.000000   0.000000
0.616199   0.217481   0.270931   0.007171   0.000000   1.000000   1.000000   0.000000
0.611162   0.212954   0.273401   0.298939   0.000000   1.000000   1.000000   0.000000
0.642365   0.247843   0.286244   0.435090   0.000000   1.000000   1.000000   0.000000
0.694546   0.213483   0.232965   0.675613   0.000000   1.000000   1.000000   0.000000
0.634549   0.272378   0.299106   0.856528   0.000000   1.000000   1.000000   0.000000
0.667194   0.271263   0.464428   0.079485   0.000000   1.000000   1.000000   0.000000
0.605601   0.238690   0.443403   0.289450   0.000000   1.000000   1.000000   0.000000
0.683979   0.255721   0.490867   0.441234   0.000000   1.000000   1.000000   0.000000
0.686004   0.295603   0.468876   0.692093   0.000000   1.000000   1.000000   0.000000
0.666436   0.220966   0.449653   0.800314   0.000000   1.000000   1.000000   0.000000
0.686506   0.259603   0.612363   0.054936   0.000000   1.000000   1.000000   0.000000
0.655540   0.235735   0.649781   0.277344   0.000000   1.000000   1.000000   0.000000
0.625428   0.240145   0.680785   0.445704   0.000000   1.000000   1.000000   0.000000
0.699284   0.280190   0.657556   0.607298   0.000000   1.000000   1.000000   0.000000
0.691007   0.211721   0.699678   0.838830   0.000000   1.000000   1.000000   0.000000
0.679021   0.210339   0.844803   0.014359   0.000000   1.000000   1.000000   0.000000
0.678150   0.203201   0.897928   0.203120   0.000000   1.000000   1.000000   0.000000
0.652030   0.288571   0.891690   0.409025   0.000000   1.000000   1.000000   0.000000
0.697147   0.287988   0.808197   0.612709   0.000000   1.000000   1.000000   0.000000
0.695355   0.268159   0.811379   0.893887   0.000000   1.000000   1.000000   0.000000
0.639561   0.477270   0.053135   0.043954   0.000000   0.000000   1.000000   0.000000
0.634704   0.409479   0.012610   0.222028   0.000000   0.000000   1.000000   0.000000
0.665116   0.444476   0.096735   0.453184   0.000000   0.000000   1.000000   0.000000
0.698706   0.463066   0.045172   0.655443   0.000000   0.000000   1.000000   0.000000
0.615025   0.477980   0.036640   0.822842   0.000000   0.000000   1.000000   0.000000
0.656426   0.405461   0.271158   0.027450   0.000000   0.000000   1.000000   0.000000
0.673502   0.413943   0.202334   0.210146   0.000000   0.000000   1.000000   0.000000
0.601716   0.462420   0.274686   0.482179   0.000000   0.000000   1.000000   0.000000
0.600414   0.487280   0.254100   0.615938   0.000000   0.000000   1.000000   0.000000
0.665292   0.446771   0.277101   0.859097   0.000000   0.000000   1.000000   0.000000
0.689356   0.474503   0.417288   0.009723   0.000000   0.000000   1.000000   0.000000
0.657727   0.491223   0.477650   0.235109   0.000000   0.000000   1.000000   0.000000
0.699454   0.496253   0.415702   0.497941   0.000000   0.000000   1.000000   0.000000
0.638272   0.446857   0.452081   0.642609   0.000000   0.000000   1.000000   0.000000
0.605459   0.428834   0.478448   0.885877   0.000000   0.000000   1.000000   0.000000
0.681649   0.413287   0.676315   0.055896   0.000000   0.000000   1.000000   0.000000
0.666513   0.455550   0.695479   0.284149   0.000000   0.000000   1.000000   0.000000
0.655900   0.493177   0.690518   0.463802   0.000000   0.000000   1.000000   0.000000
0.643651   0.417798   0.693837   0.690444   0.000000   0.000000   1.000000   0.000000
0.601855   0.426690   0.672536   0.807684   0.000000   0.000000   1.000000   0.000000
0.696994   0.488574   0.851482   0.011753   0.000000   0.000000   1.000000   0.000000
0.670087   0.481912   0.880017   0.253529   0.000000   0.000000   1.000000   0.000000
0.600800   0.476555   0.867697   0.450833   0.000000   0.000000   1.000000   0.000000
0.631450   0.457325   0.872711   0.633973   0.000000   0.000000   1.000000   0.000000
0.612080   0.466162   0.860962   0.800025   0.000000   0.000000   1.000000   0.000000
0.659676   0.613162   0.082294   0.079846   0.000000   0.000000   1.000000   0.000000
0.670341   0.676237   0.071194   0.275582   0.000000   0.000000   1.000000   0.000000
0.631367   0.652742   0.096250   0.491569   0.000000   0.000000   1.000000   0.000000
0.676007   0.614652   0.074363   0.686251   0.000000   0.000000   1.000000   0.000000
0.670486   0.619051   0.018420   0.873720   0.000000   0.000000   1.000000   0.000000
0.666432   0.671332   0.263374   0.083170   0.000000   0.000000   1.000000   0.000000
0.696539   0.615159   0.245429   0.230316   0.000000   0.000000   1.000000   0.000000
0.660800   0.659124   0.241130   0.446252   0.000000   0.000000   1.000000   0.000000
0.656944   0.667129   0.211364   0.694709   0.000000   0.000000   1.000000   0.000000
0.601655   0.657012   0.216535   0.873169   0.000000   0.000000   1.000000   0.000000
0.658840   0.613777   0.430869   0.038861   0.000000   0.000000   1.000000   0.000000
0.642062   0.612933   0.431714   0.234136   0.000000   0.000000   1.000000   0.000000
0.652778   0.668458   0.455457   0.472648   0.000000   0.000000   1.000000   0.000000
0.637242   0.642876   0.470743   0.680917   0.000000   0.000000   1.000000   0.000000
0.688015   0.676573   0.429587   0.866896   0.000000   0.000000   1.000000   0.000000
0.685919   0.671219   0.643081   0.016724   0.000000   0.000000   1.000000   0.000000
0.601925   0.663728   0.627970   0.215152   0.000000   0.000000   1.000000   0.000000
0.619905   0.640086   0.684271   0.491321   0.000000   0.000000   1.000000   0.000000
0.686596   0.686363   0.682753   0.682263   0.000000   0.000000   1.000000   0.000000
0.645993   0.635812   0.670878   0.895074   0.000000   0.000000   1.000000   0.000000
0.649338   0.646888   0.877323   0.049995   0.000000   0.000000   1.000000   0.000000
0.622750   0.685391   0.811119   0.222633   0.000000   0.000000   1.000000   0.000000
0.652335   0.671746   0.872044   0.439178   0.000000   0.000000   1.000000   0.000000
0.667856   0.659613   0.880500   0.682540   0.000000   0.000000   1.000000   0.000000
0.666085   0.614040   0.885286   0.816089   0.000000   0.000000   1.000000   0.000000
0.698214   0.854142   0.034006   0.094691   1.000000   0.000000   1.000000   0.000000
0.609783   0.865710   0.050590   0.243250   1.000000   0.000000   1.000000   0.000000
0.638449   0.803107   0.013316   0.406207   1.000000   0.000000   1.000000   0.000000
0.661061   0.838902   0.055133   0.618369   1.000000   0.000000   1.000000   0.000000
0.653911   0.841223   0.006590   0.864454   1.000000   0.000000   1.000000   0.000000
0.633493   0.818906   0.283770   0.002445   1.000000   0.000000   1.000000   0.000000
0.616966   0.880328   0.261098   0.270336   1.000000   0.000000   1.000000   0.000000
0.604290   0.892733   0.212187   0.470452   1.000000   0.000000   1.000000   0.000000
0.607086   0.820786   0.243929   0.601045   1.000000   0.000000   1.000000   0.000000
0.631927   0.882677   0.232497   0.868417   1.000000   0.000000   1.000000   0.000000
0.673464   0.854850   0.421481   0.032631   1.000000   0.000000   1.000000   0.000000
0.648899   0.809186   0.453378   0.246404   1.000000   0.000000   1.000000   0.000000
0.653248   0.854513   0.461381   0.449637   1.000000   0.000000   1.000000   0.000000
0.658656   0.840892   0.402815   0.634091   1.000000   0.000000   1.000000   0.000000
0.652645   0.833883   0.451637   0.862615   1.000000   0.000000   1.000000   0.000000
0.652176   0.836100   0.665747   0.085043   1.000000   0.000000   1.000000   0.000000
0.694384   0.879542   0.662012   0.234701   1.000000   0.000000   1.000000   0.000000
0.600704   0.866373   0.692025   0.409733   1.000000   0.000000   1.000000   0.000000
0.692882   0.840428   0.601251   0.642479   1.000000   0.000000   1.000000   0.000000
0.666458   0.807534   0.694130   0.866024   1.000000   0.000000   1.000000   0.000000
0.604288   0.856134   0.890914   0.044983   1.000000   0.000000   1.000000   0.000000
0.639980   0.865725   0.896776   0.282285   1.000000   0.000000   1.000000   0.000000
0.675479   0.888559   0.850544   0.425415   1.000000   0.000000   1.000000   0.000000
0.620295   0.802732   0.823184   0.630308   1.000000   0.000000   1.000000   0.000000
0.605430   0.889514   0.866540   0.888473   1.000000   0.000000   1.000000   0.000000
0.897369   0.040893   0.068579   0.071525   1.000000   0.000000   0.000000   1.000000
0.881364   0.065239   0.085440   0.276841   1.000000   0.000000   0.000000   1.000000
0.885711   0.018073   0.009967   0.472677   1.000000   0.000000   0.000000   1.000000
0.854780   0.060660   0.082112   0.645390   1.000000   0.000000   0.000000   1.000000
0.854984   0.025471   0.095787   0.830351   1.000000   0.000000   0.000000   1.000000
0.822506   0.028848   0.263498   0.046604   1.000000   0.000000   0.000000   1.000000
0.866723   0.036391   0.231593   0.297657   1.000000   0.000000   0.000000   1.000000
0.854872   0.086291   0.225976   0.487161   1.000000   0.000000   0.000000   1.000000
0.898530   0.026771   0.253340   0.615124   1.000000   0.000000   0.000000   1.000000
0.808832   0.057912   0.228429   0.878547   1.000000   0.000000   0.000000   1.000000
0.859831   0.085186   0.428979   0.075045   1.000000   0.000000   0.000000   1.000000
0.885123   0.084949   0.406482   0.232480   1.000000   0.000000   0.000000   1.000000
0.874441   0.062601   0.462729   0.441743   1.000000   0.000000   0.000000   1.000000
0.835100   0.098967   0.447953   0.626844   1.000000   0.000000   0.000000   1.000000
0.860748   0.069046   0.425865   0.838300   1.000000   0.000000   0.000000   1.000000
0.881859   0.063348   0.686210   0.082832   1.000000   0.000000   0.000000   1.000000
0.830927   0.066937   0.637261   0.294803   1.000000   0.000000   0.000000   1.000000
0.869468   0.072868   0.626334   0.431624   1.000000   0.000000   0.000000   1.000000
0.819714   0.067498   0.679251   0.611535   1.000000   0.000000   0.000000   1.000000
0.824812   0.021338   0.692015   0.828130   1.000000   0.000000   0.000000   1.000000
0.887511   0.014918   0.860111   0.051864   1.000000   0.000000   0.000000   1.000000
0.802088   0.025770   0.891359   0.286991   1.000000   0.000000   0.000000   1.000000
0.840420   0.004621   0.848307   0.402641   1.000000   0.000000   0.000000   1.000000
0.826016   0.082949   0.818065   0.677440   1.000000   0.000000   0.000000   1.000000
0.802110   0.051427   0.870508   0.857662   1.000000   0.000000   0.000000   1.000000
0.800635   0.269095   0.082436   0.068160   1.000000   0.000000   0.000000   1.000000
0.852722   0.261677   0.010054   0.264692   1.000000   0.000000   0.000000   1.000000
0.892967   0.296466   0.006784   0.443144   1.000000   0.000000   0.000000   1.000000
0.837388   0.270289   0.042234   0.672695   1.000000   0.000000   0.000000   1.000000
0.883170   0.203669   0.028241   0.818038   1.000000   0.000000   0.000000   1.000000
0.869077   0.265502   0.288627   0.098297   1.000000   0.000000   0.000000   1.000000
0.865658   0.232791   0.292705   0.235757   1.000000   0.000000   0.000000   1.000000
0.821504   0.292685   0.212963   0.416528   1.000000   0.000000   0.000000   1.000000
0.838257   0.263607   0.206061   0.605774   1.000000   0.000000   0.000000   1.000000
0.884269   0.298424   0.232747   0.883094   1.000000   0.000000   0.000000   1.000000
0.896766   0.265519   0.430520   0.006851   1.000000   0.000000   0.000000   1.000000
0.815084   0.249896   0.470670   0.200298   1.000000   0.000000   0.000000   1.000000
0.851074   0.283416   0.491985   0.424324   1.000000   0.000000   0.000000   1.000000
0.859744   0.290148   0.433278   0.608484   1.000000   0.000000   0.000000   1.000000
0.896807   0.202205   0.404787   0.870657   1.000000   0.000000   0.000000   1.000000
0.841161   0.268542   0.700000   0.020344   1.000000   0.000000   0.000000   1.000000
0.878994   0.221474   0.640391   0.209987   1.000000   0.000000   0.000000   1.000000
0.846408   0.230092   0.695196   0.403855   1.000000   0.000000   0.000000   1.000000
0.812007   0.264605   0.691424   0.639398   1.000000   0.000000   0.000000   1.000000
0.820228   0.287934   0.609726   0.836122   1.000000   0.000000   0.000000   1.000000
0.810115   0.256440   0.894000   0.048417   1.000000   0.000000   0.000000   1.000000
0.806092   0.223900   0.860766   0.276234   1.000000   0.000000   0.000000   1.000000
0.809188   0.279176   0.802041   0.453256   1.000000   0.000000   0.000000   1.000000
0.825422   0.284526   0.840234   0.642388   1.000000   0.000000   0.000000   1.000000
0.844387   0.259095   0.897737   0.863385   1.000000   0.000000   0.000000   1.000000
0.854742   0.414552   0.025832   0.094430   1.000000   0.000000   0.000000   1.000000
0.862607   0.442609   0.072279   0.200702   1.000000   0.000000   0.000000   1.000000
0.898152   0.406572   0.094817   0.451977   1.000000   0.000000   0.000000   1.000000
0.885364   0.408021   0.060233   0.604340   1.000000   0.000000   0.000000   1.000000
0.813056   0.410146   0.071538   0.852055   1.000000   0.000000   0.000000   1.000000
0.830612   0.447796   0.203952   0.054874   1.000000   0.000000   0.000000   1.000000
0.860898   0.497236   0.205388   0.201760   1.000000   0.000000   0.000000   1.000000
0.887741   0.462757   0.208190   0.430792   1.000000   0.000000   0.000000   1.000000
0.872967   0.426923   0.282271   0.676664   1.000000   0.000000   0.000000   1.000000
0.800809   0.499113   0.266377   0.812168   1.000000   0.000000   0.000000   1.000000
0.897445   0.487300   0.465047   0.042518   1.000000   0.000000   0.000000   1.000000
0.843743   0.454726   0.409007   0.200693   1.000000   0.000000   0.000000   1.000000
0.804751   0.403731   0.494558   0.425101   1.000000   0.000000   0.000000   1.000000
0.873678   0.425991   0.411477   0.698167   1.000000   0.000000   0.000000   1.000000
0.813387   0.405831   0.480859   0.814277   1.000000   0.000000   0.000000   1.000000
0.837032   0.419046   0.683085   0.087478   1.000000   0.000000   0.000000   1.000000
0.889630   0.464083   0.697831   0.244654   1.000000   0.000000   0.000000   1.000000
0.824776   0.420183   0.627401   0.443576   1.000000   0.000000   0.000000   1.000000
0.822351   0.408598   0.651746   0.671411   1.000000   0.000000   0.000000   1.000000
0.850632   0.495874   0.647969   0.874773   1.000000   0.000000   0.000000   1.000000
0.835696   0.498766   0.800829   0.098793   1.000000   0.000000   0.000000   1.000000
0.857581   0.496418   0.899737   0.242815   1.000000   0.000000   0.000000   1.000000
0.842136   0.462306   0.882139   0.448444   1.000000   0.000000   0.000000   1.000000
0.877712   0.489002   0.822358   0.604685   1.000000   0.000000   0.000000   1.000000
0.851951   0.452640   0.846224   0.814857   1.000000   0.000000   0.000000   1.000000
0.881079   0.610723   0.042026   0.064340   1.000000   0.000000   0.000000   1.000000
0.800160   0.635250   0.029670   0.219651   1.000000   0.000000   0.000000   1.000000
0.887546   0.674022   0.072016   0.463860   1.000000   0.000000   0.000000   1.000000
0.880415   0.624833   0.063436   0.682679   1.000000   0.000000   0.000000   1.000000
0.811968   0.603665   0.092251   0.896595   1.000000   0.000000   0.000000   1.000000
0.861517   0.621144   0.214908   0.038859   1.000000   0.000000   0.000000   1.000000
0.808616   0.697763   0.270315   0.278094   1.000000   0.000000   0.000000   1.000000
0.848480   0.686981   0.261094   0.417369   1.000000   0.000000   0.000000   1.000000
0.825357   0.625224   0.237879   0.600045   1.000000   0.000000   0.000000   1.000000
0.849946   0.617082   0.207718   0.872728   1.000000   0.000000   0.000000   1.000000
0.829652   0.686753   0.497721   0.057081   1.000000   0.000000   0.000000   1.000000
0.843518   0.600849   0.499968   0.208708   1.000000   0.000000   0.000000   1.000000
0.885074   0.691106   0.413845   0.454381   1.000000   0.000000   0.000000   1.000000
0.821519   0.614599   0.428778   0.653942   1.000000   0.000000   0.000000   1.000000
0.847762   0.631348   0.416100   0.823652   1.000000   0.000000   0.000000   1.000000
0.836670   0.619672   0.640833   0.042968   1.000000   0.000000   0.000000   1.000000
0.822864   0.662428   0.678664   0.285158   1.000000   0.000000   0.000000   1.000000
0.845970   0.632942   0.613967   0.410038   1.000000   0.000000   0.000000   1.000000
0.849528   0.678111   0.637077   0.676405   1.000000   0.000000   0.000000   1.000000
0.805141   0.694297   0.685242   0.844602   1.000000   0.000000   0.000000   1.000000
0.846263   0.695975   0.884209   0.062915   1.000000   0.000000   0.000000   1.000000
0.820241   0.619384   0.802688   0.255441   1.000000   0.000000   0.000000   1.000000
0.801662   0.682548   0.852441   0.470955   1.000000   0.000000   0.000000   1.000000
0.816775   0.668460   0.812451   0.611386   1.000000   0.000000   0.000000   1.000000
0.891104   0.603514   0.860553   0.874843   1.000000   0.000000   0.000000   1.000000
0.874398   0.821730   0.060216   0.006123   1.000000   0.000000   0.000000   1.000000
0.831191   0.884875   0.051370   0.219291   1.000000   0.000000   0.000000   1.000000
0.862984   0.879881   0.097783   0.482967   1.000000   0.000000   0.000000   1.000000
0.885800   0.812391   0.075941   0.672505   1.000000   0.000000   0.000000   1.000000
0.808509   0.877157   0.054638   0.823844   1.000000   0.000000   0.000000   1.000000
0.826086   0.845692   0.206279   0.037798   1.000000   0.000000   0.000000   1.000000
0.856520   0.820237   0.272155   0.291209   1.000000   0.000000   0.000000   1.000000
0.824202   0.801100   0.290612   0.454134   1.000000   0.000000   0.000000   1.000000
0.837447   0.851678   0.257465   0.635950   1.000000   0.000000   0.000000   1.000000
0.812233   0.822584   0.240431   0.880798   1.000000   0.000000   0.000000   1.000000
0.884490   0.802174   0.473206   0.026163   1.000000   0.000000   0.000000   1.000000
0.829318   0.824921   0.478447   0.286725   1.000000   0.000000   0.000000   1.000000
0.861781   0.833138   0.464752   0.478771   1.000000   0.000000   0.000000   1.000000
0.852131   0.839754   0.412313   0.630325   1.000000   0.000000   0.000000   1.000000
0.850772   0.843173   0.481388   0.885021   1.000000   0.000000   0.000000   1.000000
0.849634   0.819975   0.692822   0.090841   1.000000   0.000000   0.000000   1.000000
0.868080   0.897479   0.652948   0.232550   1.000000   0.000000   0.000000   1.000000
0.890564   0.842269   0.659155   0.428894   1.000000   0.000000   0.000000   1.000000
0.837132   0.834663   0.638370   0.603680   1.000000   0.000000   0.000000   1.000000
0.888544   0.834038   0.683608   0.821476   1.000000   0.000000   0.000000   1.000000
0.848706   0.890826   0.822831   0.071018   1.000000   0.000000   0.000000   1.000000
0.885292   0.867281   0.871704   0.241064   1.000000   0.000000   0.000000   1.000000
0.880627   0.854906   0.887531   0.461017   1.000000   0.000000   0.000000   1.000000
0.860177   0.825259   0.841354   0.613649   1.000000   0.000000   0.000000   1.000000
0.848706   0.881792   0.823803   0.857357   1.000000   0.000000   0.000000   1.000000
