0.180265   0.303976   0.756821   0.596745   0.157844   0.986114   0.105770   0.985623
0.708931   0.245001   0.403887   0.263214   0.159652   0.957293   0.957632   0.149565
0.432863   0.814289   0.347391   0.547849   0.116385   0.974058   0.992314   0.102437
0.846605   0.836523   0.644311   0.788844   0.937701   0.123154   0.146763   0.964430
0.544148   0.560312   0.878590   0.779383   0.194329   0.195447   0.953936   0.145138
0.845845   0.960245   0.136022   0.766757   0.965209   0.139026   0.109248   0.996787
0.850204   0.268383   0.445197   0.223179   0.176406   0.972994   0.924598   0.157777
0.639303   0.818075   0.213364   0.299816   0.960417   0.126493   0.950421   0.189126
0.671042   0.857360   0.069626   0.207865   0.979180   0.176820   0.921055   0.177363
0.496267   0.635115   0.698194   0.443908   0.100245   0.122454   0.934288   0.122827
0.446306   0.690862   0.707668   0.889608   0.130476   0.194695   0.979558   0.155570
0.567252   0.020602   0.205455   0.220777   0.969992   0.129021   0.109181   0.144386
0.867261   0.539743   0.500042   0.650604   0.130215   0.977548   0.998339   0.133192
0.676622   0.087620   0.295099   0.093301   0.932758   0.132666   0.185097   0.980097
0.686899   0.524402   0.454166   0.326094   0.134041   0.957602   0.947378   0.121120
0.347738   0.702888   0.552884   0.795684   0.197733   0.925818   0.914347   0.176138
0.525728   0.710656   0.322980   0.523870   0.158224   0.934017   0.971607   0.196189
0.931504   0.129079   0.095220   0.475055   0.999225   0.084878   0.921397   0.006702
0.411839   0.679144   0.625366   0.534145   0.154892   0.129166   0.929476   0.160775
0.516308   0.363579   0.905626   0.295294   0.175925   0.101356   0.939014   0.127995
0.797503   0.392185   0.052852   0.799434   0.110423   0.983300   0.908241   0.139661
0.547391   0.038305   0.411732   0.154511   0.988172   0.132998   0.153882   0.172490
0.781731   0.565119   0.639150   0.628843   0.194326   0.936563   0.961161   0.163707
0.297000   0.455985   0.382469   0.902562   0.978233   0.105682   0.940958   0.164934
0.315688   0.697518   0.676382   0.227237   0.957890   0.127726   0.065600   0.156421
0.946620   0.270955   0.158912   0.825099   0.996400   0.009332   0.912197   0.015380
0.849876   0.057898   0.215556   0.288256   0.112584   0.943441   0.916850   0.101997
0.191591   0.232831   0.702353   0.397226   0.149280   0.900208   0.164488   0.985858
0.023778   0.562365   0.245943   0.247009   0.128778   0.921418   0.149420   0.995341
0.145131   0.719415   0.491110   0.432242   0.956083   0.138911   0.912019   0.191481
0.691794   0.440528   0.622890   0.391261   0.176544   0.958103   0.057568   0.155105
0.708906   0.552290   0.845615   0.838258   0.177681   0.932113   0.911045   0.144947
0.344440   0.643963   0.744514   0.518332   0.995477   0.131751   0.020891   0.108296
0.642823   0.784226   0.875776   0.567906   0.953040   0.144032   0.079877   0.146833
0.243863   0.651728   0.121006   0.357073   0.966455   0.171052   0.930626   0.118232
0.600522   0.869591   0.567157   0.046905   0.947654   0.172739   0.907850   0.103891
0.463995   0.602441   0.370954   0.703004   0.119126   0.172572   0.913922   0.185895
0.296170   0.433653   0.684751   0.575778   0.995096   0.188862   0.902908   0.133531
0.361510   0.665315   0.746664   0.626100   0.906956   0.131878   0.042687   0.185044
0.383226   0.060267   0.119089   0.105778   0.001149   0.910316   0.174146   0.972242
0.435796   0.089833   0.105650   0.651032   0.902356   0.105947   0.106444   0.147796
0.815963   0.610685   0.291110   0.240457   0.989365   0.167579   0.162478   0.918762
0.824049   0.806228   0.388221   0.512466   0.934667   0.102978   0.122564   0.986877
0.637971   0.092740   0.054077   0.820677   0.972178   0.114060   0.152627   0.912563
0.730905   0.226829   0.381629   0.251905   0.140190   0.946912   0.967134   0.123964
0.948205   0.203370   0.931050   0.265561   0.950277   0.076467   0.996378   0.091817
0.688957   0.044052   0.630961   0.324880   0.977567   0.157594   0.149167   0.973886
0.106412   0.303613   0.462196   0.899603   0.135864   0.940003   0.122999   0.911086
0.618417   0.315124   0.970826   0.054831   0.116157   0.997007   0.029776   0.197737
0.256215   0.211920   0.816249   0.621256   0.163898   0.937421   0.141616   0.928494
0.924923   0.631704   0.898808   0.133426   0.991457   0.081134   0.918918   0.041465
0.574834   0.549777   0.867917   0.336755   0.167994   0.181688   0.948884   0.168289
0.660839   0.373098   0.943392   0.082753   0.166873   0.905351   0.081154   0.134167
0.103655   0.717185   0.713884   0.292560   0.960506   0.110724   0.974452   0.150794
0.520442   0.963018   0.911905   0.708766   0.170273   0.942582   0.169976   0.179072
0.014695   0.285410   0.233417   0.665843   0.192228   0.938069   0.164577   0.941329
0.122438   0.254250   0.874003   0.481313   0.112906   0.941189   0.163105   0.985349
0.069135   0.280130   0.247806   0.641381   0.144541   0.944723   0.106647   0.924844
0.244483   0.105594   0.462216   0.832564   0.107361   0.983545   0.112760   0.949690
0.922893   0.315351   0.515516   0.939509   0.996651   0.009844   0.918225   0.057417
0.429290   0.631245   0.834174   0.451497   0.132128   0.133798   0.961521   0.114540
0.500396   0.633179   0.176653   0.794433   0.164116   0.126031   0.994939   0.152076
0.919693   0.834503   0.805554   0.927810   0.957046   0.003695   0.907774   0.007065
0.794982   0.026773   0.425114   0.104276   0.123383   0.968065   0.977125   0.179506
0.272862   0.959793   0.596450   0.365923   0.928880   0.159916   0.938854   0.199440
0.115722   0.391908   0.292674   0.269543   0.190262   0.945288   0.178365   0.993271
0.228292   0.422821   0.942996   0.623496   0.990609   0.139871   0.961319   0.117959
0.101657   0.117227   0.763673   0.434810   0.192299   0.959193   0.163098   0.909839
0.742288   0.525995   0.450519   0.821436   0.151817   0.907366   0.958236   0.130024
0.494871   0.306171   0.607574   0.684640   0.180800   0.197550   0.913606   0.186742
0.447194   0.460499   0.832993   0.399491   0.136348   0.143202   0.936951   0.171970
0.166505   0.590128   0.364048   0.521825   0.934279   0.130688   0.926598   0.104712
0.350470   0.695751   0.183492   0.907160   0.986574   0.121808   0.983006   0.163147
0.873424   0.329811   0.206071   0.852135   0.143077   0.978350   0.939812   0.111109
0.462937   0.509269   0.146613   0.714887   0.107628   0.135474   0.958900   0.112868
0.647113   0.134463   0.933376   0.479927   0.197457   0.938546   0.046560   0.197044
0.841725   0.335784   0.508133   0.338807   0.189981   0.956835   0.988978   0.101438
0.364391   0.633268   0.173281   0.266628   0.907048   0.197430   0.912966   0.119142
0.233684   0.150902   0.138237   0.226913   0.118681   0.933867   0.166274   0.971019
0.176274   0.754713   0.578070   0.823697   0.963806   0.101149   0.978740   0.132874
0.907157   0.742664   0.602521   0.603071   0.914081   0.067993   0.966017   0.051429
0.253255   0.774474   0.442622   0.460107   0.967643   0.164926   0.987800   0.146303
0.149985   0.065115   0.312478   0.877878   0.164733   0.998929   0.126650   0.912378
0.359419   0.839813   0.436463   0.537897   0.189856   0.971901   0.914342   0.159557
0.389045   0.282872   0.558432   0.571009   0.946504   0.191615   0.988700   0.141623
0.375162   0.464892   0.636599   0.229253   0.937954   0.109499   0.034838   0.115093
0.163315   0.473098   0.221478   0.852677   0.972468   0.145584   0.916559   0.118697
0.056484   0.078211   0.593537   0.508114   0.127348   0.966602   0.171254   0.925318
0.461968   0.719189   0.544004   0.739381   0.125675   0.087464   0.962971   0.166203
0.642895   0.493060   0.566259   0.125888   0.174906   0.945492   0.986163   0.142258
0.593424   0.707157   0.843968   0.423710   0.167685   0.947694   0.026528   0.199624
0.377730   0.031974   0.253552   0.100267   0.000934   0.902259   0.157327   0.965588
0.534205   0.354983   0.620948   0.815684   0.146157   0.187899   0.991561   0.159670
0.779631   0.582933   0.124465   0.518241   0.117289   0.930903   0.900233   0.159625
0.399254   0.767582   0.447638   0.883556   0.194390   0.906362   0.981256   0.102686
0.559630   0.737804   0.130178   0.296316   0.119008   0.909455   0.980071   0.193351
0.406552   0.652317   0.574483   0.893215   0.151356   0.129558   0.981581   0.117885
0.731423   0.518771   0.434332   0.277156   0.177631   0.982705   0.902860   0.154399
0.936186   0.131632   0.401522   0.664465   0.928677   0.058681   0.914405   0.002217
0.227282   0.845162   0.363033   0.064662   0.985127   0.133754   0.971186   0.175298
0.361758   0.455086   0.315974   0.607928   0.976831   0.111704   0.928426   0.155774
0.899626   0.189691   0.984608   0.383581   0.121112   0.939259   0.948354   0.131265
0.322631   0.250867   0.576869   0.231642   0.924741   0.123301   0.905096   0.131955
0.223424   0.557002   0.231007   0.050058   0.922907   0.162735   0.930270   0.189993
0.292161   0.640219   0.697487   0.899779   0.923455   0.174282   0.936500   0.120369
0.656211   0.333619   0.206951   0.939572   0.140476   0.944761   0.924205   0.178314
0.220006   0.614185   0.463197   0.382116   0.989454   0.114109   0.931175   0.163912
0.872913   0.150063   0.225091   0.436722   0.167252   0.901677   0.906755   0.173171
0.186235   0.075541   0.273579   0.943508   0.145546   0.987597   0.121537   0.969046
0.281508   0.817075   0.642713   0.340371   0.957837   0.138965   0.953290   0.198902
0.251200   0.562409   0.303810   0.439171   0.913080   0.164880   0.937508   0.185227
0.194249   0.625712   0.818721   0.623495   0.936355   0.192193   0.931675   0.125529
0.475720   0.680328   0.442413   0.072625   0.111856   0.100265   0.971456   0.111739
0.785453   0.882984   0.449827   0.545883   0.937559   0.160637   0.141935   0.995483
0.644710   0.811199   0.197224   0.080453   0.908897   0.125389   0.905497   0.110502
0.919919   0.890429   0.175288   0.405139   0.946815   0.050754   0.950142   0.050582
0.746310   0.718074   0.185122   0.321494   0.936427   0.129938   0.125208   0.920445
0.209626   0.753191   0.817386   0.358680   0.978732   0.113726   0.918454   0.152475
0.621313   0.655715   0.570396   0.767420   0.187642   0.916342   0.972072   0.137438
0.849369   0.770036   0.250090   0.631673   0.993787   0.189615   0.138690   0.902424
0.221916   0.766569   0.256523   0.061037   0.928335   0.147198   0.940488   0.148674
0.309511   0.357001   0.403389   0.471461   0.943212   0.177575   0.986618   0.132558
0.500674   0.814879   0.062964   0.901525   0.148820   0.072859   0.992401   0.165977
0.402631   0.268970   0.675331   0.182828   0.995248   0.118332   0.009203   0.189456
0.553404   0.410254   0.150413   0.561209   0.120224   0.163756   0.995978   0.109264
0.055920   0.914679   0.500768   0.105690   0.131148   0.905331   0.170876   0.993404
0.609133   0.935861   0.076050   0.826510   0.063577   0.995311   0.177481   0.908282
0.654240   0.286761   0.086082   0.571590   0.162830   0.939495   0.944331   0.102437
0.864148   0.116539   0.221479   0.737326   0.109489   0.958333   0.902215   0.112515
0.717381   0.377074   0.676868   0.094080   0.167271   0.932919   0.983904   0.157344
0.609571   0.014612   0.660504   0.700118   0.975006   0.189467   0.182368   0.943750
0.475554   0.677456   0.319761   0.364299   0.164604   0.196125   0.914386   0.178118
0.181961   0.771537   0.242252   0.066142   0.916610   0.161469   0.960000   0.188216
0.896241   0.302663   0.608662   0.172580   0.155396   0.931841   0.972295   0.147259
0.511821   0.380691   0.584447   0.251584   0.156996   0.101023   0.917569   0.170280
0.941398   0.698409   0.654691   0.241514   0.926458   0.020223   0.940929   0.090177
0.150415   0.172040   0.865449   0.785756   0.166707   0.909052   0.113678   0.907999
0.412799   0.417408   0.625035   0.801122   0.183850   0.175661   0.969656   0.117549
0.789024   0.172028   0.117208   0.891175   0.161206   0.966630   0.958856   0.191723
0.957023   0.110265   0.938058   0.905211   0.978086   0.096988   0.907645   0.045489
0.349033   0.694740   0.735865   0.533258   0.915123   0.115952   0.058860   0.142968
0.451428   0.272040   0.967771   0.223084   0.922029   0.104338   0.071257   0.186316
0.278904   0.407242   0.752966   0.730734   0.916799   0.176661   0.992828   0.147260
0.783809   0.702624   0.081502   0.352751   0.975734   0.180486   0.117648   0.915537
0.895114   0.500273   0.067506   0.750140   0.120082   0.914306   0.926779   0.176508
0.305004   0.364613   0.894885   0.327366   0.905062   0.135589   0.074186   0.122412
0.440324   0.265678   0.647073   0.529773   0.901044   0.195565   0.065373   0.145639
0.266573   0.259260   0.802781   0.253694   0.133714   0.976009   0.144803   0.901612
0.579727   0.750462   0.772862   0.378029   0.115243   0.973011   0.028922   0.169083
0.659146   0.814416   0.929255   0.501720   0.925188   0.117265   0.015591   0.117573
0.146635   0.392580   0.431434   0.769779   0.140377   0.975568   0.173799   0.933690
0.157881   0.873787   0.114304   0.664177   0.918818   0.100940   0.948937   0.108349
0.830115   0.479771   0.774756   0.434750   0.139369   0.936938   0.999441   0.112577
0.085753   0.177716   0.158695   0.741586   0.167992   0.941736   0.149547   0.993141
0.508307   0.636570   0.175968   0.906045   0.115223   0.192234   0.976547   0.145404
0.854114   0.497169   0.920143   0.685634   0.163623   0.936106   0.998226   0.104112
0.246173   0.110481   0.293530   0.633639   0.198177   0.973033   0.159346   0.992200
0.816668   0.475905   0.528513   0.865887   0.124936   0.967325   0.986145   0.183447
0.380994   0.584174   0.256968   0.102082   0.943389   0.119778   0.977789   0.122819
0.158293   0.730544   0.927340   0.840536   0.923021   0.117340   0.964247   0.148078
0.270764   0.623346   0.921110   0.815836   0.997193   0.131071   0.999895   0.150419
0.257038   0.225386   0.877708   0.919974   0.154357   0.943534   0.191069   0.999367
0.875431   0.061915   0.069835   0.363192   0.112747   0.928103   0.948719   0.153455
0.277298   0.091922   0.800346   0.521610   0.144293   0.909962   0.187274   0.968554
0.668231   0.826677   0.535153   0.600391   0.961162   0.161886   0.984473   0.152709
0.527274   0.569622   0.553617   0.347340   0.160579   0.146543   0.949875   0.116440
0.748590   0.467250   0.932016   0.867448   0.108584   0.921303   0.944694   0.166211
0.300143   0.721939   0.672212   0.284838   0.196413   0.968735   0.098066   0.118072
0.927559   0.317445   0.203053   0.860376   0.976586   0.091237   0.900901   0.004684
0.383215   0.496248   0.473173   0.522319   0.995417   0.155765   0.909821   0.164362
0.043164   0.079692   0.402278   0.366549   0.168649   0.937583   0.199867   0.922097
0.339699   0.199366   0.599767   0.311431   0.954631   0.156219   0.970370   0.170979
0.513989   0.615963   0.570180   0.667805   0.113719   0.197066   0.973161   0.150516
0.628979   0.759921   0.267539   0.253549   0.953414   0.108604   0.987119   0.107592
0.614721   0.686202   0.299947   0.373813   0.185776   0.995769   0.919839   0.160275
0.910740   0.401609   0.518160   0.767188   0.932946   0.064460   0.976389   0.000303
0.920391   0.199810   0.734269   0.885758   0.944221   0.039108   0.992433   0.006252
0.108758   0.735799   0.843450   0.550766   0.911377   0.148682   0.996172   0.104889
0.209626   0.363709   0.637598   0.390577   0.107161   0.986786   0.169954   0.998310
0.857338   0.064147   0.648263   0.352513   0.180090   0.924547   0.955677   0.142051
0.873335   0.682913   0.228763   0.534846   0.982021   0.190650   0.124120   0.911968
0.271457   0.557724   0.918411   0.457247   0.922360   0.131430   0.905396   0.175098
0.554131   0.157271   0.480211   0.479589   0.022992   0.105420   0.985642   0.168224
0.337058   0.037591   0.496360   0.650316   0.088291   0.976941   0.170023   0.955931
0.264304   0.254290   0.263830   0.893985   0.179478   0.943639   0.169038   0.970889
0.608544   0.822452   0.509238   0.286070   0.982790   0.145186   0.983035   0.115581
0.092590   0.954848   0.490812   0.585765   0.101368   0.984676   0.139466   0.935968
0.576456   0.510771   0.528582   0.489368   0.183570   0.192904   0.921088   0.189899
0.649875   0.628256   0.172082   0.679092   0.114464   0.931238   0.983771   0.186640
0.166564   0.868881   0.060948   0.575866   0.931067   0.173640   0.987672   0.120848
0.437499   0.650269   0.732040   0.367915   0.109373   0.110161   0.946356   0.113756
0.176961   0.730135   0.808242   0.798185   0.974241   0.136960   0.963484   0.129603
0.575730   0.936745   0.055641   0.941435   0.122663   0.907224   0.134740   0.107249
0.553550   0.591543   0.298261   0.095874   0.124606   0.170049   0.953374   0.169562
0.417534   0.759342   0.551813   0.203007   0.123712   0.979577   0.950034   0.179084
0.857734   0.216964   0.132658   0.408325   0.170487   0.940599   0.954972   0.120731
0.236082   0.535106   0.630276   0.743907   0.944565   0.158456   0.974763   0.193073
0.383862   0.854291   0.930043   0.878553   0.189236   0.993814   0.012037   0.159330
0.360845   0.247761   0.258179   0.297055   0.942300   0.112666   0.932437   0.187278
0.474916   0.063790   0.634617   0.271439   0.977187   0.106339   0.164654   0.102763
0.650562   0.864498   0.730970   0.150065   0.997089   0.103746   0.064540   0.179574
0.600772   0.398260   0.578695   0.391285   0.161016   0.979016   0.988480   0.120030
0.628476   0.763000   0.878346   0.295882   0.909717   0.193130   0.034232   0.108690
0.465162   0.230515   0.252758   0.884399   0.024358   0.166807   0.965602   0.178702
0.271779   0.322771   0.895541   0.351093   0.159158   0.944480   0.114250   0.903849
0.953680   0.526836   0.587769   0.924158   0.983739   0.026367   0.935736   0.045221
0.637204   0.862011   0.449050   0.410764   0.939627   0.136551   0.955530   0.194073
0.646025   0.123178   0.282390   0.704942   0.155714   0.993779   0.982556   0.133517
0.222478   0.122308   0.624546   0.456423   0.146142   0.951149   0.164100   0.968663
0.487577   0.319860   0.520877   0.073305   0.164159   0.173642   0.979803   0.134804
0.214868   0.689422   0.439772   0.893558   0.994566   0.156431   0.977307   0.180119
0.071602   0.414790   0.206624   0.937460   0.145223   0.914543   0.172373   0.984452
0.819826   0.593072   0.779215   0.047182   0.179222   0.935324   0.992309   0.156317
0.352739   0.356390   0.931364   0.242601   0.980945   0.159235   0.085200   0.184564
0.786767   0.377311   0.575972   0.848468   0.129252   0.996492   0.991114   0.110207
0.629772   0.604716   0.513701   0.306553   0.135062   0.927632   0.981008   0.116013
0.055010   0.196265   0.294826   0.096364   0.119743   0.919381   0.145509   0.981146
0.160973   0.557507   0.744674   0.256336   0.996370   0.173284   0.953082   0.167007
0.292574   0.459871   0.053368   0.627435   0.988709   0.150836   0.904969   0.150538
0.803436   0.544462   0.350777   0.118876   0.138978   0.903649   0.941177   0.166611
0.558558   0.958143   0.473312   0.256570   0.119343   0.998460   0.125544   0.186712
0.777133   0.170256   0.061619   0.538394   0.162231   0.914103   0.999206   0.178268
0.407962   0.855611   0.194755   0.359019   0.177720   0.976324   0.987242   0.197835
0.326646   0.890267   0.738870   0.656763   0.135957   0.931068   0.010856   0.164050
0.136165   0.828335   0.119254   0.347566   0.900689   0.101192   0.925511   0.122300
0.817302   0.685268   0.858158   0.345129   0.959412   0.115964   0.185408   0.974251
0.813054   0.259817   0.526012   0.841588   0.127088   0.909970   0.902559   0.138550
0.704031   0.631375   0.129821   0.809829   0.996585   0.108167   0.122763   0.993243
0.282290   0.817095   0.187314   0.580170   0.962519   0.193430   0.985934   0.132706
0.114522   0.775782   0.254876   0.129444   0.910821   0.163770   0.957426   0.193800
0.588526   0.764229   0.322391   0.537654   0.172934   0.902053   0.923088   0.130823
0.241340   0.147751   0.489208   0.044939   0.161103   0.980889   0.135269   0.941693
0.170162   0.512714   0.381893   0.885291   0.998345   0.107010   0.975727   0.197582
0.735954   0.237364   0.287367   0.129595   0.152800   0.983812   0.979175   0.126417
0.783576   0.092772   0.780827   0.148557   0.139736   0.938003   0.921332   0.136944
0.177312   0.535335   0.343909   0.252539   0.925701   0.100577   0.906482   0.156942
0.800392   0.871107   0.746505   0.238482   0.945032   0.198361   0.120110   0.972521
0.842214   0.722547   0.897241   0.249348   0.923742   0.159631   0.144168   0.947375
0.849140   0.204235   0.739520   0.494697   0.147856   0.966095   0.981450   0.110977
0.099870   0.697486   0.865235   0.299425   0.199744   0.931805   0.160460   0.935058
0.461411   0.781204   0.539917   0.172198   0.158107   0.912831   0.991843   0.135031
0.061743   0.658565   0.716757   0.392929   0.173603   0.943298   0.158130   0.910300
0.675815   0.351607   0.103222   0.083537   0.129991   0.934064   0.994288   0.125920
0.433041   0.808150   0.101637   0.192211   0.177981   0.953837   0.949244   0.178572
0.274930   0.360252   0.795857   0.525976   0.131489   0.958145   0.109938   0.993834
0.643798   0.368690   0.272431   0.424946   0.187444   0.933181   0.962849   0.112822
0.589461   0.826069   0.456390   0.279723   0.128003   0.917706   0.932569   0.189612
0.921865   0.669167   0.569163   0.785394   0.968874   0.085013   0.921256   0.011966
0.114884   0.289190   0.605884   0.788450   0.165853   0.979521   0.108719   0.972596
0.296554   0.936232   0.295351   0.216349   0.963538   0.126714   0.932410   0.145341
0.210103   0.726475   0.716440   0.571425   0.995931   0.133127   0.930206   0.198981
0.820734   0.487745   0.260996   0.246073   0.196092   0.953199   0.951939   0.122106
0.649138   0.415288   0.558807   0.466074   0.114114   0.982582   0.966784   0.173832
0.409311   0.544343   0.045435   0.892560   0.151589   0.195679   0.908185   0.187312
0.113751   0.814687   0.942108   0.529058   0.971197   0.143471   0.930597   0.150314
0.689410   0.710912   0.668631   0.102324   0.941736   0.131431   0.087309   0.145779
0.430350   0.287577   0.329820   0.046230   0.999046   0.190252   0.952108   0.196250
0.239381   0.041582   0.514706   0.246459   0.155994   0.938999   0.126843   0.916450
0.152649   0.819195   0.776158   0.033912   0.990210   0.197002   0.948005   0.160590
0.246687   0.870862   0.026528   0.327552   0.936743   0.138076   0.954019   0.179940
0.272869   0.753477   0.100222   0.035206   0.978928   0.143358   0.982295   0.103226
0.092779   0.571527   0.584746   0.525016   0.189228   0.978978   0.190628   0.902366
0.203673   0.310288   0.531095   0.746877   0.105371   0.969656   0.100281   0.948698
0.790329   0.531120   0.730913   0.336734   0.166030   0.995392   0.932874   0.134055
0.896789   0.606131   0.078294   0.162056   0.902754   0.136943   0.128272   0.937200
0.345029   0.479262   0.220157   0.555612   0.992859   0.154687   0.943243   0.185638
0.415190   0.576978   0.930023   0.584031   0.100774   0.157727   0.945734   0.188867
0.602896   0.810636   0.806055   0.606426   0.956329   0.192804   0.044482   0.117342
0.787509   0.686398   0.638722   0.291384   0.954193   0.108173   0.136468   0.925041
0.551612   0.121569   0.459703   0.180602   0.965417   0.173886   0.976288   0.184764
0.216967   0.554250   0.136963   0.235721   0.981177   0.162041   0.903651   0.185566
0.731371   0.800751   0.410534   0.291109   0.954610   0.108079   0.187555   0.939488
0.264658   0.594456   0.295844   0.145729   0.962112   0.122854   0.931383   0.183865
0.310998   0.710556   0.152160   0.388119   0.179065   0.992768   0.908174   0.188326
0.739361   0.457122   0.342655   0.546630   0.140543   0.957590   0.957823   0.190906
0.963238   0.977674   0.459281   0.518742   0.943703   0.077995   0.939879   0.076558
0.520178   0.508282   0.519938   0.585895   0.185215   0.193641   0.998830   0.135833
0.299717   0.264213   0.620522   0.576220   0.103240   0.962791   0.108616   0.924779
0.513719   0.866380   0.471753   0.251674   0.125509   0.950104   0.914078   0.125877
0.662296   0.232901   0.209845   0.490732   0.140443   0.973635   0.956835   0.140762
0.332691   0.917929   0.204698   0.835178   0.916977   0.158352   0.193750   0.915907
0.668563   0.650115   0.244856   0.599664   0.190955   0.929004   0.922005   0.141221
0.994595   0.112248   0.380751   0.271961   0.968952   0.014162   0.909300   0.050361
0.902164   0.277649   0.384507   0.372207   0.963509   0.096927   0.911463   0.036913
0.125211   0.611211   0.907778   0.139281   0.907487   0.131769   0.980439   0.197948
0.086417   0.278699   0.203268   0.109834   0.167488   0.957778   0.158883   0.960356
0.602068   0.155126   0.796197   0.891871   0.140094   0.912585   0.052327   0.198428
0.960904   0.207567   0.279414   0.742507   0.929035   0.048980   0.995893   0.011551
0.121675   0.162587   0.590324   0.483519   0.174790   0.980003   0.157718   0.994523
0.750155   0.494501   0.104034   0.515890   0.189279   0.969137   0.951696   0.196867
0.133126   0.683737   0.600756   0.505734   0.913875   0.159531   0.945300   0.129340
0.546766   0.281678   0.972763   0.637144   0.994309   0.143515   0.060723   0.109984
0.225571   0.095111   0.480560   0.477022   0.181317   0.964359   0.143411   0.904609
0.180269   0.666296   0.678812   0.641096   0.934134   0.129714   0.953434   0.100281
0.952206   0.899837   0.516569   0.074702   0.919821   0.071466   0.925911   0.032913
0.444521   0.491076   0.452377   0.713228   0.103293   0.194330   0.981744   0.101432
0.940700   0.506396   0.511472   0.448416   0.980062   0.000199   0.956224   0.027103
0.411515   0.140986   0.590274   0.181871   0.932710   0.185492   0.976820   0.115749
0.994899   0.778627   0.741772   0.269075   0.907455   0.050166   0.980965   0.099141
0.480987   0.934964   0.260342   0.514405   0.176867   0.963094   0.111947   0.108755
0.505259   0.070535   0.401796   0.840586   0.989501   0.145529   0.190259   0.177398
0.601466   0.454169   0.350107   0.042887   0.181322   0.972140   0.983680   0.122486
0.113205   0.588479   0.271068   0.872221   0.950677   0.155428   0.947072   0.190937
0.291290   0.953814   0.693622   0.011435   0.953937   0.113873   0.912744   0.163055
0.806538   0.282728   0.134579   0.129949   0.102765   0.969125   0.992033   0.186305
0.557479   0.443583   0.043329   0.836787   0.110398   0.119702   0.962556   0.121488
0.414358   0.353012   0.276520   0.143446   0.142225   0.153561   0.954089   0.106635
0.057013   0.609649   0.035132   0.058097   0.106422   0.930656   0.130176   0.953333
0.796064   0.138307   0.756008   0.831202   0.158959   0.969696   0.987751   0.199839
0.287279   0.259996   0.773101   0.526640   0.192940   0.914978   0.155408   0.962437
0.286648   0.962585   0.292747   0.783358   0.992762   0.159567   0.943845   0.119896
0.940602   0.660606   0.918163   0.543671   0.965747   0.003454   0.900967   0.016376
0.336910   0.028816   0.866381   0.784568   0.045399   0.914079   0.125710   0.984854
0.780707   0.462098   0.224673   0.249743   0.186656   0.994204   0.940318   0.180755
0.476840   0.623583   0.872082   0.654029   0.198107   0.109090   0.990238   0.122610
0.435006   0.535405   0.328163   0.520908   0.143437   0.114617   0.927740   0.129797
0.938834   0.589767   0.818087   0.480904   0.944841   0.030498   0.992779   0.081938
0.360257   0.876908   0.774617   0.573259   0.160444   0.910079   0.069518   0.189123
0.751629   0.659480   0.217799   0.784197   0.974948   0.193061   0.153920   0.960218
0.573566   0.393587   0.858621   0.228353   0.101604   0.120216   0.922043   0.168699
0.008676   0.488662   0.408565   0.077892   0.198737   0.965277   0.101610   0.922568
0.238878   0.915831   0.259487   0.386336   0.920319   0.162613   0.932984   0.150367
0.436366   0.347456   0.910401   0.660971   0.112959   0.142135   0.960639   0.176242
0.502294   0.581999   0.285601   0.437433   0.114205   0.180097   0.946008   0.195870
0.114534   0.343161   0.276067   0.311333   0.122628   0.944474   0.177796   0.951195
0.260714   0.339955   0.267097   0.863878   0.175596   0.926409   0.127754   0.901049
0.212962   0.540727   0.799448   0.164958   0.925566   0.161737   0.961558   0.109789
0.702729   0.396152   0.818951   0.457092   0.199106   0.968064   0.906655   0.160623
0.548830   0.851625   0.826280   0.882030   0.188431   0.992415   0.052199   0.171935
0.904156   0.816422   0.725814   0.342034   0.952063   0.035958   0.966976   0.019374
0.592928   0.903331   0.860228   0.370332   0.144967   0.983535   0.150666   0.199723
0.614305   0.611925   0.814656   0.058478   0.112003   0.906545   0.033531   0.160531
0.553307   0.233501   0.054479   0.622836   0.075213   0.158749   0.959197   0.127635
0.720981   0.541085   0.136155   0.742319   0.136827   0.942862   0.949977   0.157763
0.019078   0.297529   0.112014   0.569949   0.174233   0.969183   0.163471   0.961131
0.563734   0.284654   0.521251   0.190698   0.910372   0.176581   0.968156   0.101106
0.097888   0.174817   0.662026   0.508922   0.140836   0.987295   0.136841   0.973022
0.503851   0.787660   0.652860   0.413097   0.163813   0.958830   0.095707   0.154711
0.125551   0.182092   0.890295   0.573096   0.178171   0.903225   0.121762   0.920608
0.700990   0.294210   0.500862   0.524393   0.133896   0.913112   0.982107   0.128501
0.430558   0.298624   0.180943   0.207776   0.920403   0.120306   0.921993   0.173846
0.115228   0.810192   0.692578   0.597820   0.941872   0.141478   0.959969   0.161053
0.126007   0.531925   0.477315   0.928597   0.905876   0.114027   0.928357   0.130617
0.704880   0.480118   0.913060   0.058979   0.147395   0.967479   0.948080   0.193325
0.097554   0.360893   0.590782   0.870866   0.131278   0.948654   0.117889   0.996824
0.671988   0.630573   0.937212   0.872223   0.154737   0.926901   0.034428   0.143279
0.548737   0.836300   0.786977   0.292024   0.178427   0.913802   0.078397   0.140739
0.655760   0.206844   0.423110   0.236005   0.111134   0.971279   0.907164   0.118131
0.907873   0.330577   0.142109   0.618599   0.949771   0.016083   0.986491   0.025154
0.641303   0.063965   0.201987   0.070946   0.906568   0.100109   0.185435   0.919462
0.383602   0.282128   0.196506   0.641393   0.949116   0.135622   0.970157   0.193475
0.902689   0.482571   0.779328   0.334407   0.984650   0.040490   0.912638   0.004984
0.829753   0.523783   0.239698   0.194726   0.127329   0.901605   0.952977   0.198316
0.871448   0.774931   0.915753   0.899825   0.940475   0.143688   0.168366   0.918211
0.213971   0.862944   0.871484   0.785066   0.918156   0.139079   0.996393   0.119529
0.614402   0.389570   0.939965   0.460999   0.107802   0.968082   0.058504   0.128571
0.169402   0.938677   0.281562   0.873676   0.918893   0.168259   0.976058   0.186724
0.464265   0.593332   0.682960   0.292501   0.175353   0.155540   0.951791   0.151710
0.056890   0.666021   0.257764   0.668144   0.152196   0.970282   0.125069   0.961615
0.224949   0.320366   0.351297   0.429088   0.172534   0.917628   0.100159   0.942670
0.441816   0.938518   0.055681   0.748043   0.191763   0.956540   0.174995   0.172727
0.226605   0.406751   0.623791   0.067113   0.927699   0.137697   0.915903   0.161526
0.831077   0.826878   0.130220   0.059977   0.921548   0.104084   0.130353   0.925084
0.705317   0.142798   0.897049   0.179633   0.144613   0.969111   0.919648   0.123967
0.686550   0.498508   0.276012   0.838338   0.195889   0.985450   0.943698   0.126269
0.849706   0.455135   0.147198   0.698187   0.101647   0.903153   0.963079   0.101951
0.489380   0.383929   0.426198   0.459136   0.114842   0.164981   0.901321   0.134590
0.339262   0.914569   0.119169   0.062567   0.978511   0.125490   0.101626   0.900115
0.824849   0.905217   0.238763   0.368134   0.911420   0.114455   0.146172   0.951869
0.827847   0.107173   0.759140   0.545958   0.141568   0.924062   0.967363   0.148699
0.907439   0.100319   0.853565   0.236935   0.902369   0.019610   0.973526   0.043478
0.975481   0.368630   0.609446   0.831825   0.905353   0.001020   0.976456   0.044471
0.605087   0.394560   0.676877   0.713424   0.164277   0.970698   0.092025   0.117621
0.766945   0.191915   0.789299   0.397973   0.160500   0.914352   0.931812   0.192739
0.649586   0.139855   0.546120   0.609700   0.155991   0.941945   0.967538   0.163769
0.544082   0.720738   0.217083   0.744393   0.194582   0.032202   0.954879   0.190587
0.566071   0.472054   0.567193   0.854303   0.197861   0.174625   0.930527   0.122400
0.709807   0.496600   0.554360   0.423963   0.171565   0.930712   0.960645   0.141534
0.011741   0.715553   0.557011   0.376239   0.141372   0.998346   0.145656   0.937743
0.729082   0.239577   0.813154   0.158403   0.199422   0.900952   0.992485   0.103788
0.903380   0.194572   0.019160   0.691334   0.985288   0.055077   0.916775   0.009069
0.162069   0.445377   0.116063   0.639418   0.974115   0.159891   0.900787   0.139980
0.798539   0.458035   0.847840   0.565452   0.108085   0.972789   0.963607   0.193356
0.168646   0.074468   0.268092   0.125934   0.171605   0.948808   0.125634   0.983283
0.760181   0.905880   0.079469   0.411543   0.918959   0.169483   0.107548   0.966652
0.485239   0.646113   0.410010   0.964454   0.179553   0.109516   0.946567   0.166153
0.545184   0.389428   0.904536   0.867884   0.141682   0.167045   0.910470   0.199459
0.567163   0.940699   0.908454   0.579162   0.101390   0.994283   0.127316   0.189409
0.292015   0.530475   0.256035   0.330440   0.932661   0.151520   0.906589   0.107558
0.273069   0.651884   0.109001   0.145785   0.989748   0.104057   0.945248   0.134130
0.764911   0.852610   0.327664   0.499178   0.956709   0.170628   0.196665   0.982732
0.149313   0.212751   0.833404   0.297877   0.177190   0.993220   0.136505   0.961730
0.491326   0.173731   0.414410   0.044031   0.941340   0.140478   0.933938   0.196541
0.885463   0.253565   0.918453   0.578303   0.196636   0.949789   0.969271   0.158115
0.504959   0.284275   0.119762   0.852063   0.080985   0.133822   0.954381   0.138043
0.262610   0.626471   0.153093   0.538542   0.913698   0.197075   0.976654   0.115304
0.489679   0.702556   0.320378   0.086620   0.108746   0.996253   0.906712   0.131213
0.094910   0.009359   0.618229   0.251483   0.106363   0.930611   0.186766   0.993127
0.912443   0.114436   0.710049   0.083743   0.915327   0.016720   0.980133   0.060008
0.684520   0.119575   0.903965   0.208849   0.119308   0.911768   0.010877   0.146740
0.705242   0.215813   0.701559   0.971552   0.191309   0.982067   0.979169   0.117772
0.127935   0.235461   0.419865   0.470196   0.193298   0.986634   0.112949   0.953874
0.248163   0.644834   0.748553   0.708049   0.964951   0.183624   0.928703   0.153586
0.440033   0.479783   0.522751   0.819477   0.119805   0.119036   0.991313   0.175300
0.566677   0.722799   0.052061   0.575413   0.106733   0.976485   0.983485   0.163595
0.829055   0.738148   0.125798   0.166983   0.996150   0.128853   0.191291   0.960285
0.748662   0.709027   0.104059   0.904693   0.971797   0.140144   0.150925   0.950606
0.925271   0.394501   0.709930   0.114730   0.920379   0.034936   0.944864   0.009753
0.869748   0.481345   0.799401   0.605832   0.104323   0.931039   0.953735   0.104410
0.340746   0.933120   0.103988   0.816738   0.918870   0.106892   0.120417   0.980160
0.291853   0.329544   0.306912   0.309424   0.192452   0.998218   0.159499   0.998119
0.388926   0.623923   0.707493   0.117263   0.920249   0.102696   0.012242   0.129140
0.100039   0.296598   0.183417   0.973989   0.169042   0.972159   0.172569   0.941522
0.347123   0.135032   0.127407   0.536850   0.960098   0.156613   0.966843   0.143589
0.281964   0.899093   0.312922   0.189056   0.966760   0.132801   0.961143   0.105594
0.846345   0.546912   0.260643   0.053669   0.182185   0.944502   0.990952   0.186013
0.722521   0.193215   0.068892   0.385713   0.157017   0.973583   0.958284   0.152032
0.748819   0.806232   0.079867   0.596033   0.980458   0.144803   0.144453   0.905508
0.542919   0.024424   0.745295   0.164576   0.998127   0.125659   0.141050   0.115253
0.267158   0.836805   0.750396   0.663502   0.940745   0.181433   0.986000   0.178389
0.889195   0.678647   0.769302   0.765270   0.906365   0.114884   0.132624   0.923848
0.079292   0.404878   0.220255   0.624386   0.156342   0.999645   0.173267   0.911189
0.941046   0.929762   0.390839   0.054705   0.952853   0.034490   0.973837   0.031079
0.879969   0.422163   0.667584   0.168857   0.152709   0.904927   0.927671   0.168393
0.255742   0.760154   0.700989   0.673649   0.950902   0.121718   0.919317   0.113164
0.248095   0.821000   0.084032   0.283098   0.958713   0.170272   0.914139   0.158662
0.935586   0.878107   0.754944   0.480924   0.943327   0.024765   0.918042   0.008654
0.435446   0.199029   0.769404   0.876896   0.976238   0.143164   0.088933   0.142077
0.393946   0.096898   0.085106   0.240846   0.084633   0.948686   0.178140   0.996823
0.474239   0.462906   0.757793   0.107364   0.107652   0.118796   0.957233   0.111598
0.545562   0.430907   0.914856   0.749701   0.179179   0.186975   0.951384   0.102757
0.584785   0.308557   0.072514   0.682523   0.175473   0.136727   0.945685   0.176694
0.831347   0.704326   0.549012   0.104234   0.991649   0.198367   0.157534   0.979897
0.357388   0.333644   0.937530   0.222454   0.929739   0.184300   0.016608   0.185659
0.166205   0.086909   0.348988   0.384633   0.104977   0.985533   0.125326   0.952360
0.320845   0.766176   0.524513   0.405137   0.180795   0.907079   0.907090   0.185802
0.084256   0.236775   0.177961   0.469184   0.132674   0.996949   0.142948   0.915584
0.575327   0.616724   0.848861   0.950885   0.113423   0.128602   0.927471   0.158529
0.712803   0.781640   0.264053   0.374287   0.977205   0.150351   0.152263   0.950247
0.154026   0.854258   0.466247   0.211003   0.961635   0.108450   0.952199   0.119098
0.796599   0.534299   0.251696   0.819640   0.130006   0.963601   0.912065   0.170044
0.338179   0.057472   0.682862   0.439880   0.096613   0.966027   0.170549   0.999402
0.538529   0.058463   0.537917   0.943734   0.928485   0.109569   0.146946   0.126492
0.904416   0.195638   0.234022   0.312691   0.917695   0.092889   0.944456   0.070667
0.193437   0.085018   0.231339   0.239755   0.144235   0.906135   0.173391   0.941323
0.189228   0.862210   0.153845   0.368820   0.929838   0.183380   0.921406   0.170822
0.189566   0.177844   0.811977   0.141400   0.123671   0.942747   0.147092   0.954950
0.282523   0.961645   0.868821   0.824022   0.938792   0.121202   0.973136   0.193667
0.037940   0.691972   0.186768   0.871422   0.128587   0.977294   0.179088   0.982374
0.806516   0.487752   0.194429   0.914942   0.168348   0.924935   0.922145   0.119258
0.084251   0.480084   0.718046   0.107669   0.178028   0.907090   0.175779   0.922091
0.268091   0.780420   0.492319   0.275747   0.970689   0.150447   0.929101   0.110011
0.363043   0.786768   0.111958   0.807210   0.123406   0.912057   0.988047   0.161724
0.119267   0.258596   0.840966   0.181190   0.194282   0.977512   0.119723   0.913913
0.561994   0.144491   0.813108   0.629124   0.902374   0.185228   0.073501   0.130648
0.624926   0.865043   0.413445   0.412187   0.993889   0.165655   0.925211   0.114484
0.158217   0.142192   0.543319   0.504838   0.160864   0.912621   0.164748   0.971377
0.490994   0.091667   0.801986   0.012853   0.954968   0.192929   0.131878   0.184526
0.746691   0.757380   0.455648   0.575778   0.932011   0.181307   0.183047   0.955198
0.433348   0.160737   0.028126   0.710153   0.046220   0.106627   0.981360   0.182107
0.335015   0.768767   0.518260   0.183074   0.146340   0.969975   0.962751   0.123515
0.286503   0.262421   0.383356   0.616670   0.183422   0.915190   0.147790   0.969007
0.533687   0.235924   0.348107   0.311386   0.919120   0.140145   0.923877   0.108817
0.259255   0.362073   0.590508   0.265540   0.109758   0.991329   0.193037   0.975503
0.372214   0.693297   0.298570   0.832609   0.934819   0.107693   0.935106   0.191782
0.699508   0.185232   0.678953   0.037286   0.158922   0.976457   0.055901   0.137097
0.582651   0.694534   0.949003   0.274505   0.116112   0.121567   0.995790   0.197362
0.262867   0.950549   0.301341   0.584966   0.945729   0.168497   0.943859   0.147619
0.767429   0.213212   0.699736   0.645175   0.108514   0.904846   0.970917   0.119927
0.280812   0.113451   0.137884   0.661321   0.152328   0.903900   0.191045   0.949538
0.851997   0.677469   0.892965   0.207473   0.930793   0.113179   0.190761   0.950119
0.658569   0.283239   0.280766   0.837595   0.158905   0.948655   0.900321   0.196256
0.651565   0.457165   0.706403   0.313748   0.105665   0.923067   0.052827   0.151872
0.640041   0.953651   0.514166   0.727946   0.056480   0.975835   0.127035   0.974127
0.172266   0.121199   0.891059   0.251084   0.163192   0.978610   0.154858   0.926182
0.469165   0.309671   0.567816   0.217752   0.103240   0.115681   0.987006   0.163548
0.317539   0.666849   0.483845   0.654082   0.969877   0.176221   0.990385   0.175195
0.352984   0.846059   0.221691   0.679146   0.163745   0.903021   0.932403   0.150384
0.361885   0.477345   0.348359   0.196977   0.990160   0.176375   0.905030   0.181524
0.267753   0.696773   0.748672   0.324667   0.963319   0.158151   0.955043   0.158769
0.616455   0.051171   0.217401   0.252572   0.907189   0.198808   0.168241   0.975438
0.392948   0.941398   0.563818   0.716003   0.979607   0.119185   0.129556   0.966963
0.381345   0.123179   0.155063   0.268075   0.901202   0.173416   0.934747   0.101500
0.620806   0.256034   0.787689   0.216155   0.177873   0.914895   0.044052   0.196818
0.637799   0.143276   0.815254   0.016393   0.101725   0.918497   0.076992   0.135548
0.342290   0.183988   0.713328   0.911124   0.970050   0.186841   0.062204   0.180527
0.304525   0.095010   0.517919   0.692822   0.016267   0.948861   0.102882   0.956537
0.195243   0.606620   0.199648   0.098004   0.925949   0.135277   0.980891   0.104403
0.824415   0.933965   0.737816   0.756817   0.951479   0.157225   0.119438   0.915040
0.220588   0.165279   0.304323   0.913437   0.147763   0.989871   0.103541   0.904868
0.212362   0.388071   0.478720   0.084431   0.166122   0.913270   0.195212   0.993767
0.256051   0.633439   0.487300   0.190058   0.956439   0.116156   0.962228   0.159040
0.414004   0.234118   0.441212   0.137527   0.977888   0.163920   0.905265   0.177912
0.541725   0.905734   0.220390   0.112020   0.163820   0.944337   0.106082   0.116780
0.905314   0.099614   0.443752   0.196270   0.921078   0.097274   0.986369   0.093377
0.561911   0.599884   0.292668   0.839833   0.159420   0.168449   0.906371   0.120923
0.460175   0.556712   0.249710   0.664486   0.152693   0.121639   0.956863   0.181610
0.035014   0.711438   0.057613   0.422813   0.113039   0.993421   0.186421   0.918434
0.548704   0.429458   0.860909   0.445334   0.152567   0.193257   0.962619   0.146973
0.681800   0.929054   0.708894   0.433122   0.004251   0.914755   0.122301   0.987882
0.612620   0.217176   0.204116   0.961563   0.195954   0.976690   0.977395   0.114818
0.406105   0.863167   0.949254   0.761289   0.113102   0.969209   0.061224   0.113212
0.855332   0.145664   0.476177   0.305467   0.139822   0.924450   0.948605   0.176603
0.342069   0.482047   0.602285   0.968678   0.913187   0.174638   0.067644   0.102034
0.863385   0.815050   0.683442   0.492937   0.960217   0.125655   0.110464   0.990041
0.063665   0.714536   0.220109   0.068757   0.136624   0.968660   0.194082   0.958096
0.332708   0.199662   0.072362   0.568325   0.931025   0.155879   0.938659   0.168292
0.162091   0.740958   0.387244   0.035474   0.922794   0.144277   0.978437   0.177574
0.426945   0.453855   0.047970   0.612862   0.127966   0.131118   0.956354   0.180156
0.955043   0.946691   0.379838   0.526002   0.928398   0.098551   0.902008   0.035692
0.534951   0.398529   0.912329   0.178851   0.161992   0.189495   0.988367   0.180556
0.700145   0.873298   0.737447   0.146840   0.937345   0.190460   0.160463   0.986303
0.584919   0.559638   0.184308   0.173955   0.123038   0.197354   0.923107   0.183864
0.545207   0.915342   0.901572   0.753249   0.161641   0.908637   0.158680   0.136588
0.378901   0.581590   0.430339   0.748833   0.954944   0.130309   0.959520   0.175773
0.684725   0.529607   0.627801   0.733736   0.160675   0.906760   0.096868   0.185677
0.711232   0.819626   0.285641   0.744922   0.994274   0.117881   0.117091   0.983438
0.782221   0.693665   0.672639   0.498044   0.904064   0.166111   0.187219   0.965932
0.312354   0.690646   0.121909   0.214311   0.996024   0.177123   0.989022   0.168539
0.057439   0.741940   0.499378   0.127627   0.189763   0.902202   0.164384   0.932107
0.744840   0.650887   0.638745   0.339668   0.942063   0.148918   0.120219   0.949514
0.252792   0.632260   0.537572   0.386759   0.912032   0.159653   0.901148   0.106430
0.845439   0.359376   0.393630   0.002056   0.123685   0.934085   0.963432   0.141006
0.493048   0.406778   0.042399   0.097511   0.199705   0.165580   0.901308   0.129673
0.235210   0.323834   0.497436   0.759320   0.128865   0.950904   0.171474   0.939926
0.850170   0.210434   0.383155   0.903171   0.183860   0.949268   0.956097   0.117458
0.841777   0.468404   0.288180   0.299546   0.162758   0.963465   0.909045   0.188331
0.352798   0.473913   0.101460   0.477076   0.975061   0.107546   0.950194   0.190461
0.713292   0.362351   0.677536   0.803240   0.156732   0.912864   0.988330   0.172628
0.662606   0.471051   0.208065   0.083535   0.160887   0.988879   0.990300   0.128283
0.970825   0.248003   0.583405   0.783490   0.903729   0.023190   0.917972   0.096694
0.618475   0.228549   0.864487   0.555043   0.179723   0.941588   0.084439   0.152061
0.790644   0.208040   0.877383   0.603029   0.188058   0.927954   0.974051   0.189377
0.227706   0.576762   0.318439   0.528459   0.913358   0.179623   0.932702   0.154527
0.575877   0.719446   0.690969   0.526319   0.162692   0.905994   0.099935   0.119704
0.479703   0.861397   0.184695   0.789901   0.131486   0.062947   0.989807   0.131795
0.313181   0.831042   0.546893   0.419135   0.154828   0.964825   0.994914   0.136140
0.797782   0.702471   0.020052   0.351629   0.955849   0.114357   0.157717   0.923761
0.374322   0.253518   0.621327   0.274138   0.945029   0.109169   0.085087   0.168073
0.790877   0.140418   0.907968   0.924345   0.100694   0.966311   0.945893   0.106301
0.221043   0.941890   0.682339   0.867030   0.945575   0.133609   0.973980   0.163174
0.694695   0.107701   0.070402   0.105707   0.133848   0.935643   0.944914   0.174328
0.482208   0.755243   0.475798   0.872586   0.175361   0.048675   0.975588   0.135241
0.272184   0.055134   0.752861   0.573067   0.162650   0.963000   0.109226   0.998963
0.234209   0.827534   0.642764   0.160457   0.930614   0.175329   0.997344   0.139626
0.368778   0.380763   0.310622   0.100046   0.962777   0.172404   0.908668   0.111703
0.602825   0.675890   0.863672   0.028850   0.155419   0.989266   0.014655   0.192266
0.729119   0.659267   0.055779   0.379896   0.992843   0.133926   0.198969   0.966836
0.727792   0.303493   0.367761   0.647513   0.123545   0.985265   0.912027   0.190179
0.792000   0.815990   0.334078   0.823640   0.953466   0.112628   0.129771   0.998554
0.810446   0.138841   0.466896   0.558188   0.168119   0.973067   0.982701   0.195169
0.443153   0.744545   0.660846   0.212659   0.192469   0.985421   0.009470   0.147309
0.870244   0.704445   0.539639   0.448267   0.961575   0.149979   0.178061   0.937061
0.402454   0.427231   0.013026   0.426384   0.146503   0.168726   0.947352   0.131688
0.672897   0.725249   0.491041   0.349394   0.968949   0.131196   0.911570   0.113937
0.467264   0.428843   0.174095   0.233890   0.183075   0.192332   0.988749   0.130257
0.592019   0.825607   0.444173   0.779866   0.146832   0.024063   0.990138   0.189795
0.534960   0.290884   0.259554   0.272693   0.994277   0.169669   0.921387   0.171107
0.736855   0.575648   0.208365   0.327507   0.133483   0.996219   0.918270   0.117398
0.827353   0.300103   0.312063   0.069149   0.137725   0.908319   0.923118   0.179817
0.683692   0.434203   0.708503   0.907747   0.175949   0.991796   0.004313   0.183929
0.851202   0.774786   0.808549   0.657702   0.981153   0.156109   0.141449   0.923270
0.076835   0.266566   0.004069   0.464750   0.128628   0.916181   0.135621   0.971398
0.164321   0.127989   0.272505   0.536904   0.105223   0.938639   0.157188   0.964618
0.610292   0.169078   0.360765   0.482413   0.130340   0.980232   0.933561   0.186136
0.222141   0.255789   0.740939   0.125720   0.183489   0.937107   0.157491   0.946170
0.362531   0.252782   0.248007   0.641165   0.922423   0.118128   0.935530   0.129341
0.411480   0.369272   0.809993   0.826169   0.173966   0.165705   0.961888   0.184422
0.181258   0.485032   0.209610   0.488171   0.933860   0.111829   0.975198   0.150988
0.757932   0.759546   0.381847   0.837618   0.944010   0.191117   0.191586   0.925515
0.552980   0.760009   0.457154   0.891096   0.155977   0.027158   0.952671   0.118690
0.841719   0.468801   0.468011   0.982454   0.160405   0.983506   0.951146   0.134189
0.195873   0.036464   0.668532   0.269576   0.108431   0.954466   0.194705   0.953617
0.801342   0.344943   0.522405   0.234746   0.197780   0.974179   0.904141   0.160186
0.665962   0.932415   0.675499   0.950901   0.094274   0.958491   0.133639   0.996260
0.274894   0.524523   0.027318   0.883275   0.950973   0.194705   0.923134   0.152382
0.097757   0.639181   0.941963   0.815890   0.160147   0.903520   0.185385   0.916769
0.457557   0.834121   0.801104   0.254486   0.134540   0.902063   0.049944   0.123818
0.735400   0.028313   0.417847   0.909011   0.129972   0.996603   0.912273   0.167479
0.421306   0.711836   0.067811   0.647065   0.191297   0.084546   0.988725   0.152622
0.104413   0.479460   0.907648   0.356491   0.939010   0.152068   0.927539   0.163010
0.091422   0.703352   0.805213   0.031511   0.143619   0.926174   0.137109   0.988907
0.814557   0.728722   0.099817   0.029744   0.994714   0.105173   0.158185   0.978890
0.566635   0.210886   0.359045   0.945524   0.061205   0.185639   0.938016   0.162508
0.620417   0.901223   0.929613   0.416034   0.009481   0.912648   0.125945   0.979555
0.425375   0.278428   0.335098   0.580340   0.043413   0.144316   0.963060   0.128734
0.103757   0.379876   0.662121   0.724331   0.137322   0.979638   0.117094   0.933835
0.657856   0.576300   0.819031   0.059651   0.135529   0.909508   0.037097   0.135984
0.537969   0.174330   0.089913   0.681522   0.086981   0.101626   0.942550   0.119993
0.186286   0.595999   0.566923   0.773412   0.992937   0.197267   0.954180   0.191393
0.271341   0.892185   0.065181   0.153260   0.914902   0.174351   0.997424   0.182437
0.385977   0.747621   0.220337   0.403449   0.164051   0.910841   0.986092   0.169790
0.467787   0.566146   0.952630   0.324722   0.150976   0.178271   0.906279   0.142968
0.237841   0.358132   0.651542   0.125004   0.184951   0.906343   0.146461   0.905872
0.314477   0.346079   0.509228   0.092458   0.968638   0.125819   0.991267   0.163106
0.206760   0.764686   0.061298   0.888973   0.953146   0.158615   0.917305   0.140818
0.990943   0.739185   0.694561   0.088337   0.995337   0.045128   0.968789   0.019708
0.918114   0.764550   0.147681   0.509378   0.938713   0.052599   0.986270   0.011481
0.880356   0.507854   0.362361   0.799476   0.135541   0.932705   0.900699   0.106231
0.243260   0.032813   0.566942   0.257381   0.173868   0.903445   0.146949   0.970947
0.811164   0.519768   0.639459   0.339833   0.163177   0.998837   0.997253   0.176274
0.153135   0.732551   0.210693   0.692495   0.987682   0.156633   0.905006   0.161974
0.670370   0.909777   0.739505   0.842954   0.082630   0.994498   0.148507   0.993371
0.648230   0.415340   0.965520   0.658382   0.144820   0.977160   0.079968   0.177936
0.709364   0.519380   0.244084   0.681624   0.177508   0.997162   0.942625   0.182096
0.221458   0.564347   0.359134   0.064774   0.987627   0.115471   0.929407   0.172854
0.760848   0.600829   0.417132   0.103028   0.959518   0.183047   0.176169   0.914304
0.913753   0.864117   0.838533   0.395717   0.915687   0.074905   0.905950   0.083963
0.411093   0.279741   0.553301   0.621560   0.023629   0.163441   0.985401   0.172922
0.224076   0.033886   0.705346   0.778809   0.164578   0.926104   0.103473   0.929168
0.231624   0.587514   0.599660   0.699059   0.987841   0.188999   0.902624   0.120946
0.540996   0.644871   0.302633   0.255059   0.111299   0.192059   0.955940   0.144585
0.115871   0.290604   0.560446   0.033462   0.191358   0.910356   0.119119   0.959359
0.838102   0.680539   0.195397   0.187377   0.974625   0.106129   0.197642   0.937209
0.105472   0.202823   0.460142   0.767294   0.104489   0.934315   0.170770   0.933149
0.364802   0.439289   0.129709   0.678674   0.936852   0.185322   0.903930   0.127421
0.479457   0.894498   0.202166   0.305418   0.153431   0.903425   0.953126   0.142700
0.803497   0.211614   0.840201   0.390118   0.109289   0.977589   0.918760   0.101492
0.947856   0.873162   0.365873   0.190680   0.932597   0.030341   0.996230   0.010370
0.957528   0.263773   0.717100   0.691233   0.905310   0.044376   0.992217   0.091954
0.794231   0.356194   0.836228   0.179178   0.195101   0.987327   0.973357   0.176064
0.384130   0.375866   0.289101   0.220576   0.945927   0.112852   0.920371   0.142390
0.113108   0.087442   0.624868   0.244613   0.134808   0.983084   0.198399   0.971214
0.104907   0.050314   0.411972   0.369953   0.174916   0.923656   0.173906   0.950193
0.780024   0.772567   0.524815   0.355186   0.959417   0.130300   0.122251   0.988354
0.805216   0.524949   0.909322   0.645585   0.111679   0.902070   0.939788   0.162004
0.136913   0.053022   0.397926   0.420276   0.178084   0.994394   0.143283   0.901466
0.294751   0.403358   0.336621   0.589006   0.956223   0.110896   0.984164   0.158397
0.307121   0.612264   0.364529   0.135763   0.926125   0.110904   0.940991   0.131789
0.928853   0.571210   0.661776   0.899437   0.998765   0.064180   0.920868   0.037129
0.865221   0.950268   0.503433   0.346630   0.983096   0.153722   0.158677   0.937207
0.485789   0.665562   0.645745   0.133898   0.134830   0.182275   0.948453   0.140271
0.628238   0.737332   0.388817   0.918385   0.959513   0.170394   0.964915   0.157703
0.618118   0.869780   0.261183   0.432255   0.973614   0.139551   0.929852   0.144994
0.198753   0.709488   0.423594   0.206248   0.911531   0.164934   0.933165   0.168712
0.572241   0.947927   0.556141   0.677876   0.169510   0.991770   0.162324   0.133128
0.559056   0.398097   0.299864   0.769585   0.106602   0.180564   0.993957   0.128553
0.404014   0.119119   0.899988   0.497152   0.967671   0.127080   0.037314   0.114074
0.513483   0.586430   0.227563   0.660103   0.124444   0.199427   0.904589   0.105981
0.616846   0.271306   0.241005   0.721109   0.154377   0.910171   0.927516   0.165675
0.309596   0.204709   0.244595   0.859382   0.946647   0.135433   0.978311   0.112028
0.398730   0.011525   0.700348   0.298903   0.097070   0.971244   0.194028   0.983762
0.114692   0.317850   0.572391   0.946224   0.122116   0.961753   0.101855   0.927824
0.473572   0.694763   0.267740   0.163350   0.130957   0.155870   0.960459   0.133133
0.014993   0.427875   0.781917   0.871901   0.137059   0.915760   0.105823   0.964122
0.341594   0.507060   0.287639   0.825499   0.970403   0.163430   0.924717   0.153453
0.894393   0.762628   0.134899   0.190972   0.979885   0.128732   0.108764   0.933063
0.939594   0.288749   0.178981   0.646274   0.967211   0.006477   0.956019   0.077416
0.417190   0.794576   0.694163   0.286184   0.100675   0.910437   0.034802   0.185590
0.672971   0.175535   0.250582   0.097746   0.123157   0.943681   0.912691   0.187096
0.982963   0.360406   0.547318   0.105201   0.929869   0.022797   0.914678   0.002584
0.861962   0.546056   0.747416   0.698623   0.100794   0.933916   0.939003   0.172575
0.478504   0.180746   0.690935   0.317904   0.914700   0.132940   0.080741   0.175077
0.332508   0.303175   0.397039   0.154925   0.912134   0.143284   0.965162   0.148148
0.333702   0.080376   0.152709   0.653258   0.093366   0.992944   0.192614   0.920704
0.782147   0.774717   0.763211   0.858438   0.932254   0.112665   0.196788   0.917548
0.586209   0.331639   0.435136   0.107116   0.189784   0.198603   0.974111   0.137694
0.367965   0.753534   0.459130   0.888808   0.160295   0.969369   0.938721   0.125583
0.751038   0.289797   0.421357   0.857047   0.128371   0.978683   0.983087   0.131917
0.131841   0.661571   0.479878   0.293175   0.941808   0.176942   0.945591   0.101030
0.223593   0.158040   0.390201   0.716757   0.176495   0.905210   0.177532   0.924071
0.308457   0.925464   0.252268   0.452805   0.922576   0.165967   0.178396   0.913847
0.393223   0.221894   0.459998   0.343872   0.997102   0.106101   0.982088   0.194722
0.549598   0.534302   0.231397   0.721460   0.143037   0.178304   0.900320   0.146009
0.794307   0.794742   0.288638   0.094269   0.979645   0.174100   0.135110   0.908983
0.193270   0.715565   0.852877   0.379168   0.977425   0.138405   0.967340   0.107977
0.579868   0.622830   0.810183   0.912752   0.167606   0.156599   0.965931   0.140462
0.318290   0.060153   0.701037   0.684642   0.010583   0.991035   0.151971   0.949403
0.449338   0.191698   0.422206   0.860312   0.045633   0.109296   0.958884   0.192045
0.179640   0.227681   0.136508   0.520840   0.108340   0.974317   0.189919   0.940595
0.550250   0.336870   0.329104   0.240446   0.193720   0.147387   0.967970   0.145164
0.070653   0.511706   0.765784   0.869150   0.141484   0.982345   0.103739   0.978271
0.449643   0.883949   0.249544   0.662144   0.111893   0.051702   0.925473   0.185284
0.715194   0.271133   0.808919   0.290127   0.141820   0.998237   0.975230   0.164384
0.327008   0.835539   0.630212   0.073693   0.119275   0.939829   0.008691   0.198648
0.120571   0.610910   0.439067   0.303523   0.918514   0.135988   0.984243   0.144414
0.482289   0.514737   0.877412   0.186566   0.193230   0.159254   0.994183   0.159735
0.155979   0.478891   0.465104   0.126164   0.913090   0.136444   0.928195   0.143040
0.166662   0.333543   0.786245   0.680956   0.104107   0.933308   0.137829   0.926602
0.336987   0.709879   0.057207   0.169225   0.185231   0.933364   0.955157   0.119334
0.252492   0.492434   0.597258   0.552518   0.913232   0.101138   0.936004   0.163634
0.614195   0.779811   0.241487   0.152399   0.917441   0.183847   0.917305   0.104533
0.691769   0.514610   0.661741   0.041923   0.115902   0.915617   0.088804   0.160069
0.275214   0.036966   0.823825   0.615310   0.131499   0.919430   0.113394   0.969039
0.257806   0.307080   0.535202   0.575510   0.192908   0.943878   0.149899   0.984895
0.203922   0.571970   0.914724   0.654698   0.979836   0.103151   0.945610   0.132060
0.603010   0.304247   0.673542   0.528728   0.167661   0.914842   0.059637   0.133366
0.554157   0.638327   0.364883   0.757626   0.143648   0.189922   0.949724   0.105115
0.387007   0.567359   0.797758   0.623941   0.978244   0.192485   0.041587   0.176351
0.691574   0.725123   0.575291   0.919023   0.900439   0.196532   0.979086   0.185325
0.625529   0.190923   0.906913   0.201415   0.174861   0.951784   0.008461   0.194941
0.216766   0.682721   0.225928   0.809463   0.979767   0.106315   0.908180   0.153656
0.303560   0.473931   0.391077   0.840013   0.933853   0.195964   0.958389   0.110147
0.403562   0.105454   0.460848   0.297524   0.905148   0.110676   0.943684   0.108383
0.522461   0.932054   0.847924   0.737343   0.191005   0.966193   0.193854   0.116507
0.154013   0.614052   0.353237   0.843074   0.961837   0.129620   0.942308   0.127485
0.599485   0.347724   0.060734   0.165214   0.117835   0.174911   0.969172   0.169757
0.433144   0.809349   0.572704   0.814423   0.156960   0.040429   0.924680   0.157623
0.317125   0.731375   0.064832   0.835150   0.107042   0.957478   0.956708   0.128945
0.494023   0.767526   0.763348   0.634477   0.172599   0.908463   0.056190   0.145341
0.847151   0.100400   0.415471   0.912076   0.141863   0.984735   0.968743   0.137821
0.384689   0.879154   0.607562   0.331229   0.140375   0.951402   0.022915   0.123405
0.244309   0.107657   0.614716   0.579350   0.169044   0.948472   0.117058   0.908075
0.230777   0.476022   0.486295   0.613042   0.904574   0.160886   0.985360   0.193864
0.229786   0.056876   0.384732   0.899474   0.161423   0.959413   0.180672   0.929824
0.596601   0.089060   0.540873   0.277825   0.968159   0.107598   0.181389   0.151342
0.836103   0.821339   0.591606   0.476419   0.930970   0.192855   0.149560   0.931562
0.271813   0.390625   0.908390   0.459904   0.141237   0.913517   0.168793   0.966913
0.091502   0.729366   0.533778   0.164936   0.131188   0.924439   0.146095   0.911929
0.584069   0.384116   0.337224   0.257629   0.101831   0.106543   0.952696   0.144780
0.963926   0.605962   0.593821   0.525846   0.917151   0.077758   0.972306   0.064558
0.951895   0.196116   0.413255   0.783374   0.907684   0.044518   0.991586   0.067351
0.191559   0.303127   0.462011   0.665252   0.108532   0.907675   0.144237   0.975614
0.622614   0.928401   0.784652   0.374860   0.014742   0.973920   0.114061   0.986317
0.151059   0.391206   0.616644   0.206465   0.123963   0.928559   0.183352   0.926007
0.195237   0.277729   0.294448   0.879239   0.113706   0.904098   0.113142   0.903244
0.181807   0.669216   0.873700   0.652472   0.950399   0.124621   0.958252   0.147468
0.845629   0.158604   0.483951   0.366728   0.199041   0.971344   0.926282   0.134397
0.705641   0.896082   0.645089   0.310568   0.914312   0.127795   0.104377   0.975279
0.860922   0.283887   0.463133   0.160382   0.186938   0.972452   0.961342   0.125787
0.689035   0.468171   0.314702   0.158602   0.123750   0.999294   0.940863   0.199984
0.910715   0.297908   0.909132   0.475118   0.949443   0.089756   0.917671   0.086410
0.342196   0.635485   0.185082   0.487983   0.931473   0.147080   0.970066   0.188102
0.091969   0.617000   0.210410   0.255201   0.109121   0.909375   0.143177   0.962109
0.423067   0.235509   0.748779   0.221770   0.900239   0.135880   0.097453   0.105388
0.671237   0.637571   0.372566   0.886000   0.165401   0.994969   0.902440   0.173526
0.690341   0.029762   0.378981   0.930767   0.950088   0.197631   0.147638   0.978367
0.139343   0.532745   0.376385   0.857890   0.906273   0.178671   0.993652   0.193946
0.692669   0.635831   0.352287   0.532305   0.184806   0.985433   0.961598   0.108490
0.170586   0.568666   0.854630   0.330600   0.921296   0.158731   0.960744   0.174641
0.107588   0.754606   0.304998   0.477869   0.956510   0.148503   0.989015   0.128822
0.918594   0.703778   0.694224   0.274780   0.978760   0.093388   0.976905   0.006931
0.655072   0.494050   0.945207   0.268375   0.197193   0.984249   0.056525   0.173453
0.450518   0.796730   0.039118   0.501277   0.105807   0.961259   0.959983   0.105488
0.136166   0.379048   0.470241   0.892922   0.153160   0.948536   0.104886   0.952636
0.087872   0.398750   0.932494   0.728253   0.174073   0.942087   0.173731   0.982571
0.260896   0.829923   0.872155   0.668220   0.913780   0.145061   0.957910   0.113405
0.611197   0.775693   0.380218   0.398754   0.930854   0.197260   0.956834   0.133466
0.690640   0.745281   0.636995   0.123833   0.986080   0.194822   0.075295   0.114676
0.565966   0.241051   0.943708   0.906117   0.965602   0.109759   0.053036   0.185500
0.514044   0.864957   0.529371   0.548546   0.104412   0.923156   0.990720   0.168636
0.474484   0.517883   0.439699   0.824076   0.108713   0.188043   0.929238   0.199296
0.901585   0.171399   0.685821   0.458107   0.990292   0.047920   0.947178   0.098485
0.167798   0.480808   0.113091   0.440491   0.993405   0.158581   0.964235   0.189351
0.210299   0.475926   0.149891   0.393712   0.989991   0.107083   0.965394   0.170937
0.081548   0.603195   0.357570   0.896063   0.170983   0.953890   0.131644   0.952682
0.702351   0.739037   0.725508   0.623200   0.933629   0.138912   0.130039   0.975920
0.581824   0.309289   0.795764   0.177938   0.125001   0.134131   0.938179   0.175220
0.638962   0.376279   0.890912   0.754353   0.131093   0.993031   0.073259   0.177363
0.858649   0.783728   0.258048   0.958920   0.922643   0.172339   0.153285   0.962312
0.832471   0.272860   0.666609   0.705506   0.164535   0.957313   0.944773   0.112677
0.789717   0.515242   0.776012   0.859090   0.143702   0.994284   0.979524   0.107002
0.600935   0.590020   0.459437   0.397467   0.194960   0.936817   0.998092   0.107487
0.847281   0.757875   0.848552   0.317854   0.984096   0.177106   0.164471   0.940207
0.856419   0.920042   0.278188   0.729436   0.945139   0.150936   0.170538   0.965534
0.440131   0.847070   0.586587   0.415166   0.128321   0.951708   0.932786   0.153970
0.481157   0.405599   0.270470   0.799366   0.157855   0.157455   0.935668   0.133737
0.274676   0.373489   0.708677   0.063627   0.163651   0.967814   0.142003   0.925663
0.140832   0.395354   0.365279   0.877942   0.139492   0.909385   0.114563   0.987384
0.428858   0.461544   0.496359   0.822798   0.147435   0.194092   0.927640   0.122269
0.031827   0.551747   0.109086   0.471582   0.178751   0.960018   0.138997   0.980069
0.611618   0.845786   0.830784   0.795097   0.908872   0.154486   0.068216   0.102575
0.918188   0.496242   0.890317   0.408469   0.969361   0.021141   0.924365   0.016599
0.364849   0.482116   0.227193   0.176888   0.995201   0.134101   0.928153   0.107016
0.167553   0.304399   0.690674   0.036041   0.116458   0.960452   0.197454   0.918387
0.597276   0.055466   0.323562   0.862647   0.914578   0.104777   0.127603   0.116295
0.477202   0.250502   0.050435   0.456849   0.095058   0.175237   0.915963   0.181735
0.877205   0.088928   0.037604   0.620910   0.161814   0.909520   0.947905   0.184991
0.012975   0.082176   0.489183   0.251848   0.102517   0.976586   0.191448   0.990897
0.853734   0.120445   0.620941   0.162520   0.196578   0.904034   0.997559   0.170620
0.807578   0.280725   0.213501   0.745252   0.166605   0.912345   0.951638   0.141371
0.060753   0.665481   0.379175   0.399890   0.147233   0.954270   0.148232   0.991772
0.356478   0.256457   0.132143   0.145526   0.968967   0.117136   0.924238   0.151709
0.619474   0.524455   0.301780   0.392889   0.132796   0.926696   0.966285   0.156382
0.332381   0.754290   0.816880   0.677750   0.154733   0.991333   0.053893   0.131819
0.615409   0.821632   0.491749   0.151818   0.914819   0.137008   0.943800   0.128396
0.583798   0.435051   0.181346   0.820610   0.173630   0.121750   0.988080   0.157535
0.214397   0.935572   0.610539   0.102010   0.922806   0.192393   0.991268   0.132304
0.466012   0.706177   0.111316   0.442630   0.195529   0.970833   0.933413   0.100807
0.689025   0.609887   0.416622   0.248172   0.121124   0.935567   0.926350   0.116364
0.627398   0.123567   0.409807   0.604511   0.166810   0.905366   0.903241   0.101769
0.387165   0.753771   0.949419   0.818770   0.118991   0.959786   0.055237   0.128283
0.144201   0.628996   0.748769   0.948156   0.983137   0.127806   0.981012   0.174839
0.173797   0.189752   0.268738   0.265025   0.169206   0.945549   0.136071   0.975435
0.521367   0.141649   0.732488   0.481390   0.927859   0.127317   0.092242   0.137665
0.761338   0.823098   0.228200   0.368256   0.907821   0.114252   0.142938   0.956345
0.501174   0.163105   0.405225   0.101604   0.963530   0.190020   0.941268   0.112176
0.798074   0.794699   0.555066   0.902376   0.968811   0.118783   0.185307   0.928569
0.132423   0.568433   0.176960   0.749194   0.971335   0.151472   0.981323   0.167463
0.491801   0.527707   0.314808   0.214080   0.139536   0.179036   0.912678   0.115131
0.713525   0.071596   0.820283   0.390073   0.134512   0.939894   0.952267   0.159776
0.563457   0.483566   0.572754   0.528651   0.198920   0.164105   0.958423   0.192758
0.303462   0.857691   0.040661   0.903939   0.101703   0.986158   0.927005   0.106040
0.319384   0.408119   0.501335   0.220258   0.993717   0.177633   0.972398   0.197978
0.664820   0.775417   0.147063   0.754096   0.938461   0.151564   0.989246   0.111682
0.390882   0.906535   0.559637   0.873666   0.910546   0.127477   0.157111   0.984035
0.358679   0.910123   0.285110   0.683298   0.919623   0.165838   0.194981   0.950235
0.696440   0.539085   0.703710   0.836540   0.169846   0.987390   0.084230   0.130810
0.275290   0.313737   0.640451   0.154617   0.106043   0.915376   0.191740   0.958493
0.594437   0.448987   0.827124   0.071775   0.132641   0.198196   0.942523   0.153104
0.856334   0.634801   0.692138   0.475196   0.951931   0.187607   0.165169   0.905225
0.297508   0.635850   0.107550   0.127825   0.940825   0.137529   0.971425   0.170746
0.558203   0.492751   0.610889   0.457386   0.160397   0.138735   0.984943   0.193188
0.141169   0.088738   0.268593   0.208897   0.175854   0.912484   0.177603   0.987418
0.188870   0.210397   0.407030   0.732636   0.180901   0.957162   0.142195   0.969286
0.598732   0.604395   0.182258   0.057880   0.117340   0.135181   0.940874   0.100694
0.300364   0.723335   0.072176   0.594333   0.114007   0.956947   0.919030   0.193630
0.302465   0.475293   0.119768   0.343088   0.900183   0.121651   0.993905   0.150384
0.348444   0.910445   0.425905   0.863136   0.954628   0.176196   0.139485   0.942647
0.146523   0.100586   0.718172   0.349278   0.108117   0.986722   0.103612   0.946678
0.707987   0.574759   0.804365   0.517915   0.144490   0.940001   0.908283   0.157160
0.897863   0.493729   0.108815   0.874549   0.195798   0.991263   0.919481   0.199910
0.858932   0.881754   0.466146   0.696955   0.942317   0.195343   0.182994   0.964944
0.467021   0.895188   0.417368   0.087747   0.129869   0.907829   0.957845   0.190990
0.166751   0.445253   0.408065   0.240292   0.918680   0.118215   0.984275   0.195559
0.467680   0.114348   0.311315   0.467036   0.044177   0.185550   0.971887   0.187770
0.793392   0.933768   0.929896   0.819315   0.947667   0.195142   0.154627   0.984847
0.475848   0.456386   0.379155   0.467082   0.151465   0.154681   0.980840   0.194425
0.959824   0.843120   0.114830   0.354335   0.955819   0.089813   0.903013   0.043030
0.707450   0.417433   0.448077   0.029412   0.145946   0.955190   0.912645   0.198019
0.861528   0.183771   0.494090   0.195081   0.105396   0.918354   0.901542   0.150267
0.717736   0.684290   0.818697   0.737773   0.920684   0.145726   0.137234   0.932918
0.557233   0.608115   0.304876   0.493852   0.198941   0.157694   0.982095   0.147794
0.829962   0.731215   0.485281   0.688665   0.933302   0.108500   0.132364   0.989322
0.788085   0.457538   0.206537   0.367481   0.131160   0.977042   0.916454   0.152233
0.480089   0.548790   0.699700   0.292798   0.178632   0.143791   0.943093   0.135112
0.009591   0.659381   0.613162   0.468665   0.173773   0.932588   0.141821   0.925908
0.586153   0.547111   0.904847   0.368944   0.122209   0.158472   0.955094   0.101415
0.501090   0.817702   0.297034   0.339304   0.126037   0.953545   0.925080   0.146197
0.864950   0.777304   0.515754   0.707682   0.928117   0.197383   0.169217   0.914705
0.403453   0.268382   0.795957   0.743999   0.949679   0.124997   0.016946   0.141980
0.703218   0.089572   0.896718   0.047431   0.144000   0.953986   0.989535   0.100612
0.901750   0.201432   0.551821   0.809282   0.999240   0.064559   0.944172   0.014648
0.431495   0.465255   0.299025   0.346752   0.178598   0.193879   0.906703   0.137974
0.113775   0.447173   0.815888   0.879097   0.978815   0.110345   0.972460   0.191723
0.664195   0.218175   0.369807   0.584640   0.196664   0.926518   0.920634   0.109412
0.243129   0.317909   0.109358   0.519834   0.128662   0.952326   0.151857   0.979954
0.238705   0.296467   0.055148   0.166750   0.126303   0.902691   0.189760   0.907680
0.340222   0.800773   0.877033   0.243477   0.182386   0.959917   0.045735   0.197502
0.287319   0.860419   0.776160   0.081396   0.927378   0.111692   0.909303   0.140749
0.952368   0.730341   0.933250   0.394265   0.911452   0.074277   0.925533   0.026856
0.561330   0.229123   0.097194   0.456283   0.044908   0.155691   0.959027   0.125604
0.083512   0.860145   0.695446   0.230571   0.146485   0.911572   0.168061   0.901571
0.222057   0.772603   0.691368   0.789947   0.999059   0.198509   0.908564   0.139700
0.352357   0.262314   0.015839   0.728618   0.971749   0.125618   0.998022   0.180733
0.149721   0.431005   0.810524   0.351391   0.965497   0.107080   0.956516   0.157983
0.595084   0.561635   0.150117   0.063506   0.140177   0.128517   0.937720   0.151980
0.870976   0.632113   0.644520   0.610883   0.960236   0.135850   0.123646   0.947349
0.345507   0.785913   0.760548   0.816344   0.167717   0.964018   0.029116   0.189782
0.010666   0.561971   0.687756   0.925625   0.175141   0.956278   0.137620   0.971401
0.465832   0.621906   0.399485   0.235192   0.116738   0.108225   0.951482   0.155311
0.078781   0.350047   0.346187   0.160359   0.194999   0.961401   0.180395   0.913620
0.085058   0.360876   0.847581   0.768212   0.112154   0.929757   0.168100   0.964843
0.695603   0.168339   0.904412   0.142801   0.139159   0.909556   0.027022   0.115407
0.686174   0.707678   0.048217   0.798206   0.929174   0.191894   0.915478   0.186497
0.616572   0.352267   0.268648   0.668029   0.157033   0.900752   0.993300   0.175122
0.224848   0.184003   0.952925   0.049213   0.191621   0.979111   0.117576   0.973855
0.660936   0.539883   0.819531   0.362414   0.163468   0.906734   0.088685   0.155836
0.370167   0.161385   0.416157   0.924326   0.965431   0.135597   0.915076   0.122229
0.501804   0.713031   0.746788   0.947612   0.119889   0.969531   0.095764   0.159859
0.935536   0.724950   0.045235   0.415936   0.999803   0.063136   0.996397   0.025787
0.170933   0.055966   0.432569   0.084781   0.124024   0.987953   0.119491   0.996495
0.339963   0.789991   0.065461   0.331699   0.186930   0.959872   0.960330   0.146618
0.818646   0.625337   0.245688   0.563167   0.966862   0.185402   0.156992   0.929138
0.786900   0.923713   0.604150   0.913904   0.978399   0.110494   0.118733   0.983125
0.736731   0.635709   0.430248   0.703466   0.902933   0.106701   0.109331   0.933788
0.884794   0.391823   0.182656   0.465561   0.159045   0.955071   0.950221   0.190369
0.278660   0.594952   0.207076   0.576105   0.968730   0.162132   0.916209   0.177236
0.979658   0.912809   0.263965   0.559882   0.994486   0.057378   0.999952   0.024244
0.724458   0.298882   0.776323   0.778712   0.130462   0.958483   0.956634   0.148464
0.570296   0.124305   0.560319   0.414380   0.001229   0.198563   0.979138   0.155723
0.816092   0.310727   0.373107   0.305453   0.194008   0.928654   0.915702   0.192366
0.544292   0.568854   0.741206   0.542565   0.100510   0.169078   0.920555   0.172133
0.545286   0.468356   0.718689   0.556709   0.113320   0.147915   0.936662   0.140847
0.187980   0.703698   0.278124   0.866117   0.924296   0.142302   0.970117   0.157074
0.874202   0.529900   0.298254   0.901707   0.140410   0.989261   0.910629   0.148652
0.858722   0.499106   0.468975   0.299893   0.178891   0.953934   0.975362   0.115107
0.145893   0.291826   0.286807   0.218526   0.168441   0.955959   0.170115   0.909502
0.189047   0.854115   0.526217   0.319402   0.928043   0.135163   0.954688   0.162056
0.392517   0.696022   0.304728   0.551843   0.922304   0.172769   0.982143   0.151688
0.679771   0.308228   0.155152   0.307765   0.181640   0.967978   0.943722   0.179818
0.811003   0.140616   0.908930   0.767034   0.111257   0.936107   0.991756   0.167456
0.855945   0.231788   0.517999   0.359507   0.114615   0.953877   0.967591   0.190729
0.252092   0.027889   0.097943   0.141300   0.104446   0.983409   0.196391   0.938353
0.186062   0.613029   0.357679   0.571450   0.940125   0.125070   0.910302   0.155693
0.170680   0.823245   0.408652   0.509108   0.933345   0.180058   0.945818   0.156770
0.077032   0.164544   0.443732   0.732701   0.141899   0.956811   0.148469   0.940035
0.081668   0.628430   0.811838   0.443035   0.134069   0.901461   0.189765   0.981880
0.500981   0.316656   0.187236   0.840851   0.167903   0.191518   0.910661   0.176424
0.467493   0.566587   0.535566   0.398277   0.120751   0.119814   0.911695   0.127972
0.100570   0.753135   0.293022   0.345390   0.943925   0.174626   0.902327   0.187200
0.443396   0.868425   0.641521   0.847775   0.118235   0.913049   0.054820   0.189212
0.642070   0.768897   0.633918   0.773973   0.909553   0.134769   0.023240   0.199751
0.397059   0.879166   0.546430   0.850779   0.138718   0.995621   0.992497   0.115719
0.299751   0.940802   0.386452   0.889699   0.956919   0.193527   0.958665   0.125912
0.239524   0.183372   0.107426   0.820584   0.136252   0.960023   0.126119   0.944755
0.423418   0.245046   0.509213   0.658102   0.026450   0.177385   0.993726   0.128138
0.567464   0.340580   0.752047   0.528291   0.138370   0.120037   0.949155   0.157182
0.118250   0.586553   0.870570   0.259612   0.929207   0.153639   0.944086   0.184611
0.250850   0.812635   0.306632   0.313514   0.946142   0.198518   0.907771   0.163651
0.228042   0.653878   0.523051   0.020056   0.983197   0.152719   0.922117   0.108266
0.802518   0.650508   0.312003   0.226620   0.922005   0.148778   0.144861   0.907637
0.486763   0.863073   0.866602   0.565953   0.109849   0.940844   0.094165   0.135005
0.835504   0.472778   0.103733   0.673771   0.149079   0.932049   0.972742   0.149292
0.368794   0.102137   0.297037   0.605774   0.976690   0.166767   0.969967   0.182041
0.524925   0.826727   0.159431   0.572762   0.115615   0.988146   0.914721   0.106305
0.605145   0.290991   0.582027   0.607732   0.195464   0.915591   0.999513   0.111618
0.138556   0.758657   0.503525   0.737443   0.996495   0.118371   0.982735   0.135913
0.900629   0.139099   0.865565   0.088770   0.909096   0.007460   0.901986   0.083893
0.605193   0.708632   0.376393   0.471013   0.959745   0.108660   0.939210   0.196233
0.653146   0.528331   0.490815   0.376380   0.167915   0.980553   0.918703   0.199993
0.617919   0.450528   0.930377   0.086861   0.124629   0.976943   0.096404   0.197719
0.695747   0.102327   0.754235   0.697672   0.184222   0.999024   0.059666   0.188735
0.607848   0.499782   0.831671   0.463010   0.127239   0.954858   0.078907   0.194080
0.372002   0.078994   0.281257   0.794200   0.095317   0.977758   0.125789   0.934441
0.502966   0.972777   0.162176   0.426501   0.177779   0.930412   0.154469   0.113368
0.682098   0.275867   0.313183   0.140865   0.137619   0.902096   0.956910   0.102902
0.193304   0.144488   0.958293   0.279036   0.159144   0.942198   0.146129   0.981999
0.308832   0.937585   0.036005   0.193247   0.986282   0.130878   0.117088   0.910795
0.354717   0.071567   0.788926   0.082613   0.045489   0.923920   0.181048   0.923227
0.169544   0.764428   0.214685   0.197826   0.932779   0.146813   0.954740   0.181862
0.141305   0.920305   0.876597   0.905712   0.951665   0.124513   0.999178   0.134049
0.601659   0.716571   0.261932   0.641558   0.949235   0.103441   0.921161   0.161461
0.141073   0.400251   0.791504   0.106119   0.970433   0.143458   0.915975   0.118076
0.324681   0.590872   0.247781   0.453874   0.998595   0.193504   0.981571   0.102972
0.494753   0.819357   0.347748   0.746141   0.144286   0.074658   0.993705   0.169723
0.333490   0.947373   0.434933   0.330387   0.928758   0.112339   0.134544   0.963733
0.515117   0.346831   0.701273   0.357939   0.124483   0.191300   0.921186   0.193507
0.594141   0.302534   0.138650   0.749875   0.194507   0.163069   0.938581   0.168711
0.051627   0.230540   0.661561   0.125089   0.161866   0.997144   0.173796   0.912215
0.181458   0.869649   0.902134   0.756698   0.934483   0.181834   0.999871   0.177586
0.892872   0.667995   0.399576   0.407371   0.953199   0.175825   0.164907   0.977357
0.038942   0.271985   0.102881   0.221919   0.148693   0.952194   0.130435   0.911425
0.578721   0.289012   0.199448   0.802931   0.003011   0.103349   0.918211   0.106326
0.764501   0.690888   0.693100   0.477523   0.921719   0.123225   0.166389   0.987900
0.272603   0.439300   0.675718   0.110686   0.931887   0.111165   0.970182   0.110931
0.828738   0.516448   0.469340   0.848886   0.151464   0.994893   0.944458   0.195394
0.860687   0.687715   0.444473   0.626780   0.916509   0.135791   0.185807   0.955145
0.301710   0.271257   0.447966   0.098868   0.925535   0.199865   0.998239   0.177274
0.519635   0.106573   0.898088   0.136379   0.905789   0.152938   0.057090   0.192447
0.956682   0.651583   0.807011   0.053438   0.903173   0.076291   0.978455   0.033291
0.782998   0.117083   0.565139   0.762961   0.189722   0.938892   0.904291   0.160338
0.689032   0.319554   0.246069   0.333685   0.158506   0.906895   0.995307   0.135929
0.056121   0.173903   0.364485   0.297303   0.198870   0.931578   0.171144   0.942440
0.387218   0.173963   0.245543   0.073096   0.968997   0.180591   0.921509   0.159021
0.399799   0.124255   0.383128   0.504896   0.987700   0.173310   0.953586   0.197021
0.181240   0.877560   0.120852   0.071330   0.945047   0.197455   0.971035   0.136603
0.352092   0.903394   0.144816   0.977086   0.924159   0.181592   0.108375   0.944893
0.031902   0.402557   0.107217   0.340810   0.102951   0.946126   0.133472   0.940036
0.669450   0.375892   0.786362   0.664036   0.150992   0.981812   0.068508   0.192279
0.105882   0.773796   0.598785   0.877098   0.953131   0.137290   0.951031   0.134406
0.132104   0.875996   0.219300   0.583036   0.949607   0.115010   0.902483   0.103335
0.015868   0.955124   0.182354   0.362643   0.187852   0.956751   0.192732   0.952849
0.695197   0.715651   0.404726   0.093868   0.996175   0.183529   0.955384   0.118306
0.449425   0.671020   0.226799   0.222610   0.118858   0.139596   0.927851   0.180401
0.945409   0.460634   0.213454   0.296414   0.970928   0.071753   0.924060   0.061157
0.259695   0.622099   0.691710   0.529050   0.931006   0.131522   0.966166   0.191123
0.667787   0.966281   0.316518   0.256726   0.027810   0.946103   0.125081   0.943131
0.909326   0.737158   0.903928   0.838530   0.993997   0.066920   0.974027   0.091176
0.403799   0.596651   0.739590   0.064792   0.182761   0.166068   0.961882   0.166058
0.277490   0.447370   0.276903   0.960509   0.907068   0.177434   0.942871   0.123373
0.861927   0.097794   0.090853   0.766071   0.143140   0.904614   0.936250   0.195569
0.510852   0.898370   0.966143   0.649264   0.183401   0.929864   0.017314   0.138871
0.740680   0.674081   0.136503   0.451611   0.987971   0.150272   0.145329   0.935493
0.346746   0.673660   0.526510   0.178534   0.987789   0.160509   0.936380   0.107858
0.949830   0.396845   0.461480   0.567535   0.930044   0.095349   0.914641   0.062421
0.413956   0.151578   0.473940   0.409071   0.079400   0.175383   0.945545   0.184953
0.621923   0.844667   0.673699   0.354396   0.990001   0.120060   0.087955   0.145073
0.708730   0.141341   0.295008   0.288184   0.127703   0.997788   0.967217   0.123649
0.500195   0.206696   0.832473   0.276624   0.901270   0.120164   0.060405   0.189332
0.047833   0.285054   0.728690   0.286629   0.148179   0.949696   0.110249   0.987632
0.340068   0.912546   0.855825   0.814121   0.961514   0.158391   0.141200   0.918877
0.581889   0.392064   0.661356   0.359412   0.147641   0.151438   0.927803   0.110908
0.437405   0.223045   0.687455   0.907955   0.901271   0.138494   0.002942   0.152738
0.632033   0.397850   0.436748   0.474832   0.185639   0.991211   0.953635   0.140620
0.364186   0.320472   0.841800   0.327856   0.998339   0.112030   0.074158   0.165603
0.853530   0.818103   0.651836   0.722058   0.908184   0.179126   0.178587   0.935583
0.128303   0.864278   0.073652   0.570409   0.945344   0.148205   0.911313   0.136569
0.838261   0.574520   0.729206   0.339826   0.125867   0.955187   0.947977   0.150514
0.859554   0.399378   0.795398   0.436787   0.133011   0.923284   0.928112   0.171760
0.806774   0.121494   0.287321   0.131758   0.119631   0.908381   0.998938   0.149033
0.434134   0.454299   0.400810   0.733720   0.175885   0.105666   0.964529   0.119271
0.425642   0.616836   0.713044   0.021772   0.105148   0.195561   0.900343   0.108252
0.635405   0.646970   0.650056   0.497999   0.113183   0.910636   0.027154   0.177036
0.442756   0.595695   0.189738   0.896977   0.154524   0.130763   0.938142   0.150121
0.559616   0.836677   0.731028   0.753259   0.113616   0.915415   0.032575   0.116009
0.699930   0.899739   0.609070   0.788174   0.902547   0.109685   0.057976   0.117619
0.153207   0.811810   0.248423   0.177417   0.970330   0.148387   0.900292   0.171544
0.429149   0.367686   0.856481   0.748800   0.170881   0.190038   0.987039   0.168852
0.431936   0.477095   0.888890   0.252176   0.194543   0.133813   0.979719   0.195772
0.094735   0.707720   0.755125   0.729919   0.119158   0.990196   0.118841   0.932325
0.383852   0.418965   0.293857   0.323469   0.944555   0.136706   0.939565   0.122233
0.519536   0.304623   0.493206   0.345159   0.119301   0.146279   0.921244   0.127352
0.491958   0.627628   0.118625   0.044136   0.153445   0.137147   0.950281   0.183378
0.317736   0.227233   0.019188   0.110083   0.916141   0.163740   0.986919   0.167876
0.912315   0.905712   0.258884   0.904731   0.911344   0.020035   0.986222   0.006481
0.906643   0.662216   0.169974   0.832044   0.919315   0.030943   0.994212   0.071066
0.047311   0.578557   0.178956   0.244475   0.196644   0.931424   0.192965   0.985250
0.223736   0.363151   0.910459   0.670148   0.192840   0.973507   0.131327   0.944791
0.701352   0.363129   0.787766   0.803839   0.154257   0.926366   0.949470   0.174186
