0.007742   0.094332   0.035580   0.000604   0.000000   1.000000   0.000000   1.000000
0.046641   0.061166   0.025328   0.289572   0.000000   1.000000   0.000000   1.000000
0.078911   0.078986   0.056495   0.455265   0.000000   1.000000   0.000000   1.000000
0.090455   0.091257   0.049753   0.608466   0.000000   1.000000   0.000000   1.000000
0.058324   0.022540   0.071540   0.888437   0.000000   1.000000   0.000000   1.000000
0.065561   0.012918   0.255544   0.000566   0.000000   1.000000   0.000000   1.000000
0.027995   0.046640   0.255691   0.282165   0.000000   1.000000   0.000000   1.000000
0.005136   0.062652   0.214154   0.466892   0.000000   1.000000   0.000000   1.000000
0.059799   0.078359   0.209026   0.612279   0.000000   1.000000   0.000000   1.000000
0.021270   0.084292   0.266707   0.883351   0.000000   1.000000   0.000000   1.000000
0.059601   0.084020   0.407750   0.032028   0.000000   1.000000   0.000000   1.000000
0.098360   0.093241   0.423381   0.214479   0.000000   1.000000   0.000000   1.000000
0.013768   0.075247   0.485655   0.499430   0.000000   1.000000   0.000000   1.000000
0.096749   0.062057   0.477164   0.656024   0.000000   1.000000   0.000000   1.000000
0.031655   0.087631   0.498652   0.872653   0.000000   1.000000   0.000000   1.000000
0.046578   0.048967   0.689425   0.004517   0.000000   1.000000   0.000000   1.000000
0.051885   0.052699   0.647188   0.275175   0.000000   1.000000   0.000000   1.000000
0.028062   0.028077   0.683931   0.401887   0.000000   1.000000   0.000000   1.000000
0.044536   0.089581   0.688499   0.633852   0.000000   1.000000   0.000000   1.000000
0.093583   0.004352   0.615632   0.884752   0.000000   1.000000   0.000000   1.000000
0.038013   0.033059   0.840672   0.070794   0.000000   1.000000   0.000000   1.000000
0.027110   0.006097   0.839744   0.262240   0.000000   1.000000   0.000000   1.000000
0.009633   0.097147   0.868345   0.426235   0.000000   1.000000   0.000000   1.000000
0.001437   0.091698   0.847056   0.645292   0.000000   1.000000   0.000000   1.000000
0.015707   0.020059   0.861238   0.877298   0.000000   1.000000   0.000000   1.000000
0.023861   0.269528   0.059667   0.020696   0.000000   1.000000   0.000000   1.000000
0.037847   0.218105   0.005611   0.285211   0.000000   1.000000   0.000000   1.000000
0.055289   0.279340   0.014318   0.481295   0.000000   1.000000   0.000000   1.000000
0.093059   0.287323   0.062633   0.645328   0.000000   1.000000   0.000000   1.000000
0.095261   0.254978   0.088666   0.872229   0.000000   1.000000   0.000000   1.000000
0.000445   0.228010   0.238059   0.054837   0.000000   1.000000   0.000000   1.000000
0.008658   0.285326   0.296933   0.212652   0.000000   1.000000   0.000000   1.000000
0.086959   0.262552   0.289058   0.464416   0.000000   1.000000   0.000000   1.000000
0.007560   0.202900   0.296666   0.603022   0.000000   1.000000   0.000000   1.000000
0.075751   0.291641   0.221287   0.809625   0.000000   1.000000   0.000000   1.000000
0.021774   0.276415   0.432199   0.017290   0.000000   1.000000   0.000000   1.000000
0.096110   0.297963   0.495455   0.205165   0.000000   1.000000   0.000000   1.000000
0.015358   0.211214   0.449981   0.483906   0.000000   1.000000   0.000000   1.000000
0.030427   0.257143   0.437307   0.684833   0.000000   1.000000   0.000000   1.000000
0.027802   0.230793   0.437606   0.881385   0.000000   1.000000   0.000000   1.000000
0.023618   0.204757   0.608835   0.077802   0.000000   1.000000   0.000000   1.000000
0.084615   0.245086   0.650197   0.207845   0.000000   1.000000   0.000000   1.000000
0.017405   0.249350   0.663268   0.430857   0.000000   1.000000   0.000000   1.000000
0.076632   0.235194   0.621304   0.630448   0.000000   1.000000   0.000000   1.000000
0.022758   0.225592   0.685273   0.894303   0.000000   1.000000   0.000000   1.000000
0.062312   0.245173   0.870482   0.014324   0.000000   1.000000   0.000000   1.000000
0.026625   0.269531   0.807088   0.232848   0.000000   1.000000   0.000000   1.000000
0.048149   0.240275   0.837853   0.477632   0.000000   1.000000   0.000000   1.000000
0.007686   0.283857   0.868789   0.630559   0.000000   1.000000   0.000000   1.000000
0.051757   0.237752   0.890764   0.874741   0.000000   1.000000   0.000000   1.000000
0.093301   0.455550   0.032631   0.001071   0.000000   1.000000   0.000000   1.000000
0.092020   0.447148   0.038438   0.283649   0.000000   1.000000   0.000000   1.000000
0.066330   0.454528   0.008812   0.434732   0.000000   1.000000   0.000000   1.000000
0.032325   0.452821   0.042931   0.671273   0.000000   1.000000   0.000000   1.000000
0.027041   0.405980   0.026661   0.875282   0.000000   1.000000   0.000000   1.000000
0.016393   0.452524   0.221045   0.035528   0.000000   1.000000   0.000000   1.000000
0.059320   0.421191   0.294241   0.287448   0.000000   1.000000   0.000000   1.000000
0.071343   0.498793   0.220084   0.443227   0.000000   1.000000   0.000000   1.000000
0.080812   0.464297   0.244778   0.616048   0.000000   1.000000   0.000000   1.000000
0.069393   0.475434   0.283657   0.889681   0.000000   1.000000   0.000000   1.000000
0.019080   0.423233   0.448133   0.071295   0.000000   1.000000   0.000000   1.000000
0.074889   0.491159   0.438341   0.242698   0.000000   1.000000   0.000000   1.000000
0.063057   0.458479   0.465329   0.409260   0.000000   1.000000   0.000000   1.000000
0.075681   0.482159   0.493320   0.646278   0.000000   1.000000   0.000000   1.000000
0.066052   0.422090   0.440626   0.852300   0.000000   1.000000   0.000000   1.000000
0.075421   0.466681   0.684601   0.066368   0.000000   1.000000   0.000000   1.000000
0.014340   0.468338   0.638538   0.238222   0.000000   1.000000   0.000000   1.000000
0.091639   0.426738   0.631919   0.454465   0.000000   1.000000   0.000000   1.000000
0.096804   0.436824   0.648052   0.672160   0.000000   1.000000   0.000000   1.000000
0.058234   0.490111   0.676759   0.834067   0.000000   1.000000   0.000000   1.000000
0.051592   0.474277   0.833946   0.060707   0.000000   1.000000   0.000000   1.000000
0.013030   0.404402   0.807737   0.245207   0.000000   1.000000   0.000000   1.000000
0.097766   0.471606   0.893034   0.443463   0.000000   1.000000   0.000000   1.000000
0.003513   0.426899   0.829577   0.623045   0.000000   1.000000   0.000000   1.000000
0.067062   0.452031   0.818062   0.871985   0.000000   1.000000   0.000000   1.000000
0.045390   0.613821   0.088927   0.011541   0.000000   1.000000   0.000000   1.000000
0.054607   0.649277   0.011262   0.253269   0.000000   1.000000   0.000000   1.000000
0.008107   0.667501   0.087588   0.416332   0.000000   1.000000   0.000000   1.000000
0.008920   0.679970   0.063272   0.696673   0.000000   1.000000   0.000000   1.000000
0.016202   0.600480   0.010236   0.876082   0.000000   1.000000   0.000000   1.000000
0.062280   0.647747   0.285815   0.037656   0.000000   1.000000   0.000000   1.000000
0.093626   0.685402   0.219845   0.242160   0.000000   1.000000   0.000000   1.000000
0.004526   0.641735   0.257627   0.461385   0.000000   1.000000   0.000000   1.000000
0.085768   0.669001   0.260158   0.663515   0.000000   1.000000   0.000000   1.000000
0.056204   0.674229   0.280327   0.849700   0.000000   1.000000   0.000000   1.000000
0.032476   0.621645   0.436850   0.053442   0.000000   1.000000   0.000000   1.000000
0.071471   0.613949   0.447819   0.206660   0.000000   1.000000   0.000000   1.000000
0.082903   0.667888   0.486280   0.494382   0.000000   1.000000   0.000000   1.000000
0.013364   0.656038   0.404174   0.673071   0.000000   1.000000   0.000000   1.000000
0.006189   0.680676   0.409137   0.804594   0.000000   1.000000   0.000000   1.000000
0.096526   0.624302   0.615918   0.046495   0.000000   1.000000   0.000000   1.000000
0.010040   0.631656   0.632175   0.212667   0.000000   1.000000   0.000000   1.000000
0.004728   0.694375   0.600452   0.497054   0.000000   1.000000   0.000000   1.000000
0.082508   0.610559   0.634623   0.681606   0.000000   1.000000   0.000000   1.000000
0.095583   0.630455   0.689640   0.811451   0.000000   1.000000   0.000000   1.000000
0.015487   0.649307   0.826631   0.081140   0.000000   1.000000   0.000000   1.000000
0.029461   0.686037   0.819576   0.271843   0.000000   1.000000   0.000000   1.000000
0.042198   0.620864   0.820550   0.486949   0.000000   1.000000   0.000000   1.000000
0.086987   0.638809   0.890911   0.690515   0.000000   1.000000   0.000000   1.000000
0.024129   0.665713   0.867965   0.868683   0.000000   1.000000   0.000000   1.000000
0.089863   0.832887   0.075004   0.015038   0.000000   1.000000   0.000000   1.000000
0.070864   0.864805   0.000127   0.252934   0.000000   1.000000   0.000000   1.000000
0.003407   0.886918   0.017590   0.406749   0.000000   1.000000   0.000000   1.000000
0.026273   0.808518   0.095637   0.665420   0.000000   1.000000   0.000000   1.000000
0.013437   0.824140   0.080945   0.820634   0.000000   1.000000   0.000000   1.000000
0.083630   0.858312   0.230298   0.094365   0.000000   1.000000   0.000000   1.000000
0.022954   0.895451   0.247680   0.231521   0.000000   1.000000   0.000000   1.000000
0.053980   0.823656   0.247068   0.432387   0.000000   1.000000   0.000000   1.000000
0.095250   0.892953   0.288211   0.605055   0.000000   1.000000   0.000000   1.000000
0.096913   0.807926   0.231258   0.801828   0.000000   1.000000   0.000000   1.000000
0.038790   0.883767   0.450869   0.063767   0.000000   1.000000   0.000000   1.000000
0.065748   0.806787   0.499209   0.237721   0.000000   1.000000   0.000000   1.000000
0.088968   0.865892   0.461483   0.462034   0.000000   1.000000   0.000000   1.000000
0.031439   0.830349   0.408443   0.660741   0.000000   1.000000   0.000000   1.000000
0.011776   0.819759   0.447581   0.807919   0.000000   1.000000   0.000000   1.000000
0.046470   0.880849   0.653998   0.090259   0.000000   1.000000   0.000000   1.000000
0.050668   0.824377   0.611339   0.228263   0.000000   1.000000   0.000000   1.000000
0.038292   0.868875   0.681574   0.473530   0.000000   1.000000   0.000000   1.000000
0.060409   0.818318   0.631174   0.620380   0.000000   1.000000   0.000000   1.000000
0.068301   0.808697   0.626865   0.872961   0.000000   1.000000   0.000000   1.000000
0.070535   0.805688   0.868547   0.020701   0.000000   1.000000   0.000000   1.000000
0.071140   0.892173   0.821243   0.274477   0.000000   1.000000   0.000000   1.000000
0.068275   0.854621   0.838925   0.489868   0.000000   1.000000   0.000000   1.000000
0.064519   0.882096   0.856328   0.656238   0.000000   1.000000   0.000000   1.000000
0.016256   0.891654   0.820331   0.828767   0.000000   1.000000   0.000000   1.000000
0.233764   0.082714   0.049829   0.003430   0.000000   1.000000   0.000000   1.000000
0.239632   0.098512   0.070706   0.275258   0.000000   1.000000   0.000000   1.000000
0.219961   0.026097   0.040437   0.487569   0.000000   1.000000   0.000000   1.000000
0.251127   0.033315   0.084570   0.620662   0.000000   1.000000   0.000000   1.000000
0.203998   0.056363   0.087205   0.814198   0.000000   1.000000   0.000000   1.000000
0.265720   0.039341   0.200992   0.044788   0.000000   1.000000   0.000000   1.000000
0.276061   0.005992   0.217815   0.286797   0.000000   1.000000   0.000000   1.000000
0.271538   0.041909   0.269162   0.455950   0.000000   1.000000   0.000000   1.000000
0.228396   0.037321   0.243252   0.611398   0.000000   1.000000   0.000000   1.000000
0.225245   0.045785   0.227000   0.867140   0.000000   1.000000   0.000000   1.000000
0.229916   0.041206   0.449385   0.005354   0.000000   1.000000   0.000000   1.000000
0.239514   0.059928   0.482998   0.226359   0.000000   1.000000   0.000000   1.000000
0.288065   0.075407   0.466075   0.493878   0.000000   1.000000   0.000000   1.000000
0.277044   0.030544   0.454411   0.657453   0.000000   1.000000   0.000000   1.000000
0.213260   0.013620   0.481691   0.852129   0.000000   1.000000   0.000000   1.000000
0.204725   0.081939   0.695290   0.023483   0.000000   1.000000   0.000000   1.000000
0.293150   0.025561   0.602522   0.290210   0.000000   1.000000   0.000000   1.000000
0.212138   0.020409   0.617692   0.496799   0.000000   1.000000   0.000000   1.000000
0.260356   0.059805   0.650758   0.613186   0.000000   1.000000   0.000000   1.000000
0.288168   0.062042   0.620937   0.866223   0.000000   1.000000   0.000000   1.000000
0.293404   0.045879   0.855931   0.037277   0.000000   1.000000   0.000000   1.000000
0.232127   0.004002   0.805609   0.227898   0.000000   1.000000   0.000000   1.000000
0.299018   0.028382   0.848643   0.400595   0.000000   1.000000   0.000000   1.000000
0.232446   0.042063   0.812360   0.698082   0.000000   1.000000   0.000000   1.000000
0.271169   0.020375   0.864778   0.896560   0.000000   1.000000   0.000000   1.000000
0.200098   0.261720   0.028352   0.064826   0.000000   1.000000   0.000000   1.000000
0.223533   0.204962   0.038141   0.247097   0.000000   1.000000   0.000000   1.000000
0.216972   0.257060   0.044245   0.434804   0.000000   1.000000   0.000000   1.000000
0.256549   0.229135   0.084370   0.638926   0.000000   1.000000   0.000000   1.000000
0.293821   0.242358   0.027346   0.817439   0.000000   1.000000   0.000000   1.000000
0.221028   0.270077   0.216449   0.087211   0.000000   1.000000   0.000000   1.000000
0.287269   0.293652   0.295909   0.284434   0.000000   1.000000   0.000000   1.000000
0.203142   0.227895   0.226335   0.475645   0.000000   1.000000   0.000000   1.000000
0.239409   0.296314   0.231613   0.656966   0.000000   1.000000   0.000000   1.000000
0.270231   0.247295   0.203798   0.899200   0.000000   1.000000   0.000000   1.000000
0.253379   0.212860   0.400937   0.012639   0.000000   1.000000   0.000000   1.000000
0.234503   0.262478   0.428956   0.243472   0.000000   1.000000   0.000000   1.000000
0.227783   0.261941   0.419523   0.448306   0.000000   1.000000   0.000000   1.000000
0.248127   0.279578   0.431255   0.620026   0.000000   1.000000   0.000000   1.000000
0.221234   0.201534   0.488933   0.836470   0.000000   1.000000   0.000000   1.000000
0.226131   0.264844   0.632004   0.039898   0.000000   1.000000   0.000000   1.000000
0.232424   0.237948   0.670188   0.240968   0.000000   1.000000   0.000000   1.000000
0.251385   0.200265   0.680402   0.489387   0.000000   1.000000   0.000000   1.000000
0.238407   0.257232   0.636459   0.674468   0.000000   1.000000   0.000000   1.000000
0.292436   0.220544   0.691463   0.881730   0.000000   1.000000   0.000000   1.000000
0.234641   0.244923   0.850329   0.012091   0.000000   1.000000   0.000000   1.000000
0.271749   0.283506   0.899834   0.259736   0.000000   1.000000   0.000000   1.000000
0.245900   0.257307   0.890696   0.437876   0.000000   1.000000   0.000000   1.000000
0.273888   0.280137   0.819599   0.638614   0.000000   1.000000   0.000000   1.000000
0.224694   0.226229   0.879815   0.816835   0.000000   1.000000   0.000000   1.000000
0.207993   0.407195   0.058128   0.002920   0.000000   1.000000   0.000000   1.000000
0.227693   0.428192   0.099457   0.285408   0.000000   1.000000   0.000000   1.000000
0.265034   0.430781   0.068721   0.418458   0.000000   1.000000   0.000000   1.000000
0.255880   0.406569   0.041039   0.678879   0.000000   1.000000   0.000000   1.000000
0.288168   0.414304   0.075291   0.804697   0.000000   1.000000   0.000000   1.000000
0.241126   0.469076   0.233852   0.065632   0.000000   1.000000   0.000000   1.000000
0.200148   0.414707   0.201713   0.284682   0.000000   1.000000   0.000000   1.000000
0.214036   0.465728   0.267641   0.406211   0.000000   1.000000   0.000000   1.000000
0.210971   0.421942   0.282382   0.680298   0.000000   1.000000   0.000000   1.000000
0.224021   0.480878   0.260995   0.892539   0.000000   1.000000   0.000000   1.000000
0.272830   0.449393   0.474814   0.036754   0.000000   1.000000   0.000000   1.000000
0.207623   0.438904   0.420452   0.272748   0.000000   1.000000   0.000000   1.000000
0.276210   0.448699   0.451051   0.446314   0.000000   1.000000   0.000000   1.000000
0.231278   0.414198   0.480567   0.642908   0.000000   1.000000   0.000000   1.000000
0.275714   0.481774   0.457478   0.862386   0.000000   1.000000   0.000000   1.000000
0.288933   0.411147   0.650919   0.088068   0.000000   1.000000   0.000000   1.000000
0.284768   0.442630   0.636317   0.279512   0.000000   1.000000   0.000000   1.000000
0.258196   0.404091   0.663205   0.448605   0.000000   1.000000   0.000000   1.000000
0.202872   0.400296   0.672320   0.642193   0.000000   1.000000   0.000000   1.000000
0.231546   0.488552   0.606483   0.826557   0.000000   1.000000   0.000000   1.000000
0.240288   0.460882   0.861182   0.003031   0.000000   1.000000   0.000000   1.000000
0.200435   0.421587   0.844710   0.280644   0.000000   1.000000   0.000000   1.000000
0.295443   0.436978   0.874392   0.403288   0.000000   1.000000   0.000000   1.000000
0.247082   0.452707   0.824903   0.606609   0.000000   1.000000   0.000000   1.000000
0.222088   0.421699   0.874937   0.833846   0.000000   1.000000   0.000000   1.000000
0.215389   0.684131   0.021315   0.040127   0.000000   1.000000   0.000000   1.000000
0.234481   0.684941   0.038741   0.243636   0.000000   1.000000   0.000000   1.000000
0.294943   0.623357   0.026351   0.479663   0.000000   1.000000   0.000000   1.000000
0.221090   0.651546   0.026668   0.668438   0.000000   1.000000   0.000000   1.000000
0.253588   0.697632   0.081417   0.874833   0.000000   1.000000   0.000000   1.000000
0.261551   0.610741   0.241377   0.075852   0.000000   1.000000   0.000000   1.000000
0.269835   0.622379   0.233189   0.258118   0.000000   1.000000   0.000000   1.000000
0.291110   0.652229   0.277681   0.499763   0.000000   1.000000   0.000000   1.000000
0.252400   0.611455   0.201136   0.617521   0.000000   1.000000   0.000000   1.000000
0.294459   0.663071   0.210421   0.802203   0.000000   1.000000   0.000000   1.000000
0.241679   0.675234   0.429677   0.051457   0.000000   1.000000   0.000000   1.000000
0.254658   0.647611   0.498691   0.258924   0.000000   1.000000   0.000000   1.000000
0.295826   0.689597   0.416025   0.413927   0.000000   1.000000   0.000000   1.000000
0.224863   0.626701   0.482678   0.682073   0.000000   1.000000   0.000000   1.000000
0.260470   0.628526   0.495147   0.858919   0.000000   1.000000   0.000000   1.000000
0.237466   0.664865   0.664132   0.088952   0.000000   1.000000   0.000000   1.000000
0.246092   0.647472   0.624480   0.210147   0.000000   1.000000   0.000000   1.000000
0.265843   0.618846   0.659654   0.407164   0.000000   1.000000   0.000000   1.000000
0.275641   0.607473   0.623408   0.679158   0.000000   1.000000   0.000000   1.000000
0.227106   0.686910   0.636519   0.847961   0.000000   1.000000   0.000000   1.000000
0.270649   0.661438   0.849000   0.067540   0.000000   1.000000   0.000000   1.000000
0.205443   0.693997   0.873313   0.221564   0.000000   1.000000   0.000000   1.000000
0.290574   0.652634   0.819625   0.451350   0.000000   1.000000   0.000000   1.000000
0.232821   0.657200   0.817160   0.683386   0.000000   1.000000   0.000000   1.000000
0.235185   0.655276   0.847460   0.831670   0.000000   1.000000   0.000000   1.000000
0.202578   0.891676   0.009571   0.050330   0.000000   1.000000   0.000000   1.000000
0.245656   0.853234   0.015918   0.286181   0.000000   1.000000   0.000000   1.000000
0.245119   0.844605   0.038766   0.414782   0.000000   1.000000   0.000000   1.000000
0.250634   0.815981   0.092136   0.641832   0.000000   1.000000   0.000000   1.000000
0.261448   0.843608   0.049208   0.839181   0.000000   1.000000   0.000000   1.000000
0.236917   0.899327   0.277888   0.092240   0.000000   1.000000   0.000000   1.000000
0.264286   0.831960   0.240349   0.217109   0.000000   1.000000   0.000000   1.000000
0.249316   0.848814   0.248685   0.473434   0.000000   1.000000   0.000000   1.000000
0.220920   0.837256   0.242073   0.602969   0.000000   1.000000   0.000000   1.000000
0.272335   0.816355   0.206511   0.874345   0.000000   1.000000   0.000000   1.000000
0.298163   0.850434   0.444852   0.042844   0.000000   1.000000   0.000000   1.000000
0.247798   0.873460   0.491533   0.297388   0.000000   1.000000   0.000000   1.000000
0.220436   0.884878   0.402057   0.495964   0.000000   1.000000   0.000000   1.000000
0.277815   0.825300   0.477048   0.697498   0.000000   1.000000   0.000000   1.000000
0.247840   0.865016   0.421534   0.807963   0.000000   1.000000   0.000000   1.000000
0.241795   0.810973   0.640133   0.092669   0.000000   1.000000   0.000000   1.000000
0.225055   0.817493   0.696609   0.251150   0.000000   1.000000   0.000000   1.000000
0.282365   0.836213   0.626001   0.437512   0.000000   1.000000   0.000000   1.000000
0.296441   0.813409   0.634262   0.600951   0.000000   1.000000   0.000000   1.000000
0.205963   0.857754   0.645284   0.884637   0.000000   1.000000   0.000000   1.000000
0.289724   0.890015   0.870335   0.073971   0.000000   1.000000   0.000000   1.000000
0.210742   0.865678   0.870155   0.251373   0.000000   1.000000   0.000000   1.000000
0.242398   0.850471   0.893398   0.415225   0.000000   1.000000   0.000000   1.000000
0.282295   0.878659   0.889603   0.663703   0.000000   1.000000   0.000000   1.000000
0.287900   0.834154   0.877567   0.839370   0.000000   1.000000   0.000000   1.000000
0.438091   0.011455   0.010848   0.051895   0.000000   1.000000   1.000000   0.000000
0.432862   0.059683   0.026805   0.245080   0.000000   1.000000   1.000000   0.000000
0.477219   0.013487   0.063029   0.466927   0.000000   1.000000   1.000000   0.000000
0.496023   0.082668   0.024994   0.630777   0.000000   1.000000   1.000000   0.000000
0.403556   0.053276   0.099313   0.860985   0.000000   1.000000   1.000000   0.000000
0.450081   0.049751   0.218410   0.037092   0.000000   1.000000   1.000000   0.000000
0.452449   0.040097   0.246677   0.245635   0.000000   1.000000   1.000000   0.000000
0.480940   0.009688   0.239547   0.491819   0.000000   1.000000   1.000000   0.000000
0.489069   0.059370   0.280412   0.604338   0.000000   1.000000   1.000000   0.000000
0.489102   0.074262   0.267383   0.824495   0.000000   1.000000   1.000000   0.000000
0.443347   0.068209   0.405333   0.076317   0.000000   1.000000   1.000000   0.000000
0.492856   0.050160   0.453192   0.234351   0.000000   1.000000   1.000000   0.000000
0.496325   0.002842   0.456653   0.486362   0.000000   1.000000   1.000000   0.000000
0.479536   0.023275   0.421205   0.645254   0.000000   1.000000   1.000000   0.000000
0.442905   0.011899   0.425917   0.808677   0.000000   1.000000   1.000000   0.000000
0.437699   0.073184   0.660543   0.022551   0.000000   1.000000   1.000000   0.000000
0.417345   0.013845   0.617051   0.222918   0.000000   1.000000   1.000000   0.000000
0.478915   0.089585   0.612056   0.485486   0.000000   1.000000   1.000000   0.000000
0.468539   0.048507   0.674818   0.662690   0.000000   1.000000   1.000000   0.000000
0.460271   0.043524   0.645519   0.847230   0.000000   1.000000   1.000000   0.000000
0.474929   0.025729   0.877388   0.087752   0.000000   1.000000   1.000000   0.000000
0.466267   0.018362   0.874316   0.249681   0.000000   1.000000   1.000000   0.000000
0.434206   0.063190   0.810083   0.430025   0.000000   1.000000   1.000000   0.000000
0.488917   0.018412   0.815638   0.612823   0.000000   1.000000   1.000000   0.000000
0.427754   0.084946   0.814411   0.879595   0.000000   1.000000   1.000000   0.000000
0.463789   0.271753   0.077842   0.029689   0.000000   1.000000   1.000000   0.000000
0.491779   0.279011   0.090761   0.267704   0.000000   1.000000   1.000000   0.000000
0.429101   0.279060   0.000790   0.426238   0.000000   1.000000   1.000000   0.000000
0.474928   0.261357   0.060293   0.612241   0.000000   1.000000   1.000000   0.000000
0.452129   0.234918   0.025242   0.881430   0.000000   1.000000   1.000000   0.000000
0.437644   0.297889   0.259672   0.003362   0.000000   1.000000   1.000000   0.000000
0.442742   0.202727   0.276846   0.291048   0.000000   1.000000   1.000000   0.000000
0.405914   0.230513   0.231120   0.455282   0.000000   1.000000   1.000000   0.000000
0.463132   0.205307   0.248000   0.612992   0.000000   1.000000   1.000000   0.000000
0.480439   0.236088   0.265301   0.833620   0.000000   1.000000   1.000000   0.000000
0.401491   0.229240   0.470308   0.009300   0.000000   1.000000   1.000000   0.000000
0.463828   0.240653   0.458637   0.281113   0.000000   1.000000   1.000000   0.000000
0.406784   0.295604   0.446482   0.469141   0.000000   1.000000   1.000000   0.000000
0.449154   0.257561   0.472478   0.675574   0.000000   1.000000   1.000000   0.000000
0.484471   0.212699   0.462555   0.879371   0.000000   1.000000   1.000000   0.000000
0.448482   0.254879   0.625203   0.048557   0.000000   1.000000   1.000000   0.000000
0.415675   0.200175   0.615250   0.278691   0.000000   1.000000   1.000000   0.000000
0.414039   0.286384   0.644969   0.449434   0.000000   1.000000   1.000000   0.000000
0.430343   0.245115   0.659018   0.615166   0.000000   1.000000   1.000000   0.000000
0.418942   0.288543   0.651878   0.810006   0.000000   1.000000   1.000000   0.000000
0.493515   0.219522   0.883663   0.039133   0.000000   1.000000   1.000000   0.000000
0.454266   0.216430   0.861202   0.286098   0.000000   1.000000   1.000000   0.000000
0.485491   0.212682   0.831215   0.403790   0.000000   1.000000   1.000000   0.000000
0.475153   0.287614   0.851823   0.670796   0.000000   1.000000   1.000000   0.000000
0.441827   0.228162   0.804562   0.863768   0.000000   1.000000   1.000000   0.000000
0.429653   0.402075   0.058525   0.043643   0.000000   1.000000   1.000000   0.000000
0.470519   0.446009   0.039094   0.231633   0.000000   1.000000   1.000000   0.000000
0.478776   0.401142   0.029927   0.432601   0.000000   0.000000   1.000000   0.000000
0.442489   0.458156   0.010041   0.630924   0.000000   0.000000   1.000000   0.000000
0.453495   0.470481   0.084938   0.857762   1.000000   0.000000   1.000000   0.000000
0.438893   0.424565   0.205600   0.006901   0.000000   1.000000   1.000000   0.000000
0.442769   0.433731   0.204209   0.269625   0.000000   1.000000   1.000000   0.000000
0.418058   0.410725   0.260589   0.455776   0.000000   0.000000   1.000000   0.000000
0.414102   0.441784   0.277743   0.637714   0.000000   0.000000   1.000000   0.000000
0.454288   0.401118   0.232112   0.814131   1.000000   0.000000   1.000000   0.000000
0.470694   0.419010   0.468006   0.033396   0.000000   1.000000   1.000000   0.000000
0.405697   0.482029   0.492653   0.200374   0.000000   1.000000   1.000000   0.000000
0.450781   0.454038   0.472840   0.415757   0.000000   0.000000   1.000000   0.000000
0.413581   0.432645   0.419907   0.600718   0.000000   0.000000   1.000000   0.000000
0.437042   0.470827   0.406571   0.849927   1.000000   0.000000   1.000000   0.000000
0.429238   0.495371   0.670847   0.035515   0.000000   1.000000   1.000000   0.000000
0.428821   0.423705   0.633096   0.259957   0.000000   1.000000   1.000000   0.000000
0.452262   0.456162   0.645658   0.470726   0.000000   0.000000   1.000000   0.000000
0.464021   0.495280   0.689365   0.610591   0.000000   0.000000   1.000000   0.000000
0.442474   0.463840   0.666330   0.883675   1.000000   0.000000   1.000000   0.000000
0.480602   0.492777   0.872664   0.024357   0.000000   1.000000   1.000000   0.000000
0.452142   0.442341   0.838196   0.273091   0.000000   1.000000   1.000000   0.000000
0.426644   0.442942   0.814191   0.454747   0.000000   0.000000   1.000000   0.000000
0.451512   0.470345   0.894256   0.614554   0.000000   0.000000   1.000000   0.000000
0.479760   0.455022   0.868318   0.814334   1.000000   0.000000   1.000000   0.000000
0.493262   0.655982   0.020938   0.092632   0.000000   1.000000   1.000000   0.000000
0.456398   0.637562   0.047905   0.211442   0.000000   1.000000   1.000000   0.000000
0.447478   0.635489   0.060741   0.471207   0.000000   0.000000   1.000000   0.000000
0.425187   0.652632   0.047496   0.631800   0.000000   0.000000   1.000000   0.000000
0.406690   0.615480   0.013651   0.866506   1.000000   0.000000   1.000000   0.000000
0.483881   0.662470   0.221360   0.002168   0.000000   1.000000   1.000000   0.000000
0.416942   0.678270   0.277420   0.222298   0.000000   1.000000   1.000000   0.000000
0.473987   0.625225   0.281435   0.435645   0.000000   0.000000   1.000000   0.000000
0.435962   0.685710   0.268992   0.601328   0.000000   0.000000   1.000000   0.000000
0.474828   0.656735   0.266695   0.802729   1.000000   0.000000   1.000000   0.000000
0.410904   0.677842   0.499740   0.060056   0.000000   1.000000   1.000000   0.000000
0.499013   0.671517   0.449736   0.244228   0.000000   1.000000   1.000000   0.000000
0.442939   0.690694   0.409241   0.448662   0.000000   0.000000   1.000000   0.000000
0.489720   0.691834   0.486511   0.623843   0.000000   0.000000   1.000000   0.000000
0.411721   0.638022   0.481325   0.854045   1.000000   0.000000   1.000000   0.000000
0.407140   0.631332   0.604069   0.094043   0.000000   1.000000   1.000000   0.000000
0.498330   0.692795   0.694948   0.285169   0.000000   1.000000   1.000000   0.000000
0.445553   0.645802   0.672430   0.459199   0.000000   0.000000   1.000000   0.000000
0.440320   0.694385   0.659412   0.661720   0.000000   0.000000   1.000000   0.000000
0.413184   0.679015   0.695347   0.881750   1.000000   0.000000   1.000000   0.000000
0.495926   0.642438   0.811937   0.004999   0.000000   1.000000   1.000000   0.000000
0.467859   0.614329   0.826756   0.202408   0.000000   1.000000   1.000000   0.000000
0.433036   0.673029   0.855140   0.418271   0.000000   0.000000   1.000000   0.000000
0.404642   0.678128   0.830146   0.604883   0.000000   0.000000   1.000000   0.000000
0.420877   0.608942   0.800010   0.811048   1.000000   0.000000   1.000000   0.000000
0.461844   0.878066   0.065642   0.027404   1.000000   0.000000   1.000000   0.000000
0.493195   0.855954   0.028443   0.248942   1.000000   0.000000   1.000000   0.000000
0.451908   0.848491   0.013479   0.453707   1.000000   0.000000   1.000000   0.000000
0.485032   0.824935   0.088076   0.603273   1.000000   0.000000   1.000000   0.000000
0.411053   0.877026   0.011372   0.851604   1.000000   0.000000   1.000000   0.000000
0.489301   0.835025   0.250575   0.055618   1.000000   0.000000   1.000000   0.000000
0.432428   0.854733   0.257444   0.266610   1.000000   0.000000   1.000000   0.000000
0.433504   0.857391   0.235223   0.402529   1.000000   0.000000   1.000000   0.000000
0.426069   0.860559   0.238573   0.600266   1.000000   0.000000   1.000000   0.000000
0.420480   0.840158   0.281366   0.888222   1.000000   0.000000   1.000000   0.000000
0.496997   0.823956   0.441546   0.025017   1.000000   0.000000   1.000000   0.000000
0.455754   0.848062   0.423684   0.257821   1.000000   0.000000   1.000000   0.000000
0.499251   0.855786   0.404517   0.481629   1.000000   0.000000   1.000000   0.000000
0.415697   0.826550   0.421150   0.663530   1.000000   0.000000   1.000000   0.000000
0.427005   0.815546   0.407286   0.855009   1.000000   0.000000   1.000000   0.000000
0.405245   0.833709   0.607131   0.067936   1.000000   0.000000   1.000000   0.000000
0.435599   0.856520   0.624458   0.266279   1.000000   0.000000   1.000000   0.000000
0.471608   0.889009   0.622379   0.489481   1.000000   0.000000   1.000000   0.000000
0.439113   0.858785   0.657337   0.613391   1.000000   0.000000   1.000000   0.000000
0.451534   0.869652   0.691001   0.854183   1.000000   0.000000   1.000000   0.000000
0.429305   0.824455   0.863849   0.010194   1.000000   0.000000   1.000000   0.000000
0.432327   0.814614   0.886365   0.260471   1.000000   0.000000   1.000000   0.000000
0.453726   0.855464   0.889502   0.465654   1.000000   0.000000   1.000000   0.000000
0.442033   0.869320   0.815153   0.695808   1.000000   0.000000   1.000000   0.000000
0.442842   0.863704   0.824062   0.866452   1.000000   0.000000   1.000000   0.000000
0.659697   0.068535   0.041325   0.031008   0.000000   1.000000   1.000000   0.000000
0.668543   0.022295   0.073026   0.237139   0.000000   1.000000   1.000000   0.000000
0.620190   0.040949   0.004561   0.471910   0.000000   1.000000   1.000000   0.000000
0.625918   0.035061   0.090149   0.615919   0.000000   1.000000   1.000000   0.000000
0.602781   0.064760   0.062423   0.836302   0.000000   1.000000   1.000000   0.000000
0.663763   0.049561   0.280644   0.085170   0.000000   1.000000   1.000000   0.000000
0.682118   0.092012   0.211679   0.202858   0.000000   1.000000   1.000000   0.000000
0.663293   0.094650   0.277090   0.411498   0.000000   1.000000   1.000000   0.000000
0.675965   0.025798   0.248237   0.637820   0.000000   1.000000   1.000000   0.000000
0.647289   0.037468   0.243086   0.842779   0.000000   1.000000   1.000000   0.000000
0.661616   0.035262   0.465179   0.057343   0.000000   1.000000   1.000000   0.000000
0.634593   0.010896   0.420366   0.229372   0.000000   1.000000   1.000000   0.000000
0.649028   0.095096   0.474527   0.490064   0.000000   1.000000   1.000000   0.000000
0.652828   0.043900   0.444318   0.618484   0.000000   1.000000   1.000000   0.000000
0.681215   0.091970   0.402273   0.894343   0.000000   1.000000   1.000000   0.000000
0.639565   0.084443   0.643838   0.001436   0.000000   1.000000   1.000000   0.000000
0.631587   0.030488   0.601082   0.224491   0.000000   1.000000   1.000000   0.000000
0.686589   0.060466   0.690118   0.476890   0.000000   1.000000   1.000000   0.000000
0.636790   0.025948   0.617524   0.653872   0.000000   1.000000   1.000000   0.000000
0.617148   0.009466   0.623797   0.862871   0.000000   1.000000   1.000000   0.000000
0.681206   0.096706   0.894721   0.059139   0.000000   1.000000   1.000000   0.000000
0.655491   0.037810   0.800767   0.204380   0.000000   1.000000   1.000000   0.000000
0.628608   0.018156   0.889516   0.406188   0.000000   1.000000   1.000000   0.000000
0.600321   0.051209   0.894446   0.685479   0.000000   1.000000   1.000000   0.000000
0.671888   0.027441   0.865093   0.866602   0.000000   1.000000   1.000000   0.000000
0.607314   0.237831   0.055638   0.077241   0.000000   1.000000   1.000000   0.000000
0.602982   0.298770   0.083143   0.203429   0.000000   1.000000   1.000000   0.000000
0.645324   0.226424   0.064632   0.491456   0.000000   1.000000   1.000000   0.000000
0.600113   0.239604   0.051209   0.650333   0.000000   1.000000   1.000000   0.000000
0.612339   0.266638   0.095850   0.870664   0.000000   1.000000   1.000000   0.000000
0.649287   0.281909   0.283986   0.096049   0.000000   1.000000   1.000000   0.000000
0.680154   0.267408   0.212361   0.223276   0.000000   1.000000   1.000000   0.000000
0.647044   0.236480   0.286919   0.403543   0.000000   1.000000   1.000000   0.000000
0.649129   0.262971   0.246346   0.696532   0.000000   1.000000   1.000000   0.000000
0.640476   0.228922   0.260736   0.814821   0.000000   1.000000   1.000000   0.000000
0.606952   0.211603   0.400434   0.095114   0.000000   1.000000   1.000000   0.000000
0.624276   0.205816   0.404998   0.231767   0.000000   1.000000   1.000000   0.000000
0.650647   0.239072   0.454523   0.408513   0.000000   1.000000   1.000000   0.000000
0.681350   0.294365   0.455502   0.651794   0.000000   1.000000   1.000000   0.000000
0.610440   0.295636   0.420015   0.891879   0.000000   1.000000   1.000000   0.000000
0.608519   0.221830   0.655001   0.019315   0.000000   1.000000   1.000000   0.000000
0.658394   0.246006   0.638456   0.207150   0.000000   1.000000   1.000000   0.000000
0.700000   0.237996   0.684133   0.413212   0.000000   1.000000   1.000000   0.000000
0.660455   0.293940   0.691089   0.603941   0.000000   1.000000   1.000000   0.000000
0.629599   0.250562   0.612450   0.847047   0.000000   1.000000   1.000000   0.000000
0.644948   0.207872   0.852597   0.055344   0.000000   1.000000   1.000000   0.000000
0.628223   0.267572   0.804461   0.289162   0.000000   1.000000   1.000000   0.000000
0.616767   0.236104   0.817417   0.438851   0.000000   1.000000   1.000000   0.000000
0.637388   0.265582   0.833148   0.630808   0.000000   1.000000   1.000000   0.000000
0.682921   0.239958   0.872118   0.896213   0.000000   1.000000   1.000000   0.000000
0.653895   0.457567   0.072570   0.075623   0.000000   1.000000   1.000000   0.000000
0.687897   0.425049   0.046289   0.254098   0.000000   1.000000   1.000000   0.000000
0.690181   0.424495   0.014151   0.455942   0.000000   0.000000   1.000000   0.000000
0.642885   0.404728   0.015312   0.636316   0.000000   0.000000   1.000000   0.000000
0.656769   0.417359   0.047676   0.888238   1.000000   0.000000   1.000000   0.000000
0.695849   0.448356   0.268402   0.027414   0.000000   1.000000   1.000000   0.000000
0.629821   0.453463   0.241496   0.236342   0.000000   1.000000   1.000000   0.000000
0.667947   0.419290   0.204770   0.400930   0.000000   0.000000   1.000000   0.000000
0.661658   0.470179   0.244101   0.677857   0.000000   0.000000   1.000000   0.000000
0.620576   0.417885   0.276472   0.818525   1.000000   0.000000   1.000000   0.000000
0.653478   0.433948   0.457907   0.028512   0.000000   1.000000   1.000000   0.000000
0.608774   0.433735   0.419267   0.268435   0.000000   1.000000   1.000000   0.000000
0.674811   0.455364   0.482151   0.420449   0.000000   0.000000   1.000000   0.000000
0.686495   0.414092   0.440692   0.620833   0.000000   0.000000   1.000000   0.000000
0.678159   0.417705   0.480152   0.849713   1.000000   0.000000   1.000000   0.000000
0.607197   0.410075   0.606933   0.050085   0.000000   1.000000   1.000000   0.000000
0.649970   0.437045   0.615221   0.267787   0.000000   1.000000   1.000000   0.000000
0.635286   0.463766   0.606031   0.409361   0.000000   0.000000   1.000000   0.000000
0.656144   0.490264   0.691760   0.657000   0.000000   0.000000   1.000000   0.000000
0.642886   0.401971   0.650524   0.878485   1.000000   0.000000   1.000000   0.000000
0.644375   0.472251   0.879730   0.081855   0.000000   1.000000   1.000000   0.000000
0.633956   0.422857   0.848209   0.229602   0.000000   1.000000   1.000000   0.000000
0.652517   0.481700   0.872788   0.477396   0.000000   0.000000   1.000000   0.000000
0.651902   0.461442   0.872762   0.687132   0.000000   0.000000   1.000000   0.000000
0.611077   0.462890   0.877074   0.898422   1.000000   0.000000   1.000000   0.000000
0.614923   0.640008   0.010746   0.040763   0.000000   1.000000   1.000000   0.000000
0.638071   0.632947   0.008012   0.202770   0.000000   1.000000   1.000000   0.000000
0.687087   0.658346   0.039361   0.404451   0.000000   0.000000   1.000000   0.000000
0.602675   0.606636   0.045820   0.661264   0.000000   0.000000   1.000000   0.000000
0.699823   0.682822   0.048797   0.848757   1.000000   0.000000   1.000000   0.000000
0.632568   0.650508   0.249620   0.017832   0.000000   1.000000   1.000000   0.000000
0.693719   0.660426   0.236667   0.213936   0.000000   1.000000   1.000000   0.000000
0.698766   0.624503   0.206006   0.476627   0.000000   0.000000   1.000000   0.000000
0.609243   0.630135   0.284837   0.651753   0.000000   0.000000   1.000000   0.000000
0.676570   0.654990   0.240217   0.812713   1.000000   0.000000   1.000000   0.000000
0.647316   0.697416   0.442488   0.043466   0.000000   1.000000   1.000000   0.000000
0.605372   0.697841   0.474068   0.240101   0.000000   1.000000   1.000000   0.000000
0.628669   0.696108   0.414685   0.477482   0.000000   0.000000   1.000000   0.000000
0.629291   0.612069   0.484617   0.606760   0.000000   0.000000   1.000000   0.000000
0.649315   0.672965   0.490175   0.873736   1.000000   0.000000   1.000000   0.000000
0.616363   0.685779   0.687444   0.051419   0.000000   1.000000   1.000000   0.000000
0.697108   0.657067   0.695148   0.287565   0.000000   1.000000   1.000000   0.000000
0.646387   0.631611   0.654058   0.495991   0.000000   0.000000   1.000000   0.000000
0.603826   0.646636   0.654541   0.604758   0.000000   0.000000   1.000000   0.000000
0.639073   0.664874   0.657864   0.857005   1.000000   0.000000   1.000000   0.000000
0.668693   0.640099   0.887335   0.081005   0.000000   1.000000   1.000000   0.000000
0.614602   0.676905   0.857435   0.225409   0.000000   1.000000   1.000000   0.000000
0.601303   0.672577   0.880570   0.426264   0.000000   0.000000   1.000000   0.000000
0.617412   0.621310   0.806277   0.600222   0.000000   0.000000   1.000000   0.000000
0.638857   0.683228   0.806520   0.822117   1.000000   0.000000   1.000000   0.000000
0.641158   0.896421   0.060085   0.011887   1.000000   0.000000   1.000000   0.000000
0.648910   0.839979   0.094379   0.233686   1.000000   0.000000   1.000000   0.000000
0.641607   0.862727   0.076293   0.475520   1.000000   0.000000   1.000000   0.000000
0.686332   0.814117   0.074267   0.680541   1.000000   0.000000   1.000000   0.000000
0.628983   0.863750   0.080936   0.841546   1.000000   0.000000   1.000000   0.000000
0.664315   0.856249   0.296283   0.023845   1.000000   0.000000   1.000000   0.000000
0.686364   0.870114   0.265843   0.246200   1.000000   0.000000   1.000000   0.000000
0.694692   0.885200   0.269366   0.419120   1.000000   0.000000   1.000000   0.000000
0.690334   0.897657   0.215926   0.684020   1.000000   0.000000   1.000000   0.000000
0.648908   0.861364   0.275165   0.839840   1.000000   0.000000   1.000000   0.000000
0.624085   0.823868   0.411937   0.096879   1.000000   0.000000   1.000000   0.000000
0.654769   0.864706   0.427492   0.291058   1.000000   0.000000   1.000000   0.000000
0.630786   0.836701   0.474962   0.495158   1.000000   0.000000   1.000000   0.000000
0.627152   0.848173   0.499279   0.645922   1.000000   0.000000   1.000000   0.000000
0.652445   0.858139   0.456701   0.853131   1.000000   0.000000   1.000000   0.000000
0.627643   0.862741   0.668722   0.011850   1.000000   0.000000   1.000000   0.000000
0.674780   0.836044   0.630822   0.256663   1.000000   0.000000   1.000000   0.000000
0.652772   0.856888   0.646670   0.464955   1.000000   0.000000   1.000000   0.000000
0.667089   0.831204   0.626019   0.623426   1.000000   0.000000   1.000000   0.000000
0.662839   0.811321   0.623286   0.837110   1.000000   0.000000   1.000000   0.000000
0.692131   0.830146   0.876708   0.089709   1.000000   0.000000   1.000000   0.000000
0.603842   0.806854   0.844391   0.280196   1.000000   0.000000   1.000000   0.000000
0.677347   0.875401   0.832163   0.464556   1.000000   0.000000   1.000000   0.000000
0.670500   0.867815   0.883814   0.681374   1.000000   0.000000   1.000000   0.000000
0.664994   0.825457   0.882891   0.881632   1.000000   0.000000   1.000000   0.000000
0.803614   0.080164   0.012336   0.053756   1.000000   0.000000   0.000000   1.000000
0.864353   0.056525   0.028477   0.244206   1.000000   0.000000   0.000000   1.000000
0.833442   0.018646   0.001530   0.410693   1.000000   0.000000   0.000000   1.000000
0.847194   0.081333   0.020565   0.645249   1.000000   0.000000   0.000000   1.000000
0.825901   0.086358   0.095323   0.876764   1.000000   0.000000   0.000000   1.000000
0.894416   0.077273   0.223310   0.004877   1.000000   0.000000   0.000000   1.000000
0.848788   0.062375   0.250748   0.220962   1.000000   0.000000   0.000000   1.000000
0.890201   0.005831   0.260717   0.415729   1.000000   0.000000   0.000000   1.000000
0.823953   0.073445   0.209016   0.640907   1.000000   0.000000   0.000000   1.000000
0.812647   0.066309   0.222464   0.828662   1.000000   0.000000   0.000000   1.000000
0.850581   0.055067   0.406846   0.053318   1.000000   0.000000   0.000000   1.000000
0.868202   0.087418   0.444643   0.277287   1.000000   0.000000   0.000000   1.000000
0.863253   0.058572   0.497835   0.499908   1.000000   0.000000   0.000000   1.000000
0.899837   0.086513   0.422835   0.660785   1.000000   0.000000   0.000000   1.000000
0.897245   0.057814   0.405896   0.891904   1.000000   0.000000   0.000000   1.000000
0.801091   0.089696   0.688724   0.014938   1.000000   0.000000   0.000000   1.000000
0.810444   0.060825   0.699650   0.204649   1.000000   0.000000   0.000000   1.000000
0.842178   0.000254   0.662827   0.441013   1.000000   0.000000   0.000000   1.000000
0.832914   0.035732   0.600539   0.630809   1.000000   0.000000   0.000000   1.000000
0.848761   0.028503   0.665240   0.887905   1.000000   0.000000   0.000000   1.000000
0.817132   0.088198   0.814865   0.043589   1.000000   0.000000   0.000000   1.000000
0.824916   0.061644   0.863781   0.253762   1.000000   0.000000   0.000000   1.000000
0.893859   0.028281   0.852777   0.408827   1.000000   0.000000   0.000000   1.000000
0.841293   0.063691   0.880971   0.683242   1.000000   0.000000   0.000000   1.000000
0.823073   0.015321   0.876091   0.834262   1.000000   0.000000   0.000000   1.000000
0.852538   0.268667   0.088944   0.037866   1.000000   0.000000   0.000000   1.000000
0.867176   0.223546   0.088879   0.253252   1.000000   0.000000   0.000000   1.000000
0.866268   0.283859   0.008596   0.487893   1.000000   0.000000   0.000000   1.000000
0.841632   0.276402   0.014834   0.650100   1.000000   0.000000   0.000000   1.000000
0.833368   0.222735   0.012479   0.876791   1.000000   0.000000   0.000000   1.000000
0.846891   0.278455   0.247846   0.020930   1.000000   0.000000   0.000000   1.000000
0.844878   0.253739   0.285436   0.243178   1.000000   0.000000   0.000000   1.000000
0.886655   0.271272   0.257203   0.401801   1.000000   0.000000   0.000000   1.000000
0.813204   0.202762   0.225504   0.615969   1.000000   0.000000   0.000000   1.000000
0.871812   0.218071   0.206598   0.810957   1.000000   0.000000   0.000000   1.000000
0.878878   0.285927   0.494712   0.048398   1.000000   0.000000   0.000000   1.000000
0.814854   0.240385   0.424793   0.209800   1.000000   0.000000   0.000000   1.000000
0.816275   0.250177   0.438037   0.457652   1.000000   0.000000   0.000000   1.000000
0.828157   0.261396   0.407722   0.637798   1.000000   0.000000   0.000000   1.000000
0.883171   0.280853   0.422347   0.846471   1.000000   0.000000   0.000000   1.000000
0.890554   0.205157   0.664311   0.073187   1.000000   0.000000   0.000000   1.000000
0.837707   0.214254   0.637779   0.220455   1.000000   0.000000   0.000000   1.000000
0.809085   0.287858   0.645290   0.484478   1.000000   0.000000   0.000000   1.000000
0.821755   0.290844   0.617483   0.652275   1.000000   0.000000   0.000000   1.000000
0.831910   0.229828   0.668996   0.823774   1.000000   0.000000   0.000000   1.000000
0.825729   0.217299   0.839730   0.099957   1.000000   0.000000   0.000000   1.000000
0.841130   0.203979   0.846710   0.207182   1.000000   0.000000   0.000000   1.000000
0.812972   0.284971   0.844085   0.486670   1.000000   0.000000   0.000000   1.000000
0.897182   0.281953   0.805419   0.672473   1.000000   0.000000   0.000000   1.000000
0.846304   0.297398   0.889365   0.874583   1.000000   0.000000   0.000000   1.000000
0.825628   0.495821   0.089283   0.022775   1.000000   0.000000   0.000000   1.000000
0.849280   0.423990   0.070047   0.298902   1.000000   0.000000   0.000000   1.000000
0.853995   0.404644   0.026728   0.412795   1.000000   0.000000   0.000000   1.000000
0.878188   0.493267   0.078335   0.653089   1.000000   0.000000   0.000000   1.000000
0.831562   0.495380   0.019971   0.806081   1.000000   0.000000   0.000000   1.000000
0.810293   0.477649   0.215050   0.065904   1.000000   0.000000   0.000000   1.000000
0.864627   0.406684   0.223255   0.272967   1.000000   0.000000   0.000000   1.000000
0.847330   0.405752   0.240430   0.482045   1.000000   0.000000   0.000000   1.000000
0.869963   0.482764   0.249124   0.686925   1.000000   0.000000   0.000000   1.000000
0.879553   0.419652   0.236069   0.888142   1.000000   0.000000   0.000000   1.000000
0.892961   0.431111   0.496686   0.095799   1.000000   0.000000   0.000000   1.000000
0.864572   0.440667   0.447386   0.229007   1.000000   0.000000   0.000000   1.000000
0.842066   0.429895   0.411883   0.496104   1.000000   0.000000   0.000000   1.000000
0.898344   0.495564   0.499692   0.628424   1.000000   0.000000   0.000000   1.000000
0.857099   0.431241   0.453298   0.850761   1.000000   0.000000   0.000000   1.000000
0.836294   0.449903   0.695248   0.074895   1.000000   0.000000   0.000000   1.000000
0.804708   0.466430   0.649265   0.294845   1.000000   0.000000   0.000000   1.000000
0.809905   0.460089   0.619835   0.471160   1.000000   0.000000   0.000000   1.000000
0.874791   0.418158   0.642533   0.631196   1.000000   0.000000   0.000000   1.000000
0.809753   0.473076   0.639634   0.834846   1.000000   0.000000   0.000000   1.000000
0.813599   0.479174   0.827488   0.035641   1.000000   0.000000   0.000000   1.000000
0.873306   0.438731   0.826527   0.290399   1.000000   0.000000   0.000000   1.000000
0.846313   0.485715   0.894465   0.497085   1.000000   0.000000   0.000000   1.000000
0.835408   0.449849   0.823859   0.623045   1.000000   0.000000   0.000000   1.000000
0.816952   0.404920   0.875930   0.882237   1.000000   0.000000   0.000000   1.000000
0.861563   0.652884   0.005425   0.057351   1.000000   0.000000   0.000000   1.000000
0.819343   0.650795   0.000656   0.283986   1.000000   0.000000   0.000000   1.000000
0.801947   0.625403   0.065410   0.433660   1.000000   0.000000   0.000000   1.000000
0.824283   0.621224   0.034850   0.614945   1.000000   0.000000   0.000000   1.000000
0.802070   0.600629   0.078615   0.828208   1.000000   0.000000   0.000000   1.000000
0.801493   0.687763   0.203316   0.002705   1.000000   0.000000   0.000000   1.000000
0.873802   0.689775   0.280097   0.209008   1.000000   0.000000   0.000000   1.000000
0.811690   0.674012   0.293902   0.424872   1.000000   0.000000   0.000000   1.000000
0.810787   0.670894   0.270174   0.650803   1.000000   0.000000   0.000000   1.000000
0.829882   0.630038   0.292477   0.826716   1.000000   0.000000   0.000000   1.000000
0.852109   0.685254   0.458738   0.089144   1.000000   0.000000   0.000000   1.000000
0.865455   0.686299   0.492451   0.290781   1.000000   0.000000   0.000000   1.000000
0.844397   0.629650   0.490772   0.450810   1.000000   0.000000   0.000000   1.000000
0.865134   0.686129   0.482066   0.665753   1.000000   0.000000   0.000000   1.000000
0.828166   0.617821   0.496807   0.801930   1.000000   0.000000   0.000000   1.000000
0.800942   0.656895   0.684896   0.060505   1.000000   0.000000   0.000000   1.000000
0.836693   0.668700   0.632909   0.242393   1.000000   0.000000   0.000000   1.000000
0.881259   0.685243   0.698141   0.460713   1.000000   0.000000   0.000000   1.000000
0.823957   0.685727   0.625381   0.610652   1.000000   0.000000   0.000000   1.000000
0.870708   0.612853   0.677266   0.867761   1.000000   0.000000   0.000000   1.000000
0.868685   0.601617   0.865412   0.053953   1.000000   0.000000   0.000000   1.000000
0.805845   0.600538   0.873458   0.257634   1.000000   0.000000   0.000000   1.000000
0.813432   0.628911   0.822412   0.456738   1.000000   0.000000   0.000000   1.000000
0.874153   0.616573   0.872422   0.632782   1.000000   0.000000   0.000000   1.000000
0.873704   0.663288   0.828588   0.849845   1.000000   0.000000   0.000000   1.000000
0.804753   0.833716   0.000431   0.001534   1.000000   0.000000   0.000000   1.000000
0.864393   0.898325   0.016933   0.259682   1.000000   0.000000   0.000000   1.000000
0.890819   0.835494   0.036641   0.489332   1.000000   0.000000   0.000000   1.000000
0.847420   0.837914   0.066056   0.657171   1.000000   0.000000   0.000000   1.000000
0.805469   0.854769   0.001150   0.854308   1.000000   0.000000   0.000000   1.000000
0.822286   0.875252   0.289084   0.053469   1.000000   0.000000   0.000000   1.000000
0.887837   0.838481   0.227639   0.232328   1.000000   0.000000   0.000000   1.000000
0.869144   0.866849   0.261626   0.464300   1.000000   0.000000   0.000000   1.000000
0.887422   0.815899   0.294048   0.610341   1.000000   0.000000   0.000000   1.000000
0.894715   0.874135   0.277449   0.854536   1.000000   0.000000   0.000000   1.000000
0.804790   0.823472   0.489837   0.037148   1.000000   0.000000   0.000000   1.000000
0.866112   0.811972   0.457399   0.285795   1.000000   0.000000   0.000000   1.000000
0.815190   0.895036   0.400146   0.447784   1.000000   0.000000   0.000000   1.000000
0.862751   0.809919   0.424320   0.618068   1.000000   0.000000   0.000000   1.000000
0.892272   0.845712   0.453836   0.822045   1.000000   0.000000   0.000000   1.000000
0.875293   0.845773   0.679291   0.052898   1.000000   0.000000   0.000000   1.000000
0.894758   0.818725   0.617843   0.212796   1.000000   0.000000   0.000000   1.000000
0.837240   0.863700   0.650943   0.485099   1.000000   0.000000   0.000000   1.000000
0.875814   0.876135   0.648019   0.682332   1.000000   0.000000   0.000000   1.000000
0.866465   0.801508   0.602540   0.834695   1.000000   0.000000   0.000000   1.000000
0.821882   0.896989   0.885443   0.012230   1.000000   0.000000   0.000000   1.000000
0.836957   0.821745   0.884630   0.272167   1.000000   0.000000   0.000000   1.000000
0.830825   0.847898   0.871315   0.486466   1.000000   0.000000   0.000000   1.000000
0.884489   0.871402   0.831018   0.623474   1.000000   0.000000   0.000000   1.000000
0.808333   0.833897   0.821911   0.821996   1.000000   0.000000   0.000000   1.000000
