0.102444   0.530531   0.122798   0.601426   0.955740   0.171273   0.936345   0.187164
0.628263   0.428354   0.503568   0.116370   0.136938   0.951382   0.944238   0.113470
0.817295   0.335216   0.456023   0.733756   0.132556   0.993063   0.945143   0.161231
0.176160   0.265842   0.440114   0.233165   0.121717   0.912077   0.161042   0.918243
0.813641   0.710082   0.653534   0.254441   0.943744   0.129087   0.195104   0.976981
0.778307   0.415690   0.790960   0.200846   0.174631   0.914859   0.973918   0.108348
0.221446   0.201272   0.082456   0.810118   0.137424   0.941076   0.173895   0.970811
0.821359   0.557890   0.699163   0.920797   0.164030   0.943750   0.933054   0.114578
0.846369   0.950143   0.194079   0.619890   0.974321   0.114137   0.142301   0.996555
0.404753   0.038846   0.358918   0.298915   0.913455   0.195514   0.123994   0.193959
0.888957   0.594028   0.589791   0.374532   0.173198   0.932922   0.936981   0.123542
0.345148   0.832556   0.844624   0.658032   0.161283   0.942769   0.006751   0.129593
0.478059   0.815765   0.119521   0.710005   0.164317   0.057964   0.962216   0.106118
0.816086   0.431981   0.969003   0.810046   0.194827   0.917720   0.928400   0.135082
0.794760   0.951445   0.351453   0.216970   0.934504   0.148185   0.187679   0.987714
0.776366   0.418300   0.614957   0.694311   0.156918   0.906861   0.937228   0.141311
0.880407   0.092102   0.152069   0.893706   0.165614   0.927120   0.933930   0.186895
0.171371   0.812886   0.064622   0.603911   0.930950   0.104060   0.992509   0.144670
0.171744   0.931158   0.810419   0.188714   0.900558   0.113496   0.953986   0.164399
0.719010   0.656715   0.505632   0.364321   0.986992   0.165103   0.123004   0.912609
0.861789   0.279691   0.691335   0.077533   0.190278   0.974495   0.946204   0.108827
0.332429   0.484903   0.865978   0.719299   0.988754   0.183605   0.024533   0.166817
0.528523   0.519455   0.334872   0.670240   0.128317   0.101617   0.928262   0.128060
0.615649   0.695073   0.122090   0.476099   0.134986   0.906806   0.964742   0.186301
0.334046   0.394085   0.271718   0.780512   0.954127   0.117163   0.977968   0.127229
0.262841   0.432371   0.503080   0.509942   0.934724   0.132930   0.920806   0.101338
0.718351   0.554914   0.162062   0.401685   0.118346   0.929682   0.923803   0.132844
0.149046   0.252258   0.334303   0.645979   0.161246   0.940715   0.126102   0.990484
0.358674   0.274597   0.805532   0.105937   0.084650   0.184679   0.095228   0.193033
0.578363   0.248209   0.702420   0.616715   0.981920   0.100017   0.014709   0.180604
0.815016   0.513842   0.267841   0.597626   0.179296   0.950270   0.936780   0.175312
0.557280   0.646472   0.647797   0.397221   0.189660   0.174983   0.961844   0.105218
0.553998   0.480247   0.352791   0.127235   0.117351   0.112119   0.984051   0.180934
0.488409   0.084333   0.098227   0.484473   0.902985   0.120526   0.139036   0.170817
0.278958   0.837398   0.382343   0.155955   0.995425   0.155171   0.910898   0.169546
0.403432   0.739805   0.835488   0.256799   0.109638   0.919450   0.084403   0.187882
0.827484   0.712783   0.674690   0.167904   0.945845   0.109168   0.140877   0.994951
0.400765   0.767849   0.823364   0.735363   0.100036   0.941125   0.012978   0.132460
0.689290   0.499404   0.419791   0.245622   0.180697   0.905935   0.969263   0.109115
0.834355   0.145075   0.857910   0.310273   0.161210   0.978529   0.981363   0.153140
0.344391   0.375931   0.095317   0.218355   0.984427   0.154250   0.977827   0.169525
0.115467   0.841246   0.185686   0.548012   0.939125   0.118539   0.923979   0.160226
0.721804   0.726098   0.692856   0.622645   0.934558   0.108253   0.172396   0.907904
0.468845   0.665591   0.610307   0.214026   0.148561   0.190395   0.981657   0.133623
0.936966   0.510598   0.597437   0.613190   0.936007   0.060657   0.937087   0.041678
0.373509   0.646568   0.428396   0.573898   0.922977   0.176214   0.993060   0.123902
0.356998   0.526340   0.077172   0.030818   0.983361   0.129237   0.964531   0.171800
0.492527   0.684251   0.897412   0.375708   0.105487   0.157817   0.935039   0.107497
0.233995   0.756533   0.380092   0.481366   0.902097   0.133468   0.971767   0.166924
0.749508   0.456813   0.355726   0.917685   0.180712   0.954877   0.922064   0.175267
0.623567   0.320772   0.316436   0.300834   0.194441   0.999861   0.952930   0.172765
0.534116   0.237630   0.082597   0.892590   0.014956   0.118850   0.995689   0.165864
0.464009   0.335521   0.681184   0.632821   0.183231   0.118517   0.911257   0.138213
0.403948   0.256527   0.604236   0.631004   0.941358   0.159126   0.037671   0.136692
0.434241   0.288829   0.451393   0.762000   0.041093   0.164521   0.946761   0.113916
0.826062   0.703711   0.665233   0.815325   0.971683   0.196432   0.103273   0.941119
0.270150   0.364151   0.393246   0.149045   0.153123   0.934503   0.142575   0.927366
0.924250   0.222273   0.915777   0.166309   0.924448   0.094493   0.934173   0.015503
0.312672   0.348657   0.711692   0.642965   0.900242   0.193371   0.089632   0.195718
0.498040   0.876793   0.354721   0.891011   0.112880   0.082397   0.968729   0.196811
0.038414   0.890146   0.368638   0.277130   0.109118   0.951326   0.115942   0.967330
0.755487   0.429100   0.593289   0.829113   0.170293   0.946946   0.958956   0.182258
0.451242   0.494770   0.601928   0.157808   0.176310   0.110898   0.926521   0.194425
0.166224   0.594211   0.801431   0.254490   0.969321   0.107687   0.903080   0.109811
0.204143   0.180788   0.213748   0.014517   0.184123   0.967882   0.101633   0.969096
0.798950   0.611179   0.498744   0.583130   0.915401   0.176769   0.193917   0.922309
0.505555   0.343917   0.257560   0.406514   0.116414   0.129057   0.924814   0.175541
0.091155   0.382679   0.334597   0.339610   0.196676   0.939757   0.126206   0.923558
0.323727   0.787317   0.929305   0.249548   0.168887   0.971973   0.057475   0.140044
0.551797   0.636287   0.692645   0.345652   0.151108   0.172251   0.942570   0.130563
0.153942   0.504315   0.259129   0.273324   0.955287   0.167067   0.942845   0.107424
0.334341   0.438727   0.448877   0.714556   0.947451   0.153196   0.998363   0.150245
0.422423   0.511553   0.682427   0.104067   0.103518   0.171467   0.963116   0.165566
0.466209   0.022706   0.389563   0.201232   0.900064   0.198226   0.132089   0.146228
0.657348   0.807623   0.779441   0.759945   0.991022   0.184326   0.018378   0.166895
0.588538   0.878198   0.779239   0.815069   0.158196   0.992421   0.079196   0.110206
0.764410   0.458782   0.647225   0.962800   0.194708   0.918254   0.948287   0.141859
0.110417   0.348803   0.398506   0.641074   0.118778   0.943320   0.148386   0.924416
0.731897   0.407184   0.904701   0.935054   0.102977   0.996920   0.904313   0.123385
0.816262   0.726825   0.702906   0.271133   0.915349   0.141508   0.156499   0.947960
0.860803   0.122348   0.902625   0.869896   0.123536   0.904848   0.937852   0.198483
0.217945   0.603860   0.282824   0.524587   0.943224   0.198596   0.979759   0.149932
0.867604   0.205340   0.261508   0.569389   0.145443   0.972461   0.949315   0.160397
0.643305   0.851959   0.540828   0.888990   0.925747   0.185810   0.907770   0.120714
0.108729   0.077463   0.451993   0.159408   0.106404   0.969187   0.134761   0.903689
0.638554   0.155776   0.664183   0.727706   0.121213   0.082639   0.027634   0.175875
0.305202   0.099939   0.266250   0.782779   0.033650   0.913243   0.181548   0.932277
0.325694   0.209351   0.640240   0.387572   0.058965   0.122198   0.030100   0.146669
0.078968   0.914020   0.578006   0.504412   0.114454   0.953861   0.197016   0.911215
0.129847   0.787762   0.168897   0.746411   0.982437   0.168638   0.908422   0.198965
0.391796   0.263264   0.621282   0.347507   0.048965   0.193711   0.086989   0.180448
0.476046   0.857701   0.894721   0.808592   0.129095   0.983850   0.036200   0.102811
0.473052   0.244348   0.776536   0.906028   0.956710   0.126148   0.010043   0.161377
0.514619   0.388742   0.801783   0.358744   0.196724   0.138120   0.999665   0.116690
0.881183   0.746676   0.784584   0.855468   0.943701   0.194952   0.150209   0.966604
0.124062   0.207511   0.605994   0.561195   0.103486   0.910996   0.157029   0.952263
0.803234   0.867885   0.325515   0.579666   0.928128   0.142390   0.179728   0.954203
0.527527   0.716599   0.856473   0.350794   0.150936   0.979699   0.083643   0.166301
0.310314   0.896858   0.460209   0.703809   0.156427   0.959294   0.902069   0.118262
0.911759   0.319601   0.448749   0.354113   0.936772   0.017636   0.976955   0.096039
0.465427   0.880279   0.754901   0.554864   0.191506   0.985843   0.090371   0.125335
0.435897   0.782866   0.458126   0.169338   0.157678   0.929132   0.992175   0.158429
0.464218   0.438729   0.661954   0.225076   0.195064   0.153144   0.961153   0.155994
0.740324   0.182372   0.764224   0.195316   0.150659   0.963187   0.915622   0.189155
0.422526   0.177434   0.702241   0.141797   0.910081   0.128346   0.040306   0.189451
0.156129   0.442877   0.780606   0.867434   0.908792   0.175924   0.997097   0.170773
0.810543   0.584038   0.750955   0.656284   0.172614   0.994575   0.918868   0.107056
0.253796   0.581797   0.158576   0.727004   0.992620   0.116484   0.913929   0.141285
0.383519   0.849832   0.355773   0.004795   0.151649   0.992340   0.996412   0.170260
0.517045   0.798987   0.879666   0.518316   0.149022   0.919670   0.073558   0.146912
0.916430   0.562671   0.616964   0.911827   0.961185   0.024118   0.918808   0.082930
0.346583   0.728443   0.661740   0.602252   0.103977   0.945374   0.059006   0.155179
0.653584   0.909997   0.293004   0.227383   0.008957   0.972505   0.169151   0.964815
0.573725   0.814608   0.396543   0.633325   0.131224   0.015737   0.949859   0.178532
0.652276   0.635164   0.753032   0.925800   0.172909   0.980403   0.015509   0.104010
0.491660   0.500773   0.365963   0.616302   0.165458   0.117501   0.944365   0.110052
0.645167   0.895723   0.828741   0.651506   0.953011   0.136834   0.021251   0.131118
0.635794   0.519745   0.857942   0.359706   0.163680   0.964745   0.009633   0.199989
0.251861   0.374782   0.178530   0.185648   0.136288   0.942804   0.130086   0.960093
0.855186   0.893254   0.389212   0.433935   0.913076   0.158681   0.136242   0.973067
0.114112   0.340897   0.547834   0.479181   0.119401   0.916390   0.172749   0.992107
0.099422   0.645991   0.196010   0.665413   0.197799   0.912018   0.155843   0.999254
0.043957   0.458680   0.527524   0.903345   0.184971   0.909624   0.168371   0.920497
0.129471   0.947078   0.306349   0.212540   0.950157   0.140447   0.971093   0.166594
0.190044   0.799555   0.513953   0.273841   0.979814   0.193540   0.909976   0.138114
0.796154   0.382314   0.893670   0.429637   0.153935   0.916435   0.984498   0.158406
0.916577   0.636368   0.111920   0.193424   0.929385   0.035955   0.915969   0.010208
0.658640   0.726881   0.524259   0.219623   0.951591   0.191084   0.940988   0.101382
0.573801   0.757268   0.487886   0.761096   0.151105   0.077861   0.986340   0.178077
0.645012   0.422805   0.217824   0.329153   0.139070   0.908869   0.912396   0.196652
0.506078   0.193370   0.900699   0.707780   0.933154   0.158583   0.089031   0.103676
0.813303   0.102553   0.260920   0.300084   0.178819   0.992518   0.929340   0.178806
0.818288   0.558474   0.303908   0.556813   0.155788   0.919958   0.906895   0.100290
0.575164   0.271127   0.414567   0.293287   0.943674   0.173077   0.988383   0.123153
0.732858   0.077203   0.193555   0.094279   0.136888   0.946984   0.925000   0.110312
0.372357   0.368046   0.109291   0.207730   0.913503   0.123941   0.915385   0.198405
0.326355   0.393187   0.678664   0.381095   0.983592   0.105817   0.007265   0.110644
0.541017   0.343270   0.135437   0.130473   0.152319   0.160955   0.922107   0.147192
0.759269   0.314661   0.263085   0.566577   0.147774   0.950025   0.943337   0.107936
0.158715   0.218729   0.688742   0.501513   0.102486   0.953659   0.189905   0.984667
0.607570   0.924650   0.574120   0.174340   0.067127   0.991081   0.112035   0.984988
0.821604   0.512653   0.102276   0.468179   0.169147   0.904231   0.921146   0.122932
0.221069   0.238323   0.548087   0.854066   0.159691   0.938116   0.180022   0.973225
0.069408   0.196654   0.412610   0.646696   0.146875   0.962624   0.162018   0.995992
0.224195   0.449395   0.142435   0.365697   0.979908   0.144975   0.921490   0.133888
0.761335   0.056349   0.860865   0.227024   0.111602   0.941767   0.914462   0.136296
0.969244   0.062199   0.565076   0.855445   0.976582   0.030084   0.995267   0.056574
0.134850   0.379743   0.445764   0.899003   0.184451   0.964731   0.134789   0.989912
0.581913   0.496589   0.019644   0.040544   0.167323   0.128305   0.967685   0.137510
0.652351   0.389624   0.714457   0.630890   0.198718   0.917321   0.088636   0.157617
0.347252   0.326466   0.807486   0.484753   0.920239   0.129456   0.077713   0.120359
0.817465   0.197428   0.537004   0.320076   0.178560   0.947625   0.973270   0.103506
0.663759   0.185350   0.649039   0.604300   0.168224   0.059315   0.076700   0.106149
0.429308   0.033995   0.736153   0.184590   0.936503   0.166483   0.111743   0.177783
0.327517   0.162111   0.744586   0.646885   0.085013   0.178370   0.068665   0.145256
0.317014   0.329655   0.169690   0.574353   0.922966   0.174128   0.925285   0.121874
0.081505   0.508932   0.444104   0.163531   0.143783   0.999283   0.146554   0.952507
0.313753   0.366667   0.576270   0.748351   0.917200   0.121537   0.996692   0.193551
0.320714   0.143848   0.912186   0.579111   0.099938   0.127070   0.009506   0.110240
0.613401   0.330517   0.238327   0.436811   0.105117   0.979014   0.933426   0.120512
0.807082   0.932009   0.388824   0.624969   0.914864   0.106698   0.141271   0.972149
0.717715   0.141086   0.480688   0.251001   0.185032   0.995875   0.901404   0.151541
0.669278   0.632325   0.691076   0.180169   0.132822   0.973164   0.009877   0.144802
0.169784   0.580323   0.767052   0.216829   0.948178   0.196736   0.969932   0.143974
0.088473   0.560658   0.616029   0.760882   0.156570   0.988232   0.127342   0.973382
0.846321   0.285053   0.455320   0.221477   0.101616   0.998925   0.919912   0.190227
0.452034   0.364889   0.211320   0.808271   0.131099   0.163676   0.987134   0.141409
0.128913   0.708219   0.359747   0.437307   0.952132   0.119509   0.959945   0.112572
0.629196   0.976081   0.926635   0.376903   0.099299   0.952237   0.126143   0.966811
0.795408   0.587219   0.467577   0.748300   0.103189   0.955634   0.997099   0.103135
0.464547   0.776425   0.927103   0.641986   0.167352   0.910740   0.050232   0.152043
0.720476   0.204461   0.609475   0.320299   0.150862   0.945349   0.999684   0.165975
0.208023   0.497767   0.559102   0.708730   0.942809   0.106243   0.986028   0.129445
0.763187   0.675590   0.120758   0.851224   0.930891   0.123748   0.123796   0.963903
0.192504   0.475982   0.454310   0.831819   0.950493   0.179180   0.990609   0.170891
0.221761   0.831790   0.908756   0.230066   0.931357   0.120314   0.997089   0.172228
0.373857   0.883549   0.458110   0.761766   0.149084   0.948634   0.972128   0.182604
0.756714   0.541296   0.074647   0.140703   0.104378   0.965891   0.935301   0.160658
0.200942   0.098325   0.757529   0.140408   0.180722   0.957651   0.181246   0.912275
0.757445   0.452564   0.132927   0.734029   0.100568   0.973291   0.994149   0.187090
0.625092   0.412539   0.499369   0.265322   0.105621   0.981935   0.915558   0.173051
0.527787   0.517973   0.526984   0.063033   0.191774   0.149750   0.983547   0.172373
0.842178   0.604419   0.421086   0.080887   0.972738   0.146992   0.189432   0.955265
0.364864   0.403300   0.528499   0.191993   0.968612   0.105468   0.916601   0.166464
0.897034   0.209028   0.519984   0.264035   0.117465   0.953169   0.950957   0.105200
0.198636   0.678737   0.371369   0.123722   0.955044   0.144015   0.959952   0.131857
0.665889   0.914780   0.087841   0.676866   0.066752   0.928125   0.106657   0.988511
0.531568   0.444674   0.677138   0.624117   0.173075   0.183504   0.956355   0.181098
0.862620   0.026666   0.268550   0.160520   0.169076   0.957868   0.960697   0.197101
0.097835   0.739792   0.613544   0.792591   0.116405   0.990942   0.177784   0.996210
0.301758   0.151531   0.437015   0.888488   0.021485   0.173382   0.946939   0.119804
0.631585   0.084306   0.882377   0.190170   0.921615   0.176497   0.156257   0.998011
0.546361   0.559917   0.074243   0.733104   0.187407   0.136643   0.956366   0.147964
0.519943   0.829293   0.354994   0.566046   0.123061   0.980909   0.910974   0.194507
0.224772   0.966431   0.063442   0.111707   0.967086   0.150335   0.962733   0.192347
0.484985   0.430955   0.896263   0.466789   0.100138   0.121319   0.985911   0.193431
0.112673   0.551258   0.394754   0.545251   0.940816   0.191530   0.910745   0.168085
0.050719   0.570862   0.688839   0.665656   0.195897   0.918053   0.110116   0.914458
0.342258   0.837921   0.071549   0.186835   0.106174   0.968051   0.930496   0.128870
0.473341   0.144520   0.726813   0.655133   0.975310   0.132650   0.081932   0.177542
0.557361   0.326100   0.148663   0.135618   0.166191   0.183265   0.936711   0.181343
0.181457   0.341135   0.786266   0.152025   0.198992   0.920041   0.140252   0.928137
0.802871   0.330354   0.071597   0.696301   0.140257   0.939269   0.933952   0.137048
0.898158   0.308150   0.617201   0.629914   0.120760   0.939532   0.995916   0.173848
0.144464   0.070838   0.793172   0.431699   0.197989   0.949596   0.141484   0.956736
0.369161   0.947128   0.596078   0.334350   0.949802   0.112702   0.107843   0.916344
0.231828   0.349175   0.682780   0.462632   0.110677   0.912162   0.135078   0.944559
0.070762   0.835207   0.661617   0.186273   0.137673   0.911318   0.175523   0.988681
0.730907   0.427895   0.146984   0.514869   0.159020   0.921615   0.973102   0.142432
0.103918   0.056233   0.339185   0.580730   0.130534   0.912541   0.177748   0.923259
0.425147   0.909791   0.180241   0.693128   0.143218   0.989216   0.141860   0.184001
0.679146   0.146965   0.091104   0.159667   0.174012   0.068319   0.975896   0.153226
0.048623   0.596278   0.442433   0.049625   0.176655   0.944428   0.184375   0.918315
0.726219   0.456758   0.768572   0.293165   0.192007   0.955495   0.901981   0.129770
0.180168   0.159628   0.544996   0.461016   0.197804   0.993326   0.175749   0.904016
0.930757   0.051804   0.495738   0.945206   0.906056   0.053523   0.925348   0.023579
0.460157   0.872376   0.161127   0.626814   0.189908   0.073552   0.934008   0.197722
0.719100   0.256814   0.073238   0.208200   0.103639   0.993906   0.919043   0.170597
0.586328   0.345407   0.704931   0.410069   0.114126   0.167028   0.982319   0.133142
0.346799   0.676838   0.466268   0.071118   0.924087   0.105032   0.989995   0.180624
0.367424   0.424314   0.724879   0.884681   0.911297   0.153662   0.003865   0.105511
0.176272   0.153441   0.025907   0.330790   0.152281   0.997313   0.144553   0.917856
0.702999   0.283760   0.831632   0.073720   0.123318   0.944307   0.905879   0.135564
0.217162   0.820546   0.351166   0.092096   0.929865   0.135769   0.932637   0.135124
0.826610   0.631304   0.710566   0.139166   0.907976   0.107828   0.138921   0.944590
0.841944   0.313674   0.818154   0.817707   0.163544   0.959507   0.957997   0.131345
0.111762   0.665755   0.861224   0.348663   0.979672   0.135071   0.918365   0.161568
0.533049   0.358322   0.277998   0.651942   0.126340   0.146424   0.991693   0.124211
0.580102   0.716990   0.704498   0.764285   0.193565   0.959501   0.054944   0.196468
0.384458   0.504875   0.587430   0.461014   0.932921   0.147412   0.915051   0.191344
0.212807   0.271386   0.189426   0.115799   0.128446   0.939032   0.151277   0.968755
0.131623   0.734732   0.821951   0.891635   0.940278   0.113415   0.913699   0.102099
0.149070   0.134963   0.565147   0.149117   0.131819   0.933493   0.118984   0.907936
0.776239   0.192886   0.112715   0.324623   0.188890   0.992347   0.919159   0.141338
0.341121   0.476136   0.265535   0.846035   0.992908   0.116260   0.917887   0.177827
0.810302   0.384524   0.121085   0.322793   0.166074   0.920673   0.903844   0.142636
0.471688   0.728335   0.498679   0.743317   0.147971   0.028824   0.960075   0.116392
0.073007   0.844960   0.908872   0.037106   0.115741   0.932578   0.123216   0.992318
0.873592   0.183010   0.350656   0.675733   0.151615   0.941943   0.909925   0.148475
0.738154   0.077380   0.065625   0.350852   0.138625   0.957672   0.936157   0.146850
0.876335   0.910317   0.265126   0.684458   0.959320   0.124322   0.124961   0.983402
0.087918   0.455717   0.184645   0.508159   0.102308   0.928775   0.167680   0.939163
0.681877   0.714834   0.606064   0.296793   0.904215   0.149509   0.035154   0.146435
0.926728   0.210115   0.102890   0.506188   0.984250   0.045614   0.991487   0.068376
0.220751   0.089912   0.277028   0.658949   0.140769   0.975892   0.193150   0.999264
0.107906   0.113865   0.151846   0.180953   0.196253   0.916188   0.132109   0.993928
0.584072   0.208377   0.529938   0.901292   0.098645   0.116928   0.934399   0.175062
0.357335   0.715754   0.267661   0.326736   0.165831   0.920677   0.940671   0.121377
0.294722   0.620030   0.732422   0.308061   0.996810   0.146276   0.996990   0.133225
0.586325   0.778091   0.259236   0.903579   0.183607   0.035329   0.928459   0.183279
0.826952   0.048196   0.094604   0.592721   0.111036   0.900102   0.959640   0.175626
0.134007   0.580257   0.625393   0.473507   0.953971   0.171274   0.941425   0.180659
0.313864   0.218521   0.213661   0.120854   0.042094   0.109922   0.984186   0.121456
0.554360   0.234793   0.756875   0.692771   0.930245   0.103168   0.085976   0.105540
0.517033   0.791708   0.297254   0.592711   0.184103   0.981962   0.969040   0.196729
0.772620   0.467334   0.103742   0.226717   0.103131   0.931434   0.946813   0.162312
0.215637   0.376448   0.614417   0.609441   0.124781   0.955709   0.156625   0.942218
0.210724   0.751366   0.732004   0.985277   0.991164   0.169180   0.986470   0.144797
0.043057   0.921102   0.367517   0.485096   0.104562   0.965861   0.180598   0.967878
0.234733   0.131285   0.922132   0.674466   0.192525   0.937983   0.122979   0.917070
0.953053   0.278764   0.835714   0.877152   0.904558   0.078071   0.949389   0.079775
0.597614   0.435874   0.158129   0.477905   0.108371   0.114064   0.985028   0.105284
0.154023   0.390529   0.043218   0.091463   0.175053   0.954355   0.160517   0.996710
0.171453   0.101583   0.521396   0.310407   0.101070   0.966805   0.180401   0.931201
0.117134   0.484375   0.748932   0.304846   0.999493   0.191028   0.953519   0.141581
0.139772   0.637870   0.762940   0.104792   0.984676   0.162038   0.923485   0.111324
0.758693   0.765396   0.348149   0.500453   0.931856   0.128941   0.166825   0.990699
0.820076   0.073845   0.830607   0.212446   0.195700   0.987651   0.919333   0.184738
0.858855   0.497955   0.123195   0.557903   0.151979   0.955050   0.918001   0.183288
0.474719   0.913965   0.820743   0.139894   0.181712   0.995161   0.182481   0.192670
0.945569   0.683421   0.276528   0.089932   0.914519   0.064958   0.979673   0.037671
0.137454   0.880753   0.736772   0.841656   0.984304   0.104292   0.998422   0.188024
0.479627   0.300951   0.066000   0.295838   0.118483   0.105258   0.997174   0.141752
0.384799   0.913830   0.600613   0.567475   0.944903   0.151098   0.175952   0.902177
0.477559   0.124934   0.064869   0.138419   0.984581   0.100069   0.905920   0.184455
0.038077   0.730994   0.779270   0.294456   0.111746   0.980996   0.163431   0.905792
0.874845   0.079484   0.885490   0.032780   0.195778   0.942349   0.948387   0.140889
0.153346   0.585926   0.375932   0.314361   0.914771   0.161429   0.949570   0.126584
0.461310   0.802203   0.403397   0.317245   0.150771   0.997992   0.933644   0.101060
0.498182   0.799278   0.977351   0.753392   0.106848   0.942636   0.089186   0.187717
0.336916   0.897284   0.489151   0.870571   0.188701   0.992643   0.984462   0.107912
0.876413   0.349309   0.209039   0.324074   0.153549   0.942008   0.962652   0.107467
0.716048   0.228221   0.079981   0.405256   0.150048   0.999346   0.995922   0.180525
0.351956   0.183866   0.217327   0.681882   0.036562   0.134210   0.995273   0.163772
0.361631   0.899865   0.517829   0.134185   0.129318   0.993926   0.919956   0.196452
0.495715   0.418903   0.130060   0.070265   0.186796   0.134465   0.960011   0.196196
0.701649   0.311324   0.552714   0.604290   0.168475   0.944558   0.997854   0.101937
0.150570   0.854107   0.265396   0.429316   0.996467   0.136047   0.932036   0.120294
0.294602   0.764708   0.023537   0.469605   0.905871   0.140968   0.905330   0.111574
0.028477   0.949059   0.505756   0.689179   0.152377   0.946558   0.113602   0.933863
0.111154   0.627218   0.614267   0.852247   0.914992   0.136965   0.990759   0.167207
0.451381   0.639826   0.708180   0.044264   0.163131   0.102948   0.956239   0.141381
0.357994   0.705962   0.613743   0.541801   0.186233   0.920876   0.078898   0.128430
0.372417   0.091237   0.781957   0.643391   0.026359   0.928260   0.155316   0.917911
0.281431   0.185498   0.795646   0.559835   0.105429   0.975687   0.192195   0.970067
0.893326   0.600622   0.579176   0.109435   0.971403   0.185037   0.120138   0.920964
0.341158   0.539270   0.580482   0.036000   0.989319   0.194287   0.974648   0.198628
0.779907   0.347772   0.416073   0.666495   0.182337   0.932089   0.997079   0.119987
0.554943   0.619994   0.501388   0.915578   0.119303   0.186472   0.975707   0.191481
0.125033   0.371361   0.176635   0.948304   0.121671   0.969686   0.108337   0.908982
0.832970   0.733905   0.615347   0.291254   0.922194   0.175023   0.135698   0.995393
0.412967   0.691545   0.608845   0.732010   0.100362   0.190066   0.964546   0.162053
0.551275   0.840052   0.447449   0.778808   0.197635   0.070142   0.964112   0.150210
0.702513   0.663688   0.475145   0.605994   0.985487   0.119654   0.134564   0.904931
0.459505   0.111109   0.752481   0.235441   0.938693   0.135289   0.035855   0.183814
0.074956   0.253071   0.114216   0.617255   0.110809   0.909736   0.121819   0.913038
0.456895   0.386406   0.425988   0.547806   0.125098   0.117519   0.968148   0.106346
0.399936   0.776799   0.203687   0.171786   0.121356   0.981060   0.904996   0.142734
0.537811   0.488143   0.312468   0.435697   0.121440   0.170249   0.955483   0.166041
0.678485   0.135385   0.386442   0.551559   0.125981   0.052423   0.914458   0.148567
0.491888   0.905697   0.919068   0.250045   0.105308   0.911061   0.193712   0.149319
0.630434   0.247933   0.678330   0.953372   0.194462   0.095298   0.098736   0.144837
0.123461   0.347809   0.361076   0.326959   0.172641   0.930214   0.164754   0.929614
0.368846   0.574187   0.572799   0.089251   0.996866   0.185429   0.969265   0.130078
0.717071   0.263158   0.550600   0.555282   0.109582   0.909278   0.953417   0.164893
0.057699   0.669694   0.543805   0.037669   0.183505   0.961376   0.101496   0.982901
0.720507   0.242632   0.383288   0.666405   0.151784   0.948860   0.932712   0.177975
0.309290   0.287940   0.748416   0.789532   0.029039   0.159657   0.037948   0.183377
0.665853   0.786511   0.371487   0.680603   0.914181   0.194205   0.935601   0.149791
0.948999   0.722211   0.529661   0.787182   0.952846   0.036095   0.994090   0.040532
0.099557   0.152816   0.682075   0.916809   0.160876   0.983193   0.175342   0.998668
0.701995   0.219186   0.566651   0.313990   0.137972   0.950890   0.981116   0.197472
0.553023   0.900625   0.530847   0.733814   0.145581   0.930539   0.197230   0.160486
0.109894   0.125676   0.086521   0.157837   0.145962   0.995488   0.156037   0.918298
0.808123   0.899789   0.224028   0.453377   0.916372   0.148900   0.193944   0.940431
0.324519   0.602032   0.701041   0.683381   0.921907   0.132981   0.083260   0.152354
0.288006   0.621592   0.085350   0.213795   0.901057   0.178658   0.943512   0.191344
0.612174   0.719817   0.577265   0.481789   0.949898   0.173727   0.921468   0.138049
0.829153   0.140614   0.881829   0.452141   0.189248   0.995270   0.955281   0.189553
0.240621   0.352774   0.639068   0.161553   0.179150   0.943273   0.185256   0.937833
0.174958   0.363010   0.892005   0.138571   0.138168   0.982442   0.120902   0.955970
0.095640   0.274998   0.252807   0.552047   0.158663   0.945488   0.182835   0.913459
0.145065   0.781507   0.904543   0.296664   0.997260   0.195854   0.998668   0.118618
0.670566   0.657010   0.845137   0.144133   0.135134   0.919110   0.015397   0.107639
0.530144   0.168760   0.373614   0.315075   0.906397   0.189596   0.992293   0.111528
0.722502   0.697227   0.581361   0.072033   0.957672   0.140681   0.184102   0.916943
0.579282   0.388993   0.657344   0.802874   0.149978   0.100606   0.973326   0.123485
0.694064   0.518614   0.707991   0.793851   0.135243   0.918817   0.046417   0.121746
0.941379   0.509019   0.627038   0.118681   0.939253   0.031773   0.953613   0.048118
0.889693   0.671394   0.259769   0.215330   0.979155   0.116024   0.125818   0.975140
0.291615   0.129244   0.218560   0.231608   0.138068   0.915766   0.146025   0.975419
0.451688   0.494557   0.211537   0.915354   0.198895   0.196301   0.989529   0.195304
0.909013   0.607350   0.684524   0.323835   0.926444   0.057680   0.948750   0.017000
0.256750   0.863404   0.557995   0.893767   0.992987   0.179427   0.916967   0.180892
0.175877   0.740910   0.207364   0.404390   0.906647   0.136465   0.988284   0.129148
0.845642   0.340383   0.615563   0.295781   0.180765   0.942337   0.947014   0.111542
0.861665   0.066681   0.556424   0.770723   0.147608   0.938825   0.957094   0.180280
0.314843   0.006966   0.490264   0.406944   0.031255   0.993095   0.102309   0.951268
0.612308   0.155756   0.554225   0.351528   0.129385   0.029499   0.945773   0.142751
0.574416   0.611831   0.230148   0.836730   0.139542   0.135638   0.900786   0.191412
0.598429   0.731337   0.290151   0.660802   0.157852   0.004796   0.908757   0.134177
0.290237   0.719843   0.210040   0.713890   0.993261   0.183613   0.971957   0.158478
0.125267   0.260394   0.173550   0.746023   0.125103   0.941791   0.148925   0.918981
0.044663   0.719444   0.208822   0.672649   0.107376   0.902133   0.133486   0.913113
0.506882   0.541964   0.874979   0.737825   0.135971   0.138007   0.976083   0.145672
0.360913   0.159620   0.210842   0.303774   0.047417   0.189476   0.966996   0.142503
0.915331   0.720230   0.434564   0.846614   0.981691   0.021708   0.952507   0.076177
0.260322   0.728148   0.094014   0.284368   0.982827   0.108974   0.907557   0.134250
0.152412   0.839957   0.483638   0.715662   0.981660   0.151121   0.951690   0.106596
0.120655   0.588504   0.859170   0.550042   0.962131   0.114663   0.975951   0.169585
0.087433   0.273009   0.253306   0.745188   0.190574   0.916202   0.186901   0.917199
0.697650   0.635583   0.572704   0.548011   0.113745   0.956120   0.947150   0.116608
0.872053   0.232251   0.718071   0.198430   0.162876   0.975608   0.988410   0.172720
0.562962   0.171201   0.407514   0.610242   0.098900   0.119566   0.904111   0.166491
0.642073   0.896598   0.051940   0.756983   0.972929   0.143562   0.917559   0.180776
0.885933   0.198290   0.467388   0.420872   0.193198   0.985493   0.940927   0.125506
0.866243   0.740649   0.241245   0.140249   0.997176   0.118365   0.169100   0.987625
0.531237   0.268196   0.904184   0.438988   0.937808   0.113973   0.001456   0.166659
0.149745   0.155883   0.205708   0.129845   0.159008   0.999526   0.174137   0.924815
0.221301   0.022015   0.412829   0.815131   0.158004   0.925336   0.170408   0.905479
0.580220   0.462148   0.771370   0.596957   0.121129   0.193944   0.950706   0.117606
0.562951   0.357501   0.533571   0.329762   0.188988   0.123610   0.909466   0.120467
0.754122   0.771484   0.603977   0.664160   0.966630   0.157011   0.101703   0.939858
0.916157   0.653405   0.616929   0.096050   0.902379   0.008044   0.920638   0.040148
0.660699   0.784418   0.806209   0.459114   0.942683   0.183067   0.088118   0.143721
0.472659   0.909045   0.287271   0.675392   0.116036   0.950605   0.159901   0.102080
0.415640   0.082654   0.443227   0.448028   0.953661   0.154322   0.110966   0.123783
0.613545   0.440659   0.100628   0.803113   0.186888   0.954021   0.967276   0.125314
0.085415   0.428903   0.911390   0.678177   0.156886   0.962762   0.124183   0.967564
0.157301   0.049820   0.636747   0.771606   0.182208   0.940343   0.145663   0.911841
0.238868   0.272822   0.206629   0.509834   0.185357   0.987581   0.130365   0.932677
0.310312   0.400048   0.697387   0.546391   0.952348   0.139829   0.062315   0.130676
0.381689   0.191597   0.438920   0.605475   0.042137   0.178980   0.958933   0.195200
0.788880   0.717403   0.171014   0.279932   0.996974   0.114126   0.189824   0.942207
0.158517   0.375874   0.964840   0.326447   0.150379   0.976604   0.164726   0.964613
0.910734   0.521592   0.517749   0.850030   0.940615   0.027432   0.935179   0.081742
0.951089   0.496972   0.729802   0.834492   0.974486   0.090409   0.904796   0.017379
0.246472   0.332033   0.534127   0.851454   0.173625   0.947383   0.169334   0.997217
0.111391   0.293398   0.771181   0.255930   0.160938   0.936446   0.188140   0.950291
0.185672   0.372022   0.935507   0.880387   0.175092   0.939486   0.182220   0.975190
0.800953   0.066797   0.889494   0.480917   0.159551   0.992097   0.997026   0.157294
0.577075   0.302824   0.573147   0.783214   0.141501   0.104221   0.913570   0.125720
0.232598   0.036261   0.689743   0.461852   0.110453   0.919016   0.136691   0.981704
0.787598   0.552880   0.902514   0.595832   0.187413   0.950529   0.903882   0.106393
0.878737   0.163383   0.411237   0.545862   0.133204   0.944680   0.958157   0.108290
0.355616   0.297734   0.689454   0.790225   0.019742   0.104051   0.086427   0.171675
0.651617   0.952692   0.387249   0.873202   0.065416   0.932247   0.125393   0.995652
0.478848   0.558421   0.841488   0.809390   0.166441   0.145256   0.917703   0.121488
0.766369   0.495987   0.335956   0.101507   0.143201   0.910557   0.947201   0.191246
0.245616   0.637895   0.060153   0.840674   0.906622   0.149439   0.952615   0.103510
0.501544   0.545722   0.099161   0.116090   0.197562   0.149371   0.956364   0.165258
0.453156   0.538075   0.918251   0.905843   0.114509   0.132104   0.930022   0.190766
0.261109   0.854026   0.937354   0.915476   0.935141   0.141979   0.972827   0.143776
0.503820   0.359237   0.265916   0.548154   0.169819   0.150927   0.937707   0.138516
0.137409   0.202614   0.344056   0.402650   0.132803   0.949785   0.171455   0.950832
0.522960   0.361148   0.212721   0.734624   0.191482   0.128728   0.992815   0.127626
0.904839   0.312642   0.080132   0.653129   0.907820   0.067377   0.927753   0.061780
0.685329   0.914801   0.617680   0.184258   0.048192   0.990657   0.139718   0.990423
0.466209   0.270978   0.866494   0.294058   0.978544   0.188628   0.094725   0.117872
0.103163   0.341057   0.640066   0.658694   0.117402   0.908127   0.125301   0.902973
0.717426   0.332382   0.421766   0.786227   0.184526   0.958032   0.905129   0.135016
0.100281   0.874866   0.330337   0.973841   0.926650   0.146601   0.951883   0.145304
0.750132   0.635651   0.478568   0.397519   0.902719   0.108452   0.175330   0.918448
0.808172   0.084023   0.100575   0.125298   0.188062   0.939033   0.963087   0.118522
0.688924   0.849621   0.666077   0.413854   0.997084   0.113706   0.081456   0.144999
0.452527   0.352156   0.318622   0.633965   0.191361   0.133335   0.985427   0.136475
0.142237   0.280151   0.233228   0.071554   0.130550   0.959796   0.199406   0.982992
0.076439   0.338781   0.353747   0.475426   0.175994   0.978846   0.198571   0.992851
0.627308   0.626084   0.381510   0.582163   0.140892   0.966529   0.970716   0.172167
0.357787   0.461734   0.542150   0.828427   0.901572   0.167479   0.938316   0.165454
0.735450   0.903991   0.393734   0.270579   0.907724   0.120304   0.183563   0.937905
0.928363   0.100160   0.292735   0.129190   0.963568   0.072352   0.911123   0.045229
0.369324   0.656495   0.651690   0.244699   0.900352   0.116027   0.018008   0.128019
0.820841   0.772014   0.604210   0.447100   0.968421   0.108879   0.155189   0.941558
0.329618   0.806371   0.737143   0.472315   0.111780   0.974151   0.089933   0.152939
0.466332   0.317661   0.487666   0.612246   0.142575   0.183899   0.950253   0.115218
0.125550   0.910729   0.645151   0.135186   0.958126   0.176990   0.997058   0.139765
0.597155   0.559381   0.463208   0.741320   0.143990   0.193427   0.933911   0.124779
0.376374   0.615848   0.825947   0.215871   0.965441   0.167661   0.042471   0.199077
0.416702   0.231883   0.178458   0.454990   0.077725   0.175576   0.968608   0.114181
0.658610   0.818372   0.214866   0.360332   0.902708   0.124457   0.946987   0.129420
0.775020   0.919052   0.341369   0.481153   0.977891   0.185376   0.171082   0.992713
0.461363   0.562452   0.565313   0.820869   0.194155   0.155028   0.909463   0.129725
0.274894   0.261766   0.678203   0.583007   0.185777   0.944592   0.193031   0.961511
0.691194   0.650832   0.701095   0.753712   0.106376   0.922616   0.011266   0.108812
0.505057   0.751526   0.578832   0.520111   0.105671   0.906165   0.957177   0.123455
0.395525   0.885299   0.555031   0.650134   0.124429   0.975271   0.970607   0.189005
0.185499   0.708585   0.680708   0.838498   0.901272   0.150269   0.906417   0.191995
0.866666   0.968974   0.111799   0.644083   0.964645   0.188583   0.123707   0.983977
0.786604   0.712482   0.712176   0.394236   0.947677   0.168511   0.184498   0.928119
0.244296   0.837269   0.969921   0.696352   0.976101   0.135853   0.987034   0.139349
0.470281   0.606375   0.075181   0.129614   0.144515   0.131005   0.947601   0.192245
0.810714   0.435539   0.076707   0.561492   0.120014   0.944315   0.988362   0.123536
0.052061   0.902450   0.525746   0.699578   0.129292   0.937970   0.190054   0.911487
0.372635   0.799584   0.852762   0.367085   0.100833   0.980459   0.098762   0.114327
0.795694   0.861198   0.553470   0.199995   0.925457   0.195583   0.121357   0.928037
0.343779   0.279708   0.623907   0.572823   0.051596   0.121447   0.006524   0.135763
0.940792   0.240369   0.097376   0.455588   0.927109   0.009958   0.927464   0.013164
0.608264   0.856677   0.727267   0.101807   0.952512   0.181490   0.026082   0.135322
0.850248   0.713591   0.194392   0.586486   0.983489   0.156078   0.103714   0.920837
0.251210   0.518542   0.298786   0.089556   0.968077   0.167090   0.989347   0.169426
0.612756   0.580408   0.418396   0.892897   0.151547   0.925871   0.952507   0.180941
0.432815   0.701397   0.342005   0.035765   0.169756   0.934285   0.936349   0.127167
0.704035   0.156562   0.068491   0.403498   0.169279   0.935422   0.974679   0.169462
0.334719   0.728680   0.484819   0.824610   0.149267   0.916080   0.984413   0.144445
0.149557   0.846781   0.062235   0.680764   0.936286   0.104520   0.903411   0.178432
0.687039   0.100574   0.834575   0.534086   0.159383   0.063131   0.070280   0.198790
0.546167   0.478691   0.818953   0.157539   0.134765   0.145223   0.945356   0.156742
0.761876   0.487941   0.772885   0.138674   0.149935   0.921028   0.914643   0.158084
0.589872   0.888303   0.640753   0.930493   0.111640   0.961958   0.085757   0.138126
0.311160   0.540284   0.757159   0.593997   0.916321   0.163857   0.057884   0.127830
0.102172   0.422858   0.852876   0.855078   0.952688   0.179465   0.974112   0.112086
0.149111   0.143959   0.613116   0.127276   0.172733   0.928577   0.133427   0.955854
0.460952   0.674506   0.518382   0.579572   0.110562   0.134490   0.950187   0.121851
0.215287   0.115948   0.060313   0.124501   0.195160   0.950784   0.162794   0.941321
0.479896   0.053533   0.363865   0.334054   0.990999   0.163466   0.196843   0.106002
0.144121   0.273862   0.648708   0.446210   0.137739   0.992316   0.177948   0.975634
0.160023   0.921845   0.477983   0.516773   0.996628   0.128149   0.974924   0.126866
0.627024   0.444013   0.891338   0.209643   0.106055   0.912303   0.088970   0.132623
0.080323   0.693754   0.865928   0.053540   0.147647   0.974512   0.147672   0.967563
0.058553   0.519077   0.441206   0.655235   0.108437   0.922292   0.107109   0.958458
0.801652   0.620138   0.813378   0.283022   0.945310   0.151506   0.132254   0.901708
0.728568   0.599477   0.931317   0.893231   0.170266   0.911980   0.932507   0.176112
0.703292   0.907253   0.833294   0.886379   0.938827   0.125274   0.123535   0.955099
0.352009   0.222654   0.731510   0.216393   0.005583   0.147579   0.049382   0.142791
0.360448   0.929795   0.569493   0.896043   0.904027   0.165202   0.179552   0.919932
0.833570   0.128533   0.738496   0.789946   0.167081   0.904383   0.952642   0.173849
0.840389   0.474434   0.591833   0.162326   0.150767   0.947147   0.909452   0.176969
0.106472   0.052684   0.571915   0.528145   0.105643   0.977134   0.164851   0.941397
0.645764   0.362010   0.055974   0.269734   0.117371   0.938700   0.984146   0.118172
0.863054   0.448946   0.778846   0.430535   0.107101   0.988472   0.973242   0.186890
0.125000   0.450572   0.423491   0.898989   0.954459   0.194375   0.952569   0.166738
0.825683   0.148039   0.873318   0.891033   0.122850   0.960707   0.932895   0.184423
0.480942   0.929624   0.744957   0.159655   0.199343   0.971724   0.188474   0.111065
0.076167   0.130962   0.635022   0.145022   0.126072   0.998599   0.165349   0.995621
0.569387   0.244160   0.449816   0.432895   0.034598   0.160319   0.956361   0.172416
0.134201   0.419434   0.022476   0.163297   0.986644   0.161586   0.998869   0.118892
0.637056   0.233290   0.769482   0.383434   0.117644   0.047281   0.024338   0.116992
0.250334   0.286347   0.159797   0.122328   0.123692   0.964439   0.133239   0.988173
0.479589   0.797288   0.428372   0.307873   0.110329   0.987524   0.957746   0.166206
0.503758   0.517873   0.181797   0.768368   0.130105   0.188887   0.986648   0.114232
0.923969   0.786345   0.905255   0.896264   0.908595   0.054554   0.999261   0.020194
0.280161   0.133170   0.471479   0.555464   0.134738   0.979820   0.150783   0.965408
0.796598   0.923877   0.755960   0.709022   0.998358   0.172773   0.109195   0.920902
0.107156   0.703118   0.474614   0.545371   0.964267   0.141411   0.969853   0.102722
0.797422   0.815956   0.620068   0.736373   0.977010   0.131059   0.138919   0.989264
0.427610   0.709781   0.556224   0.970111   0.164543   0.014394   0.987067   0.129063
0.876811   0.509550   0.414754   0.700204   0.144841   0.991720   0.984637   0.109608
0.258819   0.110182   0.300010   0.892076   0.129384   0.964116   0.142091   0.956539
0.083604   0.319616   0.185671   0.233423   0.145683   0.990307   0.113230   0.983661
0.253003   0.787255   0.442914   0.885485   0.940879   0.199707   0.915720   0.110086
0.276242   0.328632   0.941072   0.465084   0.187173   0.900673   0.134696   0.992149
0.750205   0.765690   0.400256   0.661493   0.996839   0.137165   0.159379   0.989377
0.720535   0.240307   0.386005   0.827611   0.143915   0.955574   0.942264   0.170143
0.769757   0.564180   0.604362   0.304100   0.181595   0.981578   0.984783   0.136147
0.220197   0.783955   0.486892   0.708887   0.944545   0.112495   0.926420   0.112055
0.824540   0.830119   0.824426   0.601508   0.982661   0.191043   0.163095   0.945002
0.758643   0.722075   0.264050   0.544766   0.987354   0.110439   0.137072   0.967434
0.606902   0.198422   0.364152   0.369255   0.167992   0.066095   0.955679   0.111231
0.759810   0.285703   0.888168   0.551575   0.113078   0.931305   0.913233   0.192564
0.656156   0.874136   0.735003   0.123122   0.957845   0.158941   0.019873   0.157220
0.547418   0.236525   0.154341   0.118389   0.980778   0.173812   0.906253   0.113210
0.763133   0.612845   0.557578   0.848084   0.936459   0.190902   0.199097   0.985745
0.179319   0.271945   0.782516   0.364541   0.168878   0.940064   0.185704   0.915860
0.700992   0.747536   0.726778   0.113627   0.997068   0.112232   0.105771   0.984293
0.695997   0.392985   0.216650   0.596356   0.188852   0.980845   0.931135   0.118640
0.606935   0.464623   0.370599   0.568092   0.198041   0.953356   0.921495   0.110318
0.431851   0.644976   0.549091   0.703503   0.132257   0.125161   0.994180   0.132878
0.823722   0.827671   0.354388   0.605441   0.970410   0.171754   0.132511   0.975263
0.268821   0.826410   0.746025   0.644671   0.909535   0.113923   0.957730   0.117180
0.618434   0.181129   0.320504   0.071611   0.187950   0.071233   0.956863   0.132069
0.800687   0.156551   0.880915   0.449440   0.170789   0.911304   0.993959   0.173421
0.602956   0.757499   0.289647   0.764513   0.964059   0.127493   0.936413   0.121978
0.563107   0.765663   0.574857   0.614524   0.138123   0.004076   0.963732   0.153849
0.909278   0.321272   0.370959   0.878825   0.959371   0.003472   0.921694   0.042910
0.268185   0.480638   0.505104   0.913275   0.966188   0.149367   0.977744   0.134971
0.279007   0.610745   0.162948   0.786048   0.906203   0.174689   0.935581   0.143637
0.479476   0.850110   0.354120   0.451431   0.112307   0.938229   0.954204   0.140426
0.756485   0.643369   0.929227   0.283750   0.940414   0.165462   0.145192   0.918418
0.108511   0.774251   0.734494   0.392479   0.925399   0.126821   0.996482   0.196445
0.368652   0.667098   0.511912   0.346786   0.974820   0.177427   0.937267   0.101389
0.705911   0.922533   0.946954   0.315512   0.946826   0.160113   0.155937   0.978512
0.390861   0.092068   0.580570   0.638144   0.077323   0.946580   0.108456   0.933261
0.696317   0.233498   0.226208   0.198072   0.175088   0.011119   0.976005   0.164101
0.909758   0.296090   0.803426   0.455605   0.964285   0.015019   0.932489   0.044578
0.270066   0.596601   0.514925   0.070378   0.968592   0.187122   0.904700   0.175401
0.469446   0.805459   0.754671   0.330115   0.176524   0.969490   0.010477   0.119891
0.181151   0.082313   0.787215   0.219367   0.153914   0.988382   0.162354   0.928313
0.776221   0.810073   0.141218   0.580046   0.930747   0.175982   0.150424   0.991004
0.619247   0.168355   0.616101   0.381501   0.112963   0.015438   0.016140   0.175291
0.131243   0.409330   0.347601   0.939866   0.908989   0.195968   0.908553   0.157645
0.504290   0.169198   0.908946   0.710646   0.989504   0.109720   0.023759   0.187378
0.315152   0.313826   0.402144   0.078823   0.957246   0.140505   0.923302   0.198763
0.848597   0.239192   0.705386   0.161864   0.154858   0.987759   0.948404   0.167952
0.624821   0.841217   0.620493   0.290409   0.985924   0.175150   0.088752   0.181313
0.093646   0.477560   0.737480   0.181650   0.123638   0.946201   0.127841   0.949665
0.384629   0.611479   0.360719   0.814751   0.904426   0.199828   0.985855   0.194989
0.389814   0.836036   0.434857   0.146479   0.173738   0.946488   0.937257   0.135728
0.735795   0.529683   0.111707   0.961247   0.157010   0.907187   0.906241   0.193827
0.918347   0.748839   0.820302   0.348970   0.933766   0.082864   0.999883   0.094675
0.472095   0.382079   0.679876   0.441739   0.190727   0.173359   0.968932   0.172665
0.845389   0.554629   0.533842   0.223093   0.113474   0.902342   0.913320   0.187590
0.679199   0.420002   0.322230   0.292068   0.125532   0.924729   0.941604   0.167096
0.645007   0.554798   0.092850   0.717549   0.174686   0.978083   0.997862   0.166320
0.819490   0.795585   0.630157   0.307393   0.953973   0.196230   0.179430   0.927597
0.813829   0.202420   0.596374   0.903015   0.112771   0.928266   0.986817   0.141014
0.767977   0.706948   0.377374   0.400681   0.971042   0.146743   0.159714   0.981637
0.104716   0.225329   0.046125   0.612719   0.125945   0.919548   0.103931   0.923119
0.561954   0.459974   0.411508   0.735974   0.125091   0.186925   0.911548   0.196522
0.897009   0.428757   0.428828   0.383725   0.102507   0.963147   0.988520   0.159194
0.290749   0.063961   0.293648   0.394054   0.158417   0.914529   0.196673   0.958609
0.073486   0.499513   0.639637   0.756038   0.136269   0.908054   0.135170   0.974895
0.816414   0.318897   0.743983   0.209966   0.197894   0.943335   0.933802   0.160962
0.225820   0.638544   0.444288   0.218699   0.986985   0.178162   0.977566   0.181983
0.864558   0.822104   0.481389   0.416597   0.919626   0.174422   0.177056   0.988508
0.584768   0.617531   0.550440   0.273974   0.159771   0.172366   0.974797   0.148792
0.635374   0.636752   0.438808   0.443277   0.195226   0.965942   0.913960   0.105169
0.239437   0.446740   0.502819   0.765005   0.947762   0.159588   0.932329   0.177645
0.143298   0.260358   0.695708   0.446709   0.181919   0.933370   0.147910   0.918984
0.558089   0.157823   0.185901   0.457089   0.051539   0.186299   0.938133   0.178175
0.436422   0.286091   0.792268   0.489025   0.956854   0.157560   0.006195   0.158278
0.723042   0.891350   0.330694   0.370370   0.925802   0.109097   0.120073   0.929249
0.515958   0.181959   0.818887   0.531382   0.900579   0.159334   0.047825   0.170615
0.597292   0.307102   0.276277   0.291852   0.137234   0.183320   0.976446   0.100194
0.521169   0.488764   0.845400   0.723716   0.106411   0.136406   0.979215   0.117941
0.167922   0.492866   0.382025   0.841348   0.928028   0.122750   0.990505   0.141216
0.412089   0.464565   0.603161   0.255333   0.124459   0.110199   0.992958   0.112478
0.920945   0.062300   0.273672   0.357908   0.977398   0.079627   0.980616   0.004606
0.505849   0.251898   0.824242   0.693372   0.985501   0.129378   0.019225   0.182109
0.552008   0.731668   0.197849   0.203757   0.112370   0.954577   0.996417   0.166695
0.789408   0.570243   0.576075   0.104784   0.107337   0.948320   0.978659   0.177376
0.584015   0.431680   0.281756   0.295586   0.119300   0.105505   0.911882   0.141826
0.556012   0.081266   0.120397   0.887447   0.993749   0.191647   0.183177   0.186510
0.476586   0.410177   0.709881   0.068355   0.106076   0.144699   0.951827   0.123279
0.453937   0.711621   0.543825   0.085036   0.128620   0.983702   0.980272   0.155877
0.490763   0.103115   0.473730   0.446645   0.099820   0.198415   0.968467   0.196297
0.160827   0.523418   0.386075   0.630876   0.977405   0.129396   0.993331   0.112458
0.215276   0.238941   0.338145   0.960900   0.140382   0.922164   0.117833   0.969737
0.718962   0.083873   0.246625   0.825329   0.194368   0.912525   0.919629   0.132503
0.673802   0.581261   0.803540   0.787540   0.168417   0.950113   0.013443   0.143706
0.090299   0.483508   0.718106   0.184531   0.127750   0.987385   0.187785   0.912666
0.103284   0.083794   0.566970   0.429933   0.165726   0.937348   0.119977   0.944941
0.892141   0.409673   0.769342   0.504566   0.108625   0.906565   0.936352   0.106789
0.837886   0.090773   0.558009   0.770618   0.131758   0.913692   0.981335   0.134273
0.591969   0.516646   0.669605   0.361238   0.161622   0.147041   0.943212   0.126325
0.241779   0.913674   0.527499   0.028554   0.974446   0.120755   0.911107   0.109607
0.589397   0.466909   0.305102   0.607862   0.102595   0.117269   0.929307   0.169326
0.496208   0.604694   0.403321   0.312743   0.195092   0.189588   0.901508   0.193735
0.743804   0.924290   0.369356   0.227219   0.941895   0.149306   0.131105   0.928767
0.390164   0.281626   0.961861   0.565929   0.078904   0.139052   0.066752   0.163825
0.188875   0.374625   0.858408   0.648347   0.168658   0.915093   0.195797   0.982971
0.185048   0.460690   0.214586   0.837972   0.971161   0.109144   0.996933   0.194447
0.685332   0.693820   0.825615   0.188343   0.113804   0.990577   0.054796   0.130236
0.304864   0.555968   0.089280   0.228653   0.986285   0.147048   0.989671   0.142570
0.628050   0.501701   0.193880   0.359559   0.185531   0.922907   0.960172   0.139677
0.081520   0.500169   0.279986   0.381857   0.195558   0.909390   0.194298   0.922574
0.214971   0.297698   0.703324   0.506163   0.173347   0.918165   0.184523   0.971554
0.129524   0.206852   0.735834   0.081303   0.143390   0.912306   0.131304   0.924897
0.194368   0.078202   0.217952   0.454369   0.198099   0.937944   0.141779   0.958733
0.852748   0.262468   0.797007   0.156529   0.106949   0.992398   0.911311   0.177680
0.499163   0.944660   0.354201   0.070317   0.147007   0.995540   0.123503   0.194357
0.757146   0.415478   0.421178   0.222493   0.148951   0.941562   0.990395   0.184499
0.845645   0.393191   0.780871   0.706216   0.101531   0.981246   0.926048   0.170455
0.649330   0.842770   0.242716   0.906640   0.931794   0.192617   0.906798   0.128935
0.627632   0.680198   0.046731   0.868512   0.188142   0.906229   0.903263   0.147309
0.577771   0.186375   0.858661   0.710824   0.949299   0.197021   0.015477   0.166313
0.337538   0.716415   0.869129   0.977198   0.152692   0.957356   0.086365   0.189473
0.528753   0.633362   0.432824   0.107925   0.151603   0.179155   0.958074   0.175117
0.512906   0.341159   0.341500   0.774890   0.134773   0.199677   0.987571   0.152206
0.670023   0.462599   0.496387   0.359000   0.175268   0.959194   0.970557   0.196477
0.634475   0.940330   0.592354   0.269616   0.099427   0.995477   0.109450   0.937993
0.716109   0.237731   0.954048   0.892127   0.125170   0.947582   0.921332   0.172110
0.629242   0.930340   0.230124   0.093502   0.031348   0.995952   0.167910   0.969800
0.319862   0.184938   0.410561   0.826696   0.032851   0.114310   0.961070   0.162282
0.258175   0.866169   0.828489   0.479450   0.968556   0.102827   0.935624   0.127398
0.917006   0.416099   0.202969   0.109006   0.955813   0.000490   0.948727   0.045337
0.833319   0.101307   0.505331   0.512050   0.109016   0.919132   0.991137   0.192583
0.450192   0.392013   0.321939   0.875751   0.133824   0.164818   0.946353   0.161959
0.821352   0.112365   0.368499   0.176812   0.106871   0.988348   0.969713   0.153989
0.164859   0.371482   0.466726   0.917456   0.112123   0.997892   0.137573   0.961239
0.864482   0.312535   0.385940   0.615141   0.151852   0.975618   0.928564   0.140704
0.561837   0.815237   0.586790   0.215418   0.163330   0.948922   0.990819   0.150809
0.163734   0.320178   0.166320   0.553770   0.123367   0.916868   0.114800   0.919073
0.599563   0.828761   0.526142   0.485791   0.102268   0.923635   0.978330   0.108944
0.374242   0.739083   0.455681   0.584882   0.129359   0.954758   0.907652   0.155275
0.323854   0.134959   0.884111   0.342911   0.070969   0.192639   0.029363   0.141622
0.471908   0.363688   0.236013   0.541496   0.193042   0.157937   0.919784   0.155903
0.115192   0.379587   0.695636   0.722884   0.185723   0.941739   0.123551   0.973734
0.316115   0.893533   0.533389   0.141380   0.130653   0.927394   0.949624   0.136575
0.306230   0.049470   0.421502   0.251528   0.069878   0.907172   0.182036   0.909304
0.521220   0.841371   0.121625   0.337300   0.105483   0.962574   0.936804   0.159878
0.829697   0.233310   0.091668   0.094939   0.137126   0.924227   0.932542   0.177541
0.790624   0.853652   0.653362   0.190571   0.980032   0.115308   0.189943   0.982296
0.264164   0.153089   0.581116   0.234363   0.167758   0.972377   0.180467   0.975749
0.110947   0.807365   0.164098   0.972683   0.952129   0.116620   0.930617   0.176670
0.140654   0.933981   0.318659   0.573019   0.951557   0.101773   0.910992   0.190189
0.144644   0.632802   0.716548   0.392451   0.955764   0.114364   0.950246   0.188546
0.303492   0.339042   0.688772   0.782803   0.915927   0.128363   0.080511   0.165993
0.173372   0.117631   0.259327   0.895288   0.133134   0.978070   0.179131   0.934734
0.224208   0.638497   0.336562   0.848683   0.975122   0.164888   0.923698   0.104774
0.074012   0.337892   0.132400   0.477345   0.160752   0.962476   0.131594   0.970185
0.811039   0.360525   0.437647   0.850187   0.124009   0.920435   0.921689   0.106134
0.612682   0.104448   0.680511   0.245169   0.130531   0.017330   0.065421   0.145941
0.721403   0.569582   0.114716   0.188799   0.197383   0.960521   0.982044   0.160701
0.376059   0.578104   0.698337   0.711486   0.943659   0.171191   0.088900   0.199608
0.195151   0.091494   0.397396   0.863777   0.177398   0.997802   0.193126   0.932716
0.885844   0.265925   0.349653   0.913502   0.107630   0.949900   0.917703   0.129088
0.556804   0.601495   0.438099   0.387244   0.180571   0.163157   0.940413   0.170947
0.022742   0.220478   0.375894   0.611491   0.168703   0.974451   0.122807   0.900773
0.437706   0.886813   0.264524   0.586926   0.127589   0.998965   0.977278   0.152158
0.610932   0.916360   0.019705   0.141064   0.071372   0.919319   0.144903   0.978883
0.956267   0.733807   0.279918   0.287326   0.962176   0.029072   0.931467   0.062377
0.851864   0.940970   0.360781   0.289236   0.956222   0.195245   0.120781   0.976159
0.143670   0.845103   0.518774   0.250600   0.906163   0.110323   0.948534   0.132467
0.778733   0.064148   0.468726   0.207177   0.101446   0.939652   0.946891   0.114602
0.090943   0.746106   0.841689   0.393732   0.157509   0.915822   0.163917   0.934706
0.116523   0.647749   0.917034   0.303445   0.995834   0.162673   0.958428   0.191436
0.441219   0.842194   0.261432   0.159916   0.196967   0.909692   0.944394   0.178035
0.731877   0.151558   0.226513   0.690947   0.161258   0.995883   0.924562   0.176854
0.279598   0.506895   0.306023   0.761908   0.943968   0.162785   0.997877   0.136757
0.147909   0.147613   0.518247   0.109864   0.198811   0.953599   0.162443   0.970441
0.760281   0.265689   0.731949   0.432058   0.169912   0.986148   0.981134   0.184324
0.729571   0.458328   0.816186   0.089530   0.108475   0.958319   0.970947   0.192195
0.397232   0.885654   0.164015   0.263138   0.173840   0.943269   0.916325   0.194143
0.873063   0.856986   0.702835   0.546303   0.991489   0.139364   0.152107   0.921534
0.856299   0.216086   0.875638   0.932984   0.160172   0.906882   0.932183   0.133961
0.714594   0.862152   0.688942   0.454149   0.927545   0.169787   0.131022   0.999186
0.384383   0.786198   0.756185   0.530291   0.110140   0.973540   0.093868   0.188248
0.171329   0.397654   0.603606   0.910135   0.187005   0.921423   0.199173   0.970026
0.125828   0.193155   0.752832   0.381579   0.120964   0.970053   0.122784   0.932277
0.887878   0.301191   0.701091   0.524617   0.147808   0.918400   0.984080   0.114885
0.630449   0.786826   0.500924   0.434700   0.909779   0.169102   0.941934   0.157657
0.925969   0.896796   0.915428   0.428232   0.974639   0.076835   0.966780   0.032862
0.051199   0.926304   0.470864   0.588704   0.177416   0.964491   0.190803   0.963089
0.287693   0.111838   0.766415   0.608110   0.151890   0.997680   0.138924   0.973717
0.820276   0.842388   0.793094   0.097821   0.904513   0.182054   0.113726   0.944168
0.357965   0.190806   0.268369   0.020678   0.005506   0.194286   0.911314   0.157472
0.324235   0.404940   0.390738   0.680662   0.984706   0.102377   0.951626   0.140240
0.835178   0.482301   0.446970   0.220518   0.164794   0.935242   0.909987   0.172234
0.896053   0.170478   0.122142   0.179074   0.126857   0.969856   0.989303   0.133560
0.566721   0.153817   0.694812   0.227620   0.977753   0.163933   0.052530   0.177762
0.370428   0.318911   0.244729   0.360831   0.900175   0.152570   0.992217   0.127648
0.768642   0.839586   0.113610   0.123788   0.939685   0.182932   0.143013   0.947550
0.908550   0.334282   0.561497   0.080735   0.910624   0.046975   0.996066   0.025582
0.475359   0.423655   0.339248   0.827162   0.147441   0.184930   0.912900   0.166834
0.464415   0.128258   0.885144   0.354390   0.953357   0.187423   0.084909   0.106166
0.834129   0.809530   0.052275   0.108596   0.990543   0.155373   0.111560   0.918373
0.196495   0.988278   0.378088   0.935473   0.982175   0.179816   0.906028   0.121378
0.652568   0.535755   0.298983   0.163491   0.123330   0.944524   0.968333   0.169503
0.781321   0.246745   0.149485   0.553739   0.131942   0.944173   0.951915   0.198591
0.407521   0.691877   0.728723   0.975544   0.174808   0.126867   0.954716   0.104275
0.870674   0.276272   0.332287   0.615290   0.104274   0.930259   0.970568   0.197306
0.629662   0.545672   0.123155   0.707665   0.117673   0.933256   0.995383   0.149533
0.192439   0.266245   0.155563   0.628464   0.193366   0.993913   0.113739   0.908015
0.261886   0.767607   0.102740   0.145227   0.982660   0.142683   0.907087   0.165017
0.542955   0.653650   0.239623   0.734886   0.190195   0.117486   0.939468   0.161721
0.563703   0.710066   0.114514   0.294526   0.100070   0.945979   0.915837   0.102499
0.870707   0.344623   0.327481   0.829335   0.171205   0.903015   0.918043   0.161775
0.659081   0.424676   0.504545   0.606683   0.190463   0.909214   0.963137   0.116502
0.796728   0.546691   0.400754   0.138049   0.170500   0.916563   0.946146   0.117768
0.693210   0.266906   0.635840   0.214183   0.183963   0.058437   0.013409   0.114121
0.322047   0.664729   0.648271   0.738710   0.905110   0.198109   0.076045   0.184813
0.329743   0.638428   0.595551   0.676771   0.989199   0.142194   0.958905   0.187933
0.707462   0.833222   0.338024   0.578555   0.934164   0.131678   0.137502   0.929808
0.702854   0.266714   0.984388   0.971351   0.151924   0.914727   0.930268   0.162840
0.652074   0.574729   0.521591   0.836912   0.158933   0.972290   0.914533   0.169681
0.129253   0.008551   0.771445   0.807219   0.163341   0.974711   0.182882   0.996978
0.435206   0.395144   0.527258   0.171172   0.181493   0.134559   0.901258   0.113246
0.250874   0.807954   0.137835   0.922764   0.996313   0.149317   0.945334   0.106730
0.541438   0.613561   0.335676   0.320154   0.169557   0.124585   0.947340   0.164682
0.397041   0.715134   0.244452   0.903520   0.193759   0.952840   0.987989   0.115695
0.605243   0.087702   0.259333   0.052302   0.971715   0.183904   0.196871   0.954030
0.858184   0.837215   0.369558   0.983472   0.963210   0.146503   0.193061   0.966737
0.636149   0.129417   0.100323   0.909051   0.153442   0.078295   0.915019   0.143192
0.529458   0.153493   0.206237   0.491952   0.064624   0.197688   0.936565   0.143460
0.508715   0.534278   0.309389   0.232066   0.157269   0.156623   0.941376   0.129187
0.133663   0.451856   0.338139   0.343112   0.977306   0.173188   0.975904   0.134074
0.814174   0.142546   0.767806   0.755791   0.103089   0.937264   0.965898   0.161157
0.673464   0.106167   0.747464   0.973625   0.183449   0.011453   0.085447   0.123780
0.219485   0.618013   0.494327   0.420579   0.942105   0.157821   0.961987   0.162880
0.672752   0.266579   0.355265   0.374036   0.104401   0.016508   0.961259   0.108662
0.665057   0.374427   0.657276   0.855308   0.107754   0.998686   0.035874   0.172314
0.718908   0.129835   0.105342   0.322884   0.129643   0.914248   0.993588   0.162501
0.313349   0.651548   0.333690   0.773319   0.905497   0.166395   0.970927   0.173145
0.845731   0.239654   0.554412   0.168465   0.168948   0.949083   0.980419   0.147032
0.562695   0.089137   0.657112   0.904420   0.928614   0.155777   0.142738   0.185121
0.158268   0.576541   0.471275   0.636648   0.992420   0.161957   0.984902   0.189335
0.925974   0.481245   0.684194   0.692552   0.905639   0.091574   0.945047   0.016750
0.692743   0.276510   0.891706   0.479525   0.144677   0.051952   0.030343   0.113090
0.591531   0.636494   0.500522   0.805130   0.106788   0.102727   0.944349   0.194193
0.442492   0.224379   0.471866   0.338483   0.965318   0.177886   0.995194   0.133580
0.909073   0.236563   0.558175   0.480995   0.956226   0.087849   0.913787   0.022174
0.413996   0.871616   0.323182   0.580766   0.178737   0.916818   0.922403   0.180976
0.325068   0.880631   0.194616   0.498250   0.108273   0.959708   0.922709   0.161251
0.813209   0.136822   0.287773   0.199231   0.104710   0.966061   0.983659   0.167722
0.592461   0.184172   0.452308   0.626988   0.099812   0.119071   0.912455   0.195329
0.120739   0.283099   0.192187   0.872732   0.144383   0.994257   0.127940   0.951230
0.185870   0.445651   0.181075   0.154183   0.990765   0.125942   0.908570   0.127283
0.303124   0.092791   0.839230   0.119941   0.071012   0.931675   0.153677   0.925947
0.499617   0.793349   0.120330   0.885090   0.174079   0.023553   0.919850   0.171893
0.161255   0.512621   0.226913   0.646842   0.942162   0.188490   0.987463   0.170483
0.674095   0.215559   0.578058   0.792155   0.169030   0.027343   0.977280   0.120920
0.138260   0.770036   0.376637   0.401406   0.988837   0.174314   0.960905   0.147036
0.323768   0.539115   0.887294   0.952112   0.928709   0.125684   0.073815   0.178525
0.111021   0.405394   0.186270   0.928073   0.941152   0.190647   0.917768   0.103266
0.764316   0.376863   0.579087   0.723642   0.188005   0.911398   0.937663   0.158123
0.217232   0.333125   0.928476   0.866313   0.128308   0.920224   0.129638   0.924678
0.736171   0.894528   0.152251   0.245281   0.953835   0.143885   0.115153   0.936436
0.370251   0.329236   0.507315   0.438613   0.933142   0.198172   0.936568   0.101611
0.314116   0.343572   0.631230   0.355136   0.978580   0.197081   0.082907   0.124843
0.675081   0.595397   0.279227   0.867282   0.167189   0.995218   0.984618   0.151468
0.874017   0.427670   0.076147   0.876877   0.144374   0.942609   0.927170   0.156240
0.622535   0.190083   0.291734   0.875715   0.161468   0.069006   0.900412   0.116985
0.240601   0.416603   0.906546   0.492836   0.967634   0.102067   0.926242   0.194003
0.410985   0.114430   0.410470   0.923698   0.074012   0.124016   0.992296   0.139296
0.979003   0.161751   0.913419   0.433857   0.975934   0.062021   0.987077   0.001942
0.594709   0.858956   0.483796   0.264699   0.166307   0.993956   0.915191   0.175273
0.854386   0.794608   0.754426   0.372992   0.944323   0.185130   0.139333   0.943270
0.325305   0.526326   0.919380   0.222931   0.948157   0.124580   0.079410   0.134488
0.120106   0.737743   0.821550   0.121972   0.909053   0.161209   0.947371   0.179362
0.314011   0.231888   0.291598   0.702537   0.086509   0.182215   0.932039   0.111939
0.315317   0.291531   0.642023   0.591354   0.090981   0.153956   0.077999   0.132025
0.685899   0.141735   0.602604   0.085349   0.117920   0.064426   0.071921   0.123661
0.582366   0.374552   0.621891   0.086256   0.123880   0.116029   0.984920   0.199634
0.848077   0.893129   0.524793   0.156826   0.994646   0.155239   0.161847   0.960325
0.959107   0.859157   0.620588   0.134563   0.942233   0.094098   0.946210   0.030802
0.474493   0.310322   0.389965   0.953055   0.188255   0.182115   0.955986   0.101609
0.485059   0.655897   0.072950   0.468983   0.145431   0.171683   0.931187   0.149883
0.234573   0.591842   0.907746   0.447516   0.932339   0.107911   0.906985   0.148440
0.376858   0.278032   0.394551   0.771468   0.020156   0.131756   0.902793   0.134593
0.200819   0.757363   0.904844   0.574210   0.931268   0.152350   0.947518   0.152724
0.759461   0.177861   0.605652   0.486084   0.148190   0.940685   0.933835   0.130239
0.410351   0.405186   0.284879   0.413347   0.171983   0.107368   0.937138   0.149767
0.635004   0.704764   0.188692   0.327606   0.910671   0.124723   0.928264   0.181579
0.513661   0.479443   0.619345   0.439954   0.154367   0.123596   0.951079   0.115083
0.822812   0.872504   0.323482   0.191660   0.911631   0.163297   0.140703   0.904843
0.633359   0.413030   0.136741   0.050410   0.172316   0.952602   0.943910   0.178321
0.076353   0.523555   0.113830   0.417467   0.137419   0.908163   0.115933   0.970422
0.423663   0.144380   0.168195   0.343163   0.972652   0.154820   0.940582   0.119261
0.139239   0.400747   0.890904   0.501924   0.916687   0.174743   0.922569   0.160592
0.564394   0.414577   0.830053   0.122169   0.171237   0.167458   0.902954   0.104534
0.256113   0.112440   0.407492   0.509415   0.152609   0.943113   0.183331   0.931734
0.603912   0.394814   0.572478   0.385659   0.197718   0.997433   0.935042   0.115708
0.804789   0.930261   0.224765   0.603080   0.965349   0.154373   0.104386   0.981473
0.847085   0.595645   0.358493   0.482013   0.103787   0.914962   0.905109   0.113037
0.304085   0.308917   0.300349   0.284858   0.935376   0.102647   0.924679   0.192409
0.143927   0.726028   0.620129   0.808408   0.965332   0.174825   0.964010   0.179321
0.046398   0.069023   0.907632   0.788393   0.118030   0.929299   0.108901   0.926377
0.171365   0.493843   0.922999   0.812816   0.914113   0.143748   0.966841   0.165270
0.356589   0.852275   0.912640   0.656135   0.195286   0.966842   0.051996   0.121528
0.955498   0.437095   0.663033   0.845568   0.965243   0.092208   0.957976   0.096901
0.756440   0.811358   0.091570   0.267328   0.909909   0.186518   0.132339   0.953731
0.108483   0.864113   0.235997   0.849372   0.944149   0.146318   0.985146   0.152517
0.852793   0.609634   0.167228   0.081200   0.989981   0.175286   0.153936   0.972533
0.430926   0.878588   0.341537   0.621717   0.151197   0.007711   0.993146   0.124960
0.858451   0.838504   0.222974   0.781720   0.995714   0.119966   0.189843   0.904130
0.553098   0.063921   0.230811   0.173069   0.951637   0.126935   0.161227   0.164977
0.774673   0.206921   0.289473   0.387562   0.174765   0.916045   0.991546   0.154075
0.314856   0.802867   0.285914   0.567795   0.198228   0.995195   0.937855   0.123842
0.494919   0.553118   0.282976   0.346120   0.118085   0.155394   0.948160   0.147959
0.886097   0.123877   0.406561   0.699392   0.112079   0.981185   0.989404   0.101463
0.554650   0.708324   0.788180   0.437885   0.129442   0.951480   0.067000   0.112404
0.212839   0.446461   0.385178   0.327642   0.981139   0.175767   0.918827   0.155898
0.324924   0.533111   0.153293   0.884353   0.938679   0.155373   0.919415   0.101955
0.854339   0.849714   0.391948   0.279129   0.981861   0.105744   0.125415   0.924558
0.385885   0.603106   0.764017   0.962749   0.997190   0.183129   0.028629   0.173016
0.430481   0.035481   0.361432   0.094150   0.947554   0.146105   0.170827   0.112152
0.367914   0.460870   0.271304   0.723348   0.924363   0.129152   0.933194   0.111926
0.219598   0.819489   0.131948   0.603344   0.990548   0.167740   0.982562   0.160125
0.437895   0.145556   0.722313   0.834534   0.947042   0.158687   0.000512   0.184854
0.147548   0.118477   0.381620   0.431373   0.100175   0.942018   0.151343   0.970008
0.924150   0.814121   0.455449   0.315005   0.950806   0.073756   0.957307   0.012418
0.209553   0.564198   0.819900   0.098318   0.938427   0.148255   0.968330   0.185769
0.671770   0.158699   0.322317   0.266900   0.167143   0.042805   0.945506   0.142646
0.320045   0.409818   0.874650   0.629972   0.958420   0.145710   0.061347   0.192661
0.628635   0.423619   0.789190   0.744290   0.198999   0.909218   0.038059   0.182881
0.808705   0.528748   0.740773   0.679370   0.121214   0.965898   0.942852   0.111225
0.387745   0.486115   0.248043   0.157283   0.988300   0.173957   0.974124   0.141629
0.694522   0.900066   0.510388   0.083540   0.045741   0.999102   0.197610   0.919428
0.838085   0.253488   0.637054   0.730161   0.137111   0.947056   0.972744   0.103154
0.575709   0.500838   0.751678   0.596762   0.152061   0.110982   0.934562   0.119062
0.676282   0.272526   0.491734   0.190953   0.195838   0.020907   0.950982   0.189599
0.123903   0.383782   0.732486   0.375452   0.168022   0.977825   0.165588   0.970370
0.733734   0.811199   0.713174   0.191838   0.906708   0.129732   0.129248   0.928626
0.911506   0.463032   0.680974   0.046831   0.988105   0.014231   0.922891   0.066506
0.567611   0.119671   0.308093   0.068808   0.972386   0.126384   0.968820   0.109608
0.862945   0.703703   0.378654   0.050855   0.991297   0.161456   0.119796   0.965782
0.495504   0.183146   0.940873   0.694998   0.904586   0.143147   0.039323   0.189555
0.282871   0.459739   0.203147   0.102415   0.978396   0.171347   0.947646   0.112233
0.416627   0.274547   0.552977   0.295154   0.928876   0.126817   0.919766   0.167039
0.784945   0.611909   0.779912   0.266924   0.922735   0.136139   0.167118   0.988649
0.265903   0.620656   0.105187   0.799555   0.936568   0.116223   0.973723   0.154084
0.470191   0.326038   0.724992   0.165637   0.169086   0.105305   0.918557   0.175785
0.105645   0.763645   0.295973   0.099227   0.943342   0.125770   0.934170   0.191447
0.433309   0.342666   0.462259   0.638241   0.105420   0.110750   0.941326   0.108372
0.581197   0.515064   0.813373   0.355332   0.198870   0.167903   0.996426   0.158211
0.714324   0.471871   0.239353   0.741691   0.169642   0.943763   0.970538   0.175502
0.902709   0.923109   0.225180   0.708690   0.995952   0.047434   0.915918   0.081654
0.488710   0.770988   0.605944   0.856216   0.104884   0.957490   0.037616   0.162910
0.093317   0.799012   0.035510   0.321784   0.130045   0.969438   0.128565   0.912930
0.276594   0.590948   0.474832   0.775058   0.923347   0.117517   0.930839   0.197777
0.363928   0.813404   0.137884   0.583794   0.153284   0.951275   0.987271   0.158240
0.846480   0.298528   0.316735   0.730289   0.110714   0.963177   0.978549   0.102426
0.247586   0.311489   0.475028   0.166601   0.136946   0.991785   0.194408   0.934855
0.356041   0.513229   0.611221   0.091586   0.967015   0.161922   0.001857   0.186821
0.413968   0.340127   0.272232   0.110680   0.102021   0.115450   0.915169   0.115540
0.818932   0.347068   0.258450   0.100007   0.190152   0.961257   0.956571   0.187749
0.144545   0.116835   0.201619   0.616893   0.109173   0.961142   0.115166   0.925239
0.931869   0.500498   0.980015   0.212609   0.932975   0.097321   0.953069   0.083876
0.338512   0.517709   0.355752   0.726267   0.972669   0.198720   0.950514   0.106244
0.153744   0.728722   0.580869   0.868300   0.937542   0.157179   0.944948   0.186811
0.930957   0.522326   0.852707   0.707098   0.997004   0.075663   0.972522   0.089780
0.851171   0.745751   0.712022   0.290066   0.927904   0.157447   0.164461   0.917675
0.145239   0.665087   0.826089   0.102049   0.906454   0.141245   0.987057   0.122920
0.421188   0.268109   0.386420   0.723274   0.090200   0.173067   0.943911   0.197796
0.636513   0.731155   0.768983   0.573651   0.946007   0.167154   0.087386   0.106224
0.347686   0.730633   0.082827   0.891345   0.173156   0.995370   0.968293   0.168111
0.217354   0.826556   0.282199   0.350325   0.949752   0.104635   0.947237   0.122165
0.447363   0.508722   0.439519   0.124793   0.154545   0.178462   0.964338   0.188458
0.795624   0.815615   0.305501   0.265659   0.936309   0.149761   0.157698   0.906478
0.135907   0.211803   0.104853   0.292750   0.101452   0.918489   0.174668   0.968700
0.267180   0.470863   0.151649   0.648431   0.957761   0.134465   0.938909   0.157057
0.566338   0.718285   0.029062   0.288780   0.150654   0.990446   0.987946   0.165184
0.160969   0.103943   0.228463   0.133254   0.173610   0.988795   0.114776   0.915254
0.703867   0.899711   0.826099   0.512791   0.999275   0.118178   0.164913   0.934527
0.783222   0.790889   0.359906   0.286362   0.952142   0.129361   0.112637   0.981652
0.669819   0.194796   0.608134   0.328200   0.142722   0.090115   0.007005   0.144439
0.299284   0.120427   0.392401   0.973084   0.101830   0.972305   0.139580   0.955055
0.797371   0.711871   0.521006   0.794740   0.939122   0.115840   0.169000   0.925380
0.358053   0.339543   0.353980   0.751830   0.909975   0.112575   0.928828   0.162695
0.050147   0.090631   0.160234   0.848027   0.194618   0.932234   0.193265   0.933250
0.513708   0.885061   0.075728   0.035489   0.140176   0.917022   0.923924   0.188096
0.830607   0.656176   0.832076   0.751648   0.980510   0.112981   0.195237   0.927305
0.839493   0.198838   0.846876   0.095518   0.121406   0.903148   0.990728   0.103844
0.838682   0.759393   0.609750   0.875027   0.956456   0.109360   0.199130   0.921914
0.968443   0.332884   0.769707   0.226903   0.984755   0.080495   0.932315   0.012926
0.209411   0.497518   0.518996   0.185877   0.969170   0.125528   0.974819   0.199652
0.729543   0.959233   0.728452   0.908375   0.957531   0.140168   0.139339   0.935992
0.096798   0.708108   0.342543   0.079484   0.166425   0.990395   0.126112   0.989679
0.618821   0.813639   0.490736   0.681679   0.984073   0.154086   0.952433   0.157890
0.801906   0.541815   0.620646   0.297753   0.118127   0.961342   0.901458   0.108274
0.199407   0.920673   0.513429   0.756683   0.924458   0.199146   0.992754   0.197535
0.174074   0.068601   0.081276   0.871105   0.143410   0.971060   0.158810   0.964698
0.137811   0.773811   0.754874   0.184870   0.939360   0.114797   0.926706   0.193941
0.680890   0.224825   0.740063   0.137422   0.183436   0.055249   0.013731   0.197867
0.136219   0.039523   0.617674   0.960002   0.115073   0.961925   0.155882   0.940548
0.026362   0.170565   0.654681   0.786875   0.151973   0.946425   0.153406   0.945888
0.462367   0.649202   0.809100   0.473077   0.128447   0.125168   0.951645   0.144442
0.945631   0.791088   0.570612   0.234876   0.970394   0.089111   0.953273   0.071852
0.101919   0.079680   0.099174   0.892626   0.195214   0.921777   0.154213   0.960228
0.764751   0.272749   0.457671   0.850241   0.188220   0.992746   0.967092   0.149772
0.836939   0.263202   0.662108   0.245197   0.110413   0.997653   0.933419   0.179031
0.126985   0.743803   0.306553   0.487255   0.946361   0.129195   0.965737   0.102544
0.904235   0.860588   0.921252   0.537412   0.965943   0.093293   0.983606   0.094991
0.872875   0.080360   0.419328   0.734732   0.184455   0.993155   0.909426   0.127572
0.730795   0.630474   0.645428   0.844608   0.993411   0.126662   0.131834   0.918917
0.772929   0.043159   0.101803   0.321945   0.190693   0.934486   0.918888   0.146372
0.215494   0.175013   0.268195   0.153280   0.116575   0.938520   0.162402   0.900157
0.493518   0.397284   0.601491   0.886791   0.115674   0.133065   0.916681   0.186997
0.218604   0.636946   0.577932   0.701121   0.903079   0.143947   0.942159   0.169636
0.273610   0.381299   0.836725   0.171096   0.162738   0.966664   0.107142   0.973164
0.300428   0.680955   0.496798   0.501872   0.991473   0.122517   0.972781   0.142332
0.180580   0.635773   0.634105   0.635118   0.997388   0.183284   0.966470   0.151684
0.170344   0.789914   0.857264   0.779820   0.986254   0.129128   0.971456   0.125137
0.502659   0.061125   0.906778   0.504602   0.963511   0.141736   0.166647   0.107329
0.294569   0.940389   0.498016   0.110153   0.955855   0.119238   0.918305   0.128085
0.442232   0.284251   0.105474   0.336323   0.918365   0.173363   0.901904   0.164123
0.840563   0.578694   0.596556   0.483382   0.187009   0.993119   0.938765   0.108144
0.512500   0.257705   0.070687   0.619325   0.098879   0.188599   0.977255   0.199660
0.962631   0.378048   0.096053   0.644739   0.976361   0.085108   0.974942   0.068736
0.518289   0.083475   0.658400   0.547255   0.908505   0.106847   0.171230   0.188272
0.263221   0.522448   0.570390   0.519539   0.929350   0.115511   0.938259   0.155349
0.872229   0.291171   0.451857   0.558620   0.167329   0.932754   0.909084   0.127874
0.171822   0.486869   0.674493   0.903428   0.915671   0.173754   0.911233   0.147241
0.532199   0.263988   0.686030   0.514486   0.974006   0.192142   0.087268   0.114385
0.470111   0.696397   0.613794   0.170043   0.105579   0.104666   0.985422   0.146961
0.611166   0.920349   0.706315   0.127411   0.078043   0.928181   0.157417   0.904878
0.965219   0.186134   0.363157   0.673340   0.936265   0.038133   0.970553   0.056650
0.143344   0.145071   0.583639   0.229745   0.161399   0.998022   0.122029   0.946566
0.344598   0.510277   0.145101   0.451935   0.974667   0.151796   0.964767   0.117879
0.111124   0.611916   0.157959   0.716769   0.907238   0.116654   0.974865   0.168911
0.325914   0.825736   0.102554   0.410005   0.125362   0.902494   0.997825   0.148239
0.764335   0.194591   0.305318   0.246557   0.185662   0.926010   0.953646   0.117715
0.863113   0.895975   0.390253   0.125191   0.935546   0.103854   0.108492   0.951015
0.531628   0.590061   0.741659   0.116290   0.144043   0.121859   0.957761   0.145448
0.412501   0.663141   0.342678   0.792589   0.180613   0.185990   0.975880   0.127400
0.041024   0.666344   0.434057   0.879191   0.114039   0.914322   0.137929   0.996011
0.869684   0.210356   0.419452   0.154320   0.185889   0.915276   0.914262   0.109741
0.507131   0.244605   0.572321   0.420210   0.049611   0.141210   0.995586   0.170293
0.436245   0.968697   0.716325   0.848099   0.138220   0.906908   0.139943   0.126935
0.479692   0.706025   0.047114   0.056946   0.143664   0.978437   0.947204   0.130534
0.422734   0.282025   0.741967   0.633105   0.902960   0.144755   0.085853   0.142885
0.347963   0.173169   0.133942   0.104765   0.072830   0.191055   0.962810   0.118517
0.299488   0.733482   0.324607   0.703953   0.925154   0.106019   0.931692   0.121999
0.101207   0.187297   0.098111   0.241662   0.171438   0.951652   0.154622   0.996232
0.589900   0.396611   0.447987   0.689228   0.144055   0.146341   0.950387   0.149497
0.904304   0.730722   0.919214   0.393409   0.905101   0.007287   0.927661   0.089522
0.848454   0.561656   0.687143   0.451463   0.122591   0.998199   0.905182   0.153327
0.537162   0.925251   0.747870   0.911407   0.177046   0.950266   0.180150   0.175864
0.450405   0.335481   0.651416   0.490575   0.198540   0.164846   0.980812   0.120182
0.890521   0.127065   0.729800   0.044100   0.182793   0.961842   0.904754   0.105422
0.556316   0.520954   0.279732   0.197717   0.160706   0.131600   0.900277   0.103362
0.633663   0.365852   0.452559   0.762389   0.174249   0.960407   0.911698   0.169351
0.706505   0.508187   0.418455   0.443485   0.115983   0.990549   0.946720   0.179935
0.365592   0.436317   0.386076   0.614053   0.977760   0.180998   0.940673   0.100693
0.911145   0.372945   0.796241   0.700042   0.905429   0.019256   0.968526   0.010669
0.553033   0.481633   0.857959   0.851161   0.105032   0.123638   0.906342   0.139673
0.718007   0.268613   0.634834   0.808403   0.108355   0.938751   0.971286   0.129976
0.340867   0.482232   0.165020   0.459942   0.919084   0.165190   0.913437   0.169436
0.113808   0.912370   0.924223   0.290230   0.924632   0.194651   0.976670   0.105691
0.908639   0.651090   0.694920   0.322178   0.998888   0.081523   0.902586   0.019252
0.667835   0.439776   0.870271   0.258159   0.102229   0.919164   0.055897   0.199469
0.280042   0.939809   0.898510   0.686767   0.911829   0.196956   0.919782   0.156555
0.894065   0.280809   0.189490   0.924125   0.178164   0.987960   0.947795   0.125043
0.303205   0.662322   0.847122   0.574127   0.933207   0.156862   0.053790   0.158876
0.476482   0.393863   0.733532   0.720614   0.119728   0.166859   0.949159   0.133774
0.517109   0.562955   0.753827   0.142540   0.190059   0.154376   0.975627   0.157916
0.715219   0.969134   0.771763   0.757066   0.988018   0.179906   0.150340   0.966646
0.074481   0.617607   0.617510   0.808552   0.105630   0.915582   0.144330   0.985195
0.869332   0.160125   0.542448   0.205417   0.144581   0.920788   0.973885   0.120733
0.583055   0.863375   0.458131   0.410903   0.196877   0.969443   0.966508   0.147674
0.559462   0.686091   0.364508   0.259390   0.108592   0.171436   0.945497   0.181207
0.437043   0.182176   0.185357   0.110125   0.958313   0.144588   0.922341   0.114592
0.072168   0.518312   0.411912   0.436797   0.129511   0.994141   0.155888   0.925000
0.291292   0.307154   0.127129   0.602846   0.102469   0.992023   0.166727   0.902731
0.207460   0.760185   0.542694   0.700959   0.906986   0.127105   0.983276   0.140630
0.545231   0.345916   0.516078   0.927251   0.108276   0.103626   0.995344   0.115493
0.850763   0.648548   0.770077   0.298520   0.984859   0.162575   0.199171   0.987485
0.807575   0.130064   0.485291   0.445736   0.114733   0.927257   0.964682   0.189552
0.814436   0.737781   0.476905   0.079141   0.969210   0.176949   0.175596   0.903316
0.509744   0.694424   0.097417   0.871212   0.118550   0.173393   0.980276   0.199903
0.095155   0.490611   0.263606   0.381684   0.104713   0.939956   0.124182   0.926803
0.278848   0.628375   0.284681   0.662579   0.927572   0.176243   0.982924   0.146492
0.525237   0.541298   0.891818   0.242012   0.111265   0.100053   0.920276   0.163884
0.448829   0.348364   0.422228   0.887149   0.125991   0.146076   0.977055   0.130318
0.345908   0.938762   0.301511   0.121261   0.927898   0.158293   0.140772   0.924275
0.407882   0.642405   0.309836   0.426491   0.116595   0.159404   0.981117   0.199308
0.344553   0.291593   0.797772   0.808453   0.075549   0.122634   0.015491   0.106144
0.740563   0.469520   0.988292   0.200764   0.104549   0.927461   0.990212   0.104812
0.065000   0.516611   0.194741   0.867619   0.188883   0.939382   0.197120   0.950996
0.259619   0.311885   0.957357   0.216676   0.167097   0.976787   0.135736   0.922651
0.121068   0.299014   0.439749   0.294358   0.161980   0.994468   0.118458   0.909433
0.132899   0.911405   0.854494   0.969424   0.986884   0.164604   0.900148   0.164036
0.607594   0.959993   0.089635   0.843604   0.073098   0.940758   0.100840   0.937291
0.740441   0.855962   0.800054   0.926641   0.949233   0.141382   0.189215   0.995893
0.614179   0.485799   0.104567   0.509895   0.180193   0.956404   0.926312   0.162771
0.627686   0.064070   0.620906   0.878640   0.969060   0.140173   0.155564   0.938616
0.145903   0.733397   0.173936   0.841689   0.989045   0.168601   0.900711   0.154024
0.387968   0.202678   0.771192   0.920091   0.006589   0.177734   0.033298   0.142739
0.163867   0.248472   0.469478   0.231983   0.176020   0.962248   0.152468   0.977565
